############## TRAIN LOSS ############## 
[0.17765392106328462, 0.09827665005483337, 0.04960267279750189, 0.04039007011247245, 0.04588077643986892, 0.05427882568029737, 0.037873406963724945, 0.025711567921412957, 0.04586869478225708, 0.03542445284138258, 0.04863085423445178, 0.03607379266287427, 0.022899096208700054, 0.02713992354787282, 0.030369867092451534, 0.02726634597481304, 0.023896167583360866, 0.021348270008692872, 0.019607449478998378]
############## VALIDATION LOSS ############## 
[0.2996320014490801, 0.06833781126667471, 0.0735321259673904, 0.04226948512608514, 0.06539570846978356, 0.0418106880148544, 0.04299957781810971, 0.05604237339952413, 0.03958348886055105, 0.04443304695408134, 0.03699511985349305, 0.039246278376702, 0.023155731121625972, 0.022332170211216983, 0.03842878352631541, 0.0259516853839159, 0.032274606692440366, 0.03911119524170371, 0.022704585674492753]
############## TEST LOSS ############## 
0.03219084389733546
############## TRAIN MEAN_IOU ############## 
[0.4670834207051509, 0.49737376276705714, 0.5693807138784511, 0.6345283083013586, 0.6758805972498816, 0.6987584495061153, 0.7191147304869987, 0.7403434293495642, 0.7518690594950238, 0.7607201398224444, 0.7678932269682756, 0.7745904564052015, 0.7837331319177473, 0.7916336764354963, 0.7976856771353129, 0.803318468702806, 0.8094894865880141, 0.8152504676097149, 0.8201289176940918]
############## VALIDATION MEAN_IOU ############## 
[0.47913135851130767, 0.5270044488065383, 0.6080178688554203, 0.660040886963115, 0.691674085224376, 0.7106296244789573, 0.7303365258609548, 0.749187567654778, 0.7567459835725672, 0.7668152416453642, 0.7721731312134686, 0.7791479194865507, 0.7882559299468994, 0.7953185719602248, 0.8009992276920992, 0.8067817021818722, 0.8125003365909352, 0.8177861150573281, 0.8226570627268623]
############## TEST MEAN_IOU ############## 
0.8244443409370653
