############## TRAIN LOSS ############## 
[0.1763775157364639, 0.08532443916978869, 0.04432281236340468, 0.040478724570995245, 0.03316956874914467, 0.04830666353951234, 0.028813329166606873, 0.030880908450313115, 0.0466416782032497, 0.02612512862007763, 0.02785728024822232, 0.022476353950018214, 0.02162758198352782, 0.027705544247166126, 0.02088915986462018, 0.03410937691837348]
############## VALIDATION LOSS ############## 
[0.20717671601211324, 0.07103653821875067, 0.07177130899885122, 0.031637301065904254, 0.059028196093790675, 0.044326610534506684, 0.05055792476324474, 0.028808179174495095, 0.07942346089026507, 0.059110863572534394, 0.025631443433025303, 0.05834184614393641, 0.029280319371644187, 0.030682279344867256, 0.08367580624625963, 0.0291272108169163]
############## TEST LOSS ############## 
0.036399697376923126
############## TRAIN MEAN_IOU ############## 
[0.4672760542582821, 0.5076593561349688, 0.5892794720224432, 0.6535408468665304, 0.6973355251389581, 0.7207399542267258, 0.7413908299562093, 0.7588345774927655, 0.7692499422543758, 0.7791896571178694, 0.7887223664973233, 0.7982315509705931, 0.8060549711053436, 0.8120150884261003, 0.8183045407404771, 0.8209878935201748]
############## VALIDATION MEAN_IOU ############## 
[0.4809824298409855, 0.5495440083391526, 0.6284714341163635, 0.67735795063131, 0.7131437483955833, 0.731639259001788, 0.7512231399031246, 0.766700755147373, 0.7736046629793504, 0.7844758524614222, 0.7936039006008822, 0.8023170723634607, 0.809694742455202, 0.8152342929559595, 0.8207898736000061, 0.8235219541717979]
############## TEST MEAN_IOU ############## 
0.8246579769885901
