############## TRAIN LOSS ############## 
[0.18476015857949452, 0.10965353386426294, 0.05908044277866547, 0.041737614702936764, 0.03539022335757476, 0.03266864930078186, 0.028062263478499813, 0.04448120155044504, 0.045175189039091, 0.045246528348306544, 0.02467693158777783, 0.0225997868723966, 0.02128512504812632, 0.028172273075560462, 0.023930604179465288, 0.024355293402599322, 0.020363595978533093, 0.03133685357642133]
############## VALIDATION LOSS ############## 
[0.15453936203437693, 0.13203078245415406, 0.1035007981254774, 0.06736334216068773, 0.1731431567493607, 0.13189321844016805, 0.13435867428779602, 0.0385826036114903, 0.11791683821117177, 0.034390513018211895, 0.03222175364327781, 0.024970915661576915, 0.019869911703555024, 0.03481814593953245, 0.022986266981152928, 0.02538742557825411, 0.022660986054688692, 0.020923761103083107]
############## TEST LOSS ############## 
0.026374255910967336
############## TRAIN MEAN_IOU ############## 
[0.46645399404538646, 0.4833329984465161, 0.5363433401326876, 0.6030868738889694, 0.6569542490147255, 0.6882247316676218, 0.7107725465619886, 0.7263005528901074, 0.7403329836355673, 0.7487024495730529, 0.7612271598867468, 0.773043314347396, 0.7830895137142491, 0.7910208118122977, 0.7975984272119161, 0.8037412512946773, 0.8101175959045822, 0.8147287324473664]
############## VALIDATION MEAN_IOU ############## 
[0.47631128921228294, 0.5010835107635049, 0.5741602673250086, 0.6329672161270591, 0.67380830820869, 0.7004005383042728, 0.7222904247396132, 0.7353871780283311, 0.7458551736438975, 0.7546582782969755, 0.7673044029404136, 0.7782400986727547, 0.7877917044302997, 0.794159801567302, 0.8008600298096152, 0.8070721205543069, 0.8131493820863611, 0.8170645552522996]
############## TEST MEAN_IOU ############## 
0.8190030419465267
