############## TRAIN LOSS ############## 
[0.18720373168990417, 0.11546682183806961, 0.06024193055172627, 0.04298636192657255, 0.03437766009262083, 0.052282617012089166, 0.046571714558160386, 0.027152651033641118, 0.05421944194146105, 0.033317750269496765, 0.025087987802721357, 0.042019842947657045, 0.024903993984382297, 0.02390919581080812, 0.03175255741823364, 0.021077315643983515, 0.021604937221225654, 0.020150763756671065]
############## VALIDATION LOSS ############## 
[0.16660589242682738, 0.12715011133867152, 0.09907047801158007, 0.08599272819564623, 0.05684071472462486, 0.1768508246716331, 0.044481382869622284, 0.023272721918628496, 0.053630565786186385, 0.06486254864755799, 0.030525527894496918, 0.08293060016106157, 0.01946925311623251, 0.04423447440871421, 0.02832653559744358, 0.024469941361423803, 0.02071082657750915, 0.023918733165106353]
############## TEST LOSS ############## 
0.025945255250641792
############## TRAIN MEAN_IOU ############## 
[0.4665892766536893, 0.4824613407254219, 0.5364938382361386, 0.6040159206132631, 0.6509414274950285, 0.6785047114700884, 0.6972630930107993, 0.7200685348865148, 0.7332005041676599, 0.7434390642353006, 0.7563477086054312, 0.7645383831616994, 0.7730197419185896, 0.7819805668817984, 0.7883426957839245, 0.7956884648348834, 0.8025587712590759, 0.8089236407666593]
############## VALIDATION MEAN_IOU ############## 
[0.47575073557741504, 0.5025120973587036, 0.5758411884307861, 0.6294522951630985, 0.6705474502900067, 0.6915540870498208, 0.7089712935335496, 0.7304657206815832, 0.7380790184525883, 0.7501388297361486, 0.7623292698579676, 0.7686263287768644, 0.7777888529440936, 0.7858629156561459, 0.7919492861803841, 0.7994636437472176, 0.8058218605378095, 0.8117848143858069]
############## TEST MEAN_IOU ############## 
0.8133456324086045
