############## TRAIN LOSS ############## 
[0.179485878076505, 0.10056518926914479, 0.050124289052611265, 0.06388668095491626, 0.04359697714145925, 0.030902156474169443, 0.03761032088407995, 0.04698134835406735, 0.04111521044192282, 0.030296919433198666, 0.028896939758261717, 0.022593593385347444, 0.03752546637268687, 0.021548485584758425, 0.03223272125438057, 0.033818723205980415, 0.023197214339381537, 0.02138264220195344, 0.018675973188962688, 0.03842145202656251, 0.030400990782230086, 0.020087335035330743, 0.01834600272500334]
############## VALIDATION LOSS ############## 
[0.41159795487628265, 0.14140083947602441, 0.05710993060732589, 0.05471141954116961, 0.052011067924254084, 0.07925489479128052, 0.05139394553706927, 0.032093688078662926, 0.04536291222800227, 0.06281501821735326, 0.02585240869837649, 0.07499400460544754, 0.02394113755401443, 0.038816436659544706, 0.021214678500066784, 0.023707371889887488, 0.021296015557120827, 0.01896269600290586, 0.02509900678277892, 0.02590699335012366, 0.022822890321121496, 0.026701525785028934, 0.02295813643757035]
############## TEST LOSS ############## 
0.024754296254479523
############## TRAIN MEAN_IOU ############## 
[0.4670977773698601, 0.5029025730249044, 0.5674051114836255, 0.6124076440527633, 0.6527994387858623, 0.6865752448101301, 0.708018679071117, 0.7232423340146606, 0.7370159960276371, 0.7503957611483496, 0.7628412391688373, 0.7743232056901261, 0.7817269144831477, 0.7889995276927948, 0.7948892511226036, 0.7999222471907332, 0.8059781072912989, 0.8116022420896066, 0.8169800107543533, 0.8199225555400591, 0.8224899015716605, 0.8263412037411252, 0.8302361187902657]
############## VALIDATION MEAN_IOU ############## 
[0.48537657190771666, 0.5274131613619187, 0.6029989509021535, 0.6338993416113012, 0.6700892693856183, 0.6996644980767194, 0.719313754754908, 0.7317900587530697, 0.7443879246711731, 0.7573785676675684, 0.7687374107977923, 0.7792632264249465, 0.7850168838220484, 0.7929822451928082, 0.7981846367611605, 0.8030188188833349, 0.8087924578610588, 0.8143332249978009, 0.8195872797685511, 0.8217379310551811, 0.8242880982511184, 0.828260179828195, 0.832129650256213]
############## TEST MEAN_IOU ############## 
0.8334873842470574
