############## TRAIN LOSS ############## 
[0.17566048102201642, 0.08618084528810672, 0.043568591197096815, 0.07027052638649538, 0.05095969354482116, 0.044344400842296516, 0.03822782526195452, 0.02618396986980696, 0.057393254561198724, 0.032063330102057475, 0.026000605946457065, 0.023865412914420705, 0.04563638846062728, 0.023974023287411075, 0.03882446060762615, 0.026863340621914814, 0.04176276133748124, 0.03788784277197477]
############## VALIDATION LOSS ############## 
[0.4398841735194711, 0.08653617606443517, 0.12750706996987848, 0.0491641764255131, 0.05202194856589332, 0.060183605617460084, 0.060917425243293535, 0.026179225485333624, 0.064868944532731, 0.052613027503385264, 0.03553689249298152, 0.09724418249200373, 0.022284638739245778, 0.03630654031739516, 0.02792842746438349, 0.023958678466870505, 0.02522381504668909, 0.028957158491453704]
############## TEST LOSS ############## 
0.03021828637204387
############## TRAIN MEAN_IOU ############## 
[0.46683990733849035, 0.5119859586293632, 0.5903839891826784, 0.6285196140005782, 0.6586011913982598, 0.6836498713976628, 0.7041253250192951, 0.7260393802378629, 0.7377975981783222, 0.7484559602028614, 0.7598838874617139, 0.7706178789203232, 0.7758181832126669, 0.7835571085279053, 0.7885063246295259, 0.7943670878539214, 0.798072100088403, 0.8002523957072077]
############## VALIDATION MEAN_IOU ############## 
[0.4852744796696831, 0.5515730941996855, 0.6249261253020343, 0.6456374035162085, 0.6740970225895152, 0.6961149082464331, 0.7154794440549963, 0.7359096057274762, 0.7420711727703319, 0.7538512594559613, 0.7653562531751745, 0.7751494365579942, 0.7795427932458765, 0.7872396917904124, 0.7915719081373775, 0.7975710244739757, 0.8004075008280137, 0.8025040346033433]
############## TEST MEAN_IOU ############## 
0.8041011839201956
