############## TRAIN LOSS ############## 
[0.19948061918084686, 0.11673545130100604, 0.07612973240178984, 0.048050549258855546, 0.05204360609924471, 0.03789511352550943, 0.057906029613789274, 0.027082624637546973, 0.06830761949783443, 0.029928652122868476, 0.02732906084054628, 0.04064993541750654, 0.022904289578012115, 0.03472648252657539, 0.04375317992290129, 0.023610386619898113, 0.025258714377225655, 0.03560381624344233, 0.020587773959001375, 0.027640345802127913, 0.02737026078928564, 0.03048583062214626, 0.0276831493908036, 0.025697223883046693, 0.019144863258367655, 0.023743143113254494, 0.020310705159539106, 0.04071438646359319, 0.025366450597003504, 0.034195054133699554, 0.022070280477605963, 0.02979911462957593, 0.027464540593477117, 0.026378867625435058, 0.026965119844503904, 0.030313964725497203, 0.027387973798967496, 0.025573770701255952, 0.01722226756612292, 0.01723606584946046, 0.03379754293584139, 0.043077375403152325, 0.02961545838735293, 0.02042090566828847, 0.02793413884245564]
############## VALIDATION LOSS ############## 
[0.16113184173317516, 0.19693728799329085, 0.10423525466638453, 0.11274032601538826, 0.060116723508519286, 0.06149563861682134, 0.04277389765004901, 0.028600325698361677, 0.10916039172340841, 0.09049889949314735, 0.038381671861690635, 0.07087028147104908, 0.02345547726487412, 0.03176045625963632, 0.03036378400728983, 0.022703797666027266, 0.03729790736756781, 0.027494882178657195, 0.026433052988175082, 0.02264648273258525, 0.035939602838719595, 0.031044010018162867, 0.024679223760305083, 0.01917908518739483, 0.0215657054556205, 0.030769347158424994, 0.01859355764463544, 0.022562347735990498, 0.01958269239677226, 0.0200190418125952, 0.02742182625019375, 0.01852167079992154, 0.018599408158265492, 0.0212240848580704, 0.018146027399993995, 0.018457992878906867, 0.01858542686985696, 0.016075785463566288, 0.01884910716291736, 0.01574432595139917, 0.02116380673011436, 0.020176451790201312, 0.018739745678270563, 0.028766077450093103, 0.017719831618973437]
############## TEST LOSS ############## 
0.02743709214934797
############## TRAIN MEAN_IOU ############## 
[0.466181466104211, 0.4767631376917298, 0.5119487304945249, 0.5788673045667442, 0.629829806653229, 0.6612936987264736, 0.679628914675197, 0.7040866218708657, 0.714445938935151, 0.7238448117230389, 0.7380200141185039, 0.7467948584943205, 0.7569978805007161, 0.7658730938627913, 0.7718633425396841, 0.7789071041184503, 0.7862803690336846, 0.7917868531233555, 0.7975211469708262, 0.8028161263949162, 0.8077219458850654, 0.8108859158851005, 0.8143552791427922, 0.8181019957001144, 0.8220337834712621, 0.8255764145303417, 0.8290619483670673, 0.8302324088038625, 0.8320025547936156, 0.8333971524560774, 0.8357361341650421, 0.8374531756381731, 0.8393466883414501, 0.841428527155438, 0.8432604444993509, 0.8449927455670124, 0.8464128858334309, 0.8479826611441534, 0.8499625474214554, 0.8518215538682165, 0.8529510663167851, 0.8530332152102444, 0.853188931136518, 0.8544100059850795, 0.8549862512060113]
############## VALIDATION MEAN_IOU ############## 
[0.47420430183410645, 0.49059538455570445, 0.5487275439150193, 0.6094349201987771, 0.644497275352478, 0.6762700396425584, 0.6918111022780923, 0.7154472715714398, 0.7174592298619887, 0.7311839110711041, 0.7440385783419889, 0.7518044675097746, 0.7625656618791468, 0.7701363247983596, 0.774965458056506, 0.7829847230630762, 0.7898444954086753, 0.7945670625742745, 0.8005867495256311, 0.8054230984519509, 0.8094131350517273, 0.8128502018311444, 0.8164402141290552, 0.8200765567667344, 0.8239637753542732, 0.8273513527477488, 0.8305266920258018, 0.8313185923239764, 0.8334310335271499, 0.8345627223744112, 0.8370549538556267, 0.8386967743144316, 0.8405753268915064, 0.8426083151031943, 0.8443718762958751, 0.8458072437959558, 0.8472948389894822, 0.8489451127893785, 0.8509206526419696, 0.8527627376949086, 0.8535958493457121, 0.8531059692887699, 0.8537750629817739, 0.8550598060383516, 0.8555981166222516]
############## TEST MEAN_IOU ############## 
0.8559987678672328
