############## TRAIN LOSS ############## 
[0.17705833443717375, 0.09734945107452772, 0.04678599958031161, 0.05641607910621207, 0.03436910593252931, 0.04708558229754704, 0.02912786098927058, 0.024558374595299765, 0.026402282364968513, 0.030352617186066265, 0.0296479647828115, 0.03286566073704209, 0.02584179792225965, 0.028771208460769943, 0.028096203578988444, 0.022253478534293134, 0.020978386362863553, 0.038427870991211886, 0.01915860584798596, 0.03690281811145109, 0.03238958699590955, 0.03859124422023023, 0.031392987200839294, 0.03171892556034633]
############## VALIDATION LOSS ############## 
[0.1971501225934309, 0.11412856377222959, 0.056166422498576785, 0.057776112218990046, 0.06272788203376181, 0.03607372249312261, 0.052551484392846334, 0.022448971977128702, 0.050270222237004954, 0.05273657653699903, 0.02476898120606647, 0.08234509606571759, 0.02237477246671915, 0.027469439842902562, 0.0225271072019549, 0.021150156636448467, 0.026478531332138705, 0.02108512684593306, 0.018915959086050007, 0.019248696454965016, 0.037187429802382696, 0.025600208900868893, 0.0204047517686644, 0.019806664984892395]
############## TEST LOSS ############## 
0.025003065603474775
############## TRAIN MEAN_IOU ############## 
[0.46729628540374135, 0.49461941199528203, 0.5744674878345953, 0.6337481479387026, 0.6755566218414822, 0.7022590572769577, 0.7245170486134451, 0.7453580692007735, 0.7621814809940957, 0.7737813048266076, 0.7842544744143615, 0.7919388731589189, 0.7995436284187678, 0.8052912084637461, 0.8107966204752793, 0.8170063507718008, 0.8226641601807362, 0.8256774713864198, 0.8294781909601109, 0.8323900043158918, 0.8343462553378698, 0.8349866037433212, 0.8364095651620144, 0.8377477446117917]
############## VALIDATION MEAN_IOU ############## 
[0.47917450876796946, 0.5284475649104399, 0.6152977137004628, 0.6553699514445137, 0.6933426050578847, 0.7138763911583844, 0.7354847683626062, 0.7545902623849756, 0.7690608922172996, 0.7796842000063728, 0.7889124225167667, 0.7960712524021373, 0.8028610033147475, 0.8086220692185795, 0.8140860585605397, 0.8199970722198486, 0.8253252471194548, 0.8272886732045341, 0.8318337938364815, 0.8340034484863281, 0.8355426928576302, 0.8360708671457627, 0.8377660758355084, 0.8390272960943335]
############## TEST MEAN_IOU ############## 
0.8400500619050228
