############## TRAIN LOSS ############## 
[0.1852268331961052, 0.10770417206190727, 0.09079129266477115, 0.05872747129005556, 0.05298999965669134, 0.04221245176410554, 0.04118821086563371, 0.0263883188253621, 0.040961578500935354, 0.027570556805192215, 0.02640224131755531, 0.047409254340203225, 0.02999864355660975, 0.03023379371577018, 0.028380018665228744, 0.025313482808603627, 0.03845146884890022, 0.032190183492226375]
############## VALIDATION LOSS ############## 
[0.1526499364305945, 0.2280810782138039, 0.0892832239761072, 0.060067168601295524, 0.06351486067561542, 0.061173606554374975, 0.051499454085441196, 0.05665379077853525, 0.07695797041935079, 0.05713603492168819, 0.03168357278713409, 0.04579037099200137, 0.02146572290974505, 0.03808702583260396, 0.03133452228982659, 0.02771992828039562, 0.023354875745580476, 0.02521668319754741]
############## TEST LOSS ############## 
0.028950525684790177
############## TRAIN MEAN_IOU ############## 
[0.4669642065827911, 0.4848096493530918, 0.5172808879130596, 0.5679926062757904, 0.6155670808779227, 0.6501129454857594, 0.677622480166925, 0.7038876365970921, 0.7222554232623126, 0.7366030788099444, 0.7506855661804611, 0.7585908146323385, 0.7675382418406976, 0.7761834553770117, 0.7840172350406647, 0.790880430389095, 0.7959416017339036, 0.8007149362080807]
############## VALIDATION MEAN_IOU ############## 
[0.4768867755637449, 0.5033105752047371, 0.5460258476874408, 0.5961480982163373, 0.6350234396317426, 0.6667830768753501, 0.691124207833234, 0.7150284051895142, 0.7291346753344816, 0.7439967148444232, 0.7571908656288596, 0.7631706349989947, 0.7725703751339632, 0.7805134198244881, 0.7876667871194727, 0.7947117966764113, 0.7988930169273826, 0.8034679153386284]
############## TEST MEAN_IOU ############## 
0.8054653915491972
