############## TRAIN LOSS ############## 
[0.19984329748596694, 0.1319534242958636, 0.09117685447170122, 0.05369132600498159, 0.04503343557636883, 0.04591084066526713, 0.03982665494864655, 0.045027510483270965, 0.037369933747057174, 0.028841505424950172, 0.06051287934108562, 0.02526294956663372, 0.028577899509990536, 0.02165132006504447, 0.036756585987687516, 0.022371779586112982, 0.021062036353238934, 0.037302740050379084, 0.02963094032570921]
############## VALIDATION LOSS ############## 
[0.25077586051295786, 0.22018329185598037, 0.1271250751965186, 0.15883864111760082, 0.1569956948651987, 0.10031428352436599, 0.19760511245797663, 0.062221407178131974, 0.0961573584114804, 0.04655439527157475, 0.03693162973093636, 0.07949451269472346, 0.02881426172440543, 0.02545786213458461, 0.06057621702990111, 0.03983656941529583, 0.03551147500162616, 0.08942650992642431, 0.07628488770740874]
############## TEST LOSS ############## 
0.06056870962634231
############## TRAIN MEAN_IOU ############## 
[0.4662862732201009, 0.4755771417875548, 0.4938736076693277, 0.5522749854906185, 0.6026819799397443, 0.6347761218612259, 0.6619403519340463, 0.6820347949459746, 0.7009005739882186, 0.7182034918585339, 0.7272409196640994, 0.7375451580092713, 0.7482974231243134, 0.7588214044635361, 0.7666717151532302, 0.7745943367481232, 0.782486118174888, 0.7877893774090586, 0.7913835894417118]
############## VALIDATION MEAN_IOU ############## 
[0.4742609192343319, 0.47858595672775717, 0.5228896982529584, 0.5794217831948224, 0.6211330259547514, 0.6511465030557969, 0.67536141241298, 0.6929830032236436, 0.7097280305974624, 0.7261967553811914, 0.7314053879064673, 0.7434319047366872, 0.7538213940227733, 0.7639129722819609, 0.770699613234576, 0.7787468082764569, 0.7861550730817458, 0.7900194806211135, 0.7939883680904612]
############## TEST MEAN_IOU ############## 
0.7935546470410896
