############## TRAIN LOSS ############## 
[0.1980962898783587, 0.11952758942906921, 0.09902517444680671, 0.05485191290594033, 0.03797169910064219, 0.03203910215430566, 0.05073726551632422, 0.036219721232113, 0.030441729754612252, 0.03388923765285998, 0.028886119042195985, 0.0385340167952047, 0.03230625341923253, 0.03617662485890292, 0.03346447245142347, 0.03161358171948106, 0.035660982572448416, 0.0222262341302593, 0.030729863157093123, 0.023587778647984, 0.03005450836861053, 0.019719681627041585, 0.022328568826983305, 0.0200756637291429, 0.018519583771735227, 0.017932710401411797, 0.02567011026061467, 0.018864352303255047, 0.03183283449805065, 0.026699873345048242, 0.02666920582713509, 0.021162711675404698, 0.0226985952200217]
############## VALIDATION LOSS ############## 
[0.15437989243689706, 0.23352392806726344, 0.2992089232977699, 0.05781172730905168, 0.11839547402718488, 0.1379560582778033, 0.06720360368490219, 0.049346347887288124, 0.06218771439264802, 0.08756826511200737, 0.030579811674268806, 0.1345050418201615, 0.02770503402194556, 0.08198954537510872, 0.06734347453012186, 0.02535619493573904, 0.048309659968842476, 0.030810542678570047, 0.04032730196109589, 0.022236084428561086, 0.032297099474817514, 0.027798612711622435, 0.024100174552158397, 0.01909563200110022, 0.02332153300042538, 0.02756529301404953, 0.020470490980455103, 0.017230319680974764, 0.020225183079567027, 0.01978339169941404, 0.018685772138483384, 0.02030359548242653, 0.02235790857059114]
############## TEST LOSS ############## 
0.028227119475151552
############## TRAIN MEAN_IOU ############## 
[0.4670357885392937, 0.4766965027193765, 0.5018992198480142, 0.5440331983405191, 0.600711619129052, 0.6414394966653876, 0.6648844987959475, 0.6892174152103631, 0.7103601098060608, 0.7253560862831168, 0.7395622911485465, 0.7492160644080188, 0.757988495198456, 0.7660657336583009, 0.7725122812631968, 0.779086312732181, 0.7847710855909296, 0.791051153395627, 0.795949600032858, 0.8015940189361572, 0.8058820503789026, 0.8106045404801497, 0.8149341143466331, 0.8191705793142319, 0.8231307896407875, 0.8269739187247044, 0.8300673003132278, 0.8327759911079664, 0.834731190188511, 0.8367873059736716, 0.8391307918606578, 0.8415448935450734, 0.8438925936415389]
############## VALIDATION MEAN_IOU ############## 
[0.4747389397200416, 0.4920564679538502, 0.5190556435024037, 0.574025546803194, 0.6224708346759572, 0.6583591980092666, 0.6780840263647192, 0.7005752710735097, 0.7187739084748661, 0.733043653123519, 0.7458633219494539, 0.7543940929805532, 0.76319661210565, 0.7699604244793162, 0.7764289729735431, 0.7829177975654602, 0.787944586837993, 0.7940942680134493, 0.7989138189484092, 0.8040213339469012, 0.8082603952463936, 0.8128726307083579, 0.8171392118229586, 0.8211519472739276, 0.8250544807490181, 0.8287589129279641, 0.8312022230204414, 0.834266185760498, 0.8360276783213896, 0.8381561321370742, 0.840436644413892, 0.8428592997438767, 0.8450240562943852]
############## TEST MEAN_IOU ############## 
0.8458250739357688
