############## TRAIN LOSS ############## 
[0.20558939859069683, 0.15174654981977231, 0.08814196646012165, 0.05258519848103862, 0.051110343283948464, 0.03665902015652407, 0.03159320535692009, 0.04206354719762866, 0.03178268174540151, 0.03680459588665415, 0.042582857265212645, 0.024213121558942303, 0.023309010169091256, 0.031216924739498143, 0.03657907324943792, 0.023865729510607954, 0.021045265461293025, 0.01990463540927079, 0.025223126295148522, 0.021718047323284317, 0.049832165291583214, 0.04179144349276415, 0.024654437001240818]
############## VALIDATION LOSS ############## 
[0.18040542830439174, 0.1717389949104365, 0.11123956301633049, 0.06650624928228996, 0.047569093677927464, 0.05141580017173991, 0.043841080301824736, 0.031144973602803314, 0.07748058745089699, 0.04912063084981021, 0.045545145759687704, 0.03299532606102088, 0.02224147944327663, 0.03130135022322921, 0.023868773625615763, 0.0285773823476013, 0.029387322555789176, 0.01854013426996329, 0.024028544067679083, 0.0347013602800229, 0.07047118509516996, 0.02485310779336621, 0.03688649493543541]
############## TEST LOSS ############## 
0.03856743039055304
############## TRAIN MEAN_IOU ############## 
[0.46690925613448425, 0.47511313956331563, 0.4953938501106726, 0.5489161679068127, 0.6012421342972163, 0.6407366040590647, 0.6714109770349554, 0.6942925888138849, 0.7155550271272659, 0.7284032509133622, 0.7390640164549286, 0.7506465166807175, 0.7620866383249695, 0.7707854420752138, 0.7778266136710709, 0.7852797500185065, 0.7927463715140884, 0.7995548518122854, 0.8050063562554282, 0.8105656605314564, 0.8128811447201548, 0.8127579221854339, 0.8160478637830632]
############## VALIDATION MEAN_IOU ############## 
[0.4748094537678887, 0.4780714038540335, 0.5212094853906071, 0.5795028174624723, 0.6214866112260258, 0.6572432342697593, 0.6858811869340784, 0.7051868824397817, 0.7231985786381889, 0.7356080728418687, 0.7444291675792021, 0.7566030235851512, 0.7672941088676453, 0.7752094268798828, 0.781588638530058, 0.7892208169488346, 0.7962529063224792, 0.8027290771989262, 0.8079571408383986, 0.8128907049403471, 0.8131521133815541, 0.8142254703185138, 0.8176040333860061]
############## TEST MEAN_IOU ############## 
0.8173755555441885
