############## TRAIN LOSS ############## 
[0.2233260265878729, 0.19530874410191099, 0.18485672449743426, 0.1684776564707627, 0.18690664019133593, 0.16173696135346954, 0.14481709051776576, 0.13653812154724793, 0.12020625375412605, 0.10982996567681029, 0.0930540984546816, 0.08620087409744391, 0.07565018665548917, 0.07235310055516861, 0.061753405610451825, 0.05705033444069527, 0.054598522750107015, 0.05017760547029006, 0.04725139311237915, 0.04402700529710667, 0.038831044189833304, 0.03756855619517532, 0.031899743839292914, 0.03382723018325664, 0.03050275836643335, 0.025059068625843204, 0.02281037360631131, 0.02267891800383458, 0.02091160519803698, 0.01972087407232942, 0.01914617303456809, 0.02225288519686138, 0.018892970213012117, 0.018768920210769046, 0.01732191418272418, 0.016498606853388453, 0.016548497400976515, 0.01577354859359361, 0.01564708158273149, 0.015902992463796527, 0.015657722547247604, 0.014720676567506146, 0.014409167490698196, 0.014834187345931659, 0.014609673815603191, 0.014135995200155554, 0.01377929638869859, 0.03176617204538874, 0.081457828851165, 0.04802514406273494, 0.0404822273129547, 0.03736823434765275, 0.03539230130814217]
############## VALIDATION LOSS ############## 
[0.18760563783785877, 0.19706416918950923, 0.1957677208325442, 0.19578227663741393, 0.1677527962362065, 0.19369291119715748, 0.29523325141738443, 0.3315543725210078, 0.1581220986212001, 0.3434305454001707, 0.3816388337051167, 0.3964291583089268, 0.3241039532072404, 0.19647477567195892, 0.1906401401056963, 0.15451819756451776, 0.1383904275648734, 0.13859485878663905, 0.12555923751171896, 0.11477453787537183, 0.12872688165482352, 0.057839023716309494, 0.0812700934269849, 0.041401813792831754, 0.07785889396772665, 0.07420104391434613, 0.0626354434472673, 0.06065232723074801, 0.07631668163573041, 0.09647566737497554, 0.04612071658758556, 0.06745366116656977, 0.029519687132800326, 0.04014237433233682, 0.05691133724416003, 0.04801753272905069, 0.07159163956256474, 0.031142228776041198, 0.028155799516860175, 0.0689917699817349, 0.0415363338063745, 0.02775218874654349, 0.024600643555031103, 0.04076620059854844, 0.03394881679731257, 0.02812581805183607, 0.03166145327336648, 0.14139937916222742, 0.0586285626187044, 0.0578243708347573, 0.05542600768453935, 0.04309230845640687, 0.04626922922975877]
############## TEST LOSS ############## 
0.052341807294975624
############## TRAIN MEAN_IOU ############## 
[0.45309161978798945, 0.47199127883524505, 0.4722312213601293, 0.4721891211496817, 0.47227477544062846, 0.4722830943159155, 0.47232278134371786, 0.47254167054150553, 0.4736870728634499, 0.47628834360354655, 0.4825136307123545, 0.49115749388127716, 0.5006959381941203, 0.5117270962612049, 0.5228541783384375, 0.5351712590939289, 0.5473598016274942, 0.5592207618661829, 0.5700563514554823, 0.580745639027776, 0.5908562073836455, 0.6007935018152804, 0.6114442187386591, 0.6213767673518207, 0.6304601881955121, 0.6390484877534814, 0.647581081132631, 0.6558326885506913, 0.6636501905080434, 0.6710045128255278, 0.6778249692272496, 0.6845680024172809, 0.6906349997262697, 0.696986660764024, 0.702964602289973, 0.7087299114948994, 0.714145839214325, 0.7192555585423032, 0.7243859381289095, 0.7292239408235293, 0.733633196031725, 0.7379825791797122, 0.7423223224846093, 0.7464532159470223, 0.7503741174130827, 0.754075246888238, 0.7576695374540381, 0.7611112385182768, 0.7599290577141015, 0.7594149708747864, 0.7604059625316311, 0.7616451511511931, 0.7631119441341709]
############## VALIDATION MEAN_IOU ############## 
[0.47182060164563794, 0.4724782407283783, 0.4723100820008446, 0.47229348386035247, 0.4723753753830405, 0.4723472086822285, 0.472486311898512, 0.47273214774973255, 0.47501227259635925, 0.47864338580299826, 0.48658674254136924, 0.4956677818999571, 0.5061744556707495, 0.5170549960697398, 0.52919422528323, 0.5413874773418202, 0.5532653997926151, 0.5647331195719102, 0.5754137389800128, 0.585793228710399, 0.5960023999214172, 0.6059099435806274, 0.61653532000149, 0.6258288762148689, 0.6347868512658512, 0.6434006200117224, 0.6518054920084336, 0.6597579577389885, 0.6673761746462654, 0.6745021904216093, 0.6812776677748736, 0.6875640820054447, 0.6938245506847606, 0.6999521886601168, 0.7058403562096989, 0.7114547000211828, 0.7167173203300027, 0.7218034057056203, 0.7268066336126888, 0.7314326272291296, 0.7357944460476146, 0.7401324089835671, 0.7443839381722843, 0.7483974239405464, 0.7522129381404203, 0.7558611701516544, 0.7594027414041407, 0.7619145302211537, 0.7592349753660315, 0.7597849018433515, 0.7609747227500466, 0.7623488096629872, 0.7638683809953577]
############## TEST MEAN_IOU ############## 
0.7643287568381338
