############## TRAIN LOSS ############## 
[0.22432447083898494, 0.18117644456592766, 0.1612095836852048, 0.12977364820403023, 0.10827924764236889, 0.06368948599776707, 0.052181544134745725, 0.04456367147331302, 0.0461235049910642, 0.034191730356699715, 0.027442114931103344, 0.024248935760477104, 0.022856292465852725, 0.02145051266494635, 0.01974276647072386, 0.01791538325818004, 0.017659757059772272, 0.01729366377096724, 0.016530347560104484]
############## VALIDATION LOSS ############## 
[0.18481207156882568, 0.16568627164644353, 0.4566635927733253, 0.6212314262109644, 0.7193487987798803, 1.0497450407813578, 1.3885615012224983, 0.45192495689672585, 0.14666537809021332, 0.3301958669634426, 0.3285760301000932, 0.4001743670772104, 0.266001573380302, 0.5164585218710058, 0.5956396180040696, 0.6663465464816374, 0.7245441499878379, 0.5423020089373869, 0.9687220419154448]
############## TEST LOSS ############## 
1.0803397915580055
############## TRAIN MEAN_IOU ############## 
[0.4531048077183801, 0.4717058926015287, 0.4720418243794828, 0.4746949213582116, 0.47885583864675985, 0.4955390643429112, 0.5207186421832523, 0.5446917430774586, 0.5684579224199862, 0.5892553055608595, 0.6073686899365606, 0.6239740751885079, 0.6385816448443645, 0.6519763920758221, 0.6627390658533251, 0.6724576370136158, 0.6810432769156791, 0.6889179767789068, 0.6966192303477107]
############## VALIDATION MEAN_IOU ############## 
[0.47182197079939003, 0.47201840141240287, 0.4732121527194977, 0.4766128519002129, 0.48352277454207926, 0.5084287489161772, 0.5340678341248456, 0.5576314049608567, 0.5785723854513729, 0.59888655648512, 0.6162169856183669, 0.6318666444105261, 0.6457402285407571, 0.6579010451541227, 0.6681169061099782, 0.6773038681815652, 0.6854685825460097, 0.6931553027209114, 0.6998660669607275]
############## TEST MEAN_IOU ############## 
0.6849448196815722
