############## TRAIN LOSS ############## 
[0.22373223345021945, 0.20035816124967626, 0.1818931968630971, 0.1761824238944698, 0.16873332495624954, 0.15891384796516314, 0.14230893793943766, 0.11915731591147345, 0.10982828969891006, 0.09916308703454765, 0.08440132056539124, 0.06572281126234983, 0.051772985657727394, 0.042946465665826924, 0.0353136516201335]
############## VALIDATION LOSS ############## 
[0.18219191800145543, 0.1961635798215866, 0.2433035978499581, 0.1779694162747439, 0.16489997681449442, 0.2750946581363678, 0.40741982354837303, 0.4085605915854959, 0.500215479556252, 0.4706529817160438, 0.34293077798450694, 0.24951199223013484, 0.1917816540774177, 0.25357956220121947, 0.520366882576662]
############## TEST LOSS ############## 
0.5755134096651366
############## TRAIN MEAN_IOU ############## 
[0.4531383119724892, 0.4722486114179766, 0.472543883968044, 0.47249004486444834, 0.47240828340117996, 0.4723660212916297, 0.4724394759616336, 0.4735083426978137, 0.47611017968203573, 0.48146049235318156, 0.48861548787838704, 0.5005042166323275, 0.5158652002746994, 0.534139246553988, 0.5508951576980384]
############## VALIDATION MEAN_IOU ############## 
[0.4718383936321034, 0.47285351157188416, 0.47258128138149486, 0.4725478081142201, 0.4724743331179899, 0.472448187715867, 0.47267565832418557, 0.47430477773441987, 0.4782992636456209, 0.4846443043035619, 0.49345505588194905, 0.5076958466978634, 0.524971670964185, 0.5427230456296135, 0.5591050526675057]
############## TEST MEAN_IOU ############## 
0.5529552831794277
