############## TRAIN LOSS ############## 
[0.22351122305199905, 0.18563176933172587, 0.17277581325253924, 0.14454288941782875, 0.12365965001486443, 0.11036239383188454, 0.06907823581147839, 0.048656392439797115, 0.041338688568086236, 0.03424577878133671, 0.0301781863578268, 0.02750367228243802, 0.02476457685131479, 0.021421021454640338, 0.020560562912676786, 0.019052732358309062, 0.018696649553808006, 0.01728261705185916]
############## VALIDATION LOSS ############## 
[0.1824122982866624, 0.17478595148114598, 0.19283716029980602, 0.42742589817327614, 0.6531057182480308, 0.2915422004811904, 0.16971867663018844, 0.12006453249384375, 0.25133878167937784, 0.2370535266749999, 0.17854313990649054, 0.2930419147014618, 0.17914859161657445, 0.28043022751808167, 0.39879540660802054, 0.3718152694842395, 0.310080324902254, 0.2676987227271585]
############## TEST LOSS ############## 
0.33550659449714604
############## TRAIN MEAN_IOU ############## 
[0.4530887023822681, 0.471784728604394, 0.4720663798821939, 0.47253578901290894, 0.47417919297476074, 0.4815817789451496, 0.501314173679094, 0.5288775676005596, 0.557488646056201, 0.5825277260831885, 0.6038467980719902, 0.6232612729072571, 0.6400603426469339, 0.6556124026710922, 0.6690031918319496, 0.6807425585952965, 0.6911815114923425, 0.7011537390786249]
############## VALIDATION MEAN_IOU ############## 
[0.4718212958644418, 0.47210783642881055, 0.4722711426370284, 0.4734381682732526, 0.4770163753453423, 0.48785391625236063, 0.5142972960191614, 0.5440154496361228, 0.5706969043787788, 0.5938307853306041, 0.6141605447320377, 0.632169271216673, 0.6481628067353192, 0.6627552369061638, 0.6752421820864958, 0.6863492131233215, 0.6964352060766781, 0.7060357682845172]
############## TEST MEAN_IOU ############## 
0.7004390868273649
