############## TRAIN LOSS ############## 
[0.2233128873883067, 0.20518522286737287, 0.18607921052623438, 0.17254615071657542, 0.1850331486076922, 0.17824918917707494, 0.15493859854098913, 0.14239647682454135, 0.11953459458576667, 0.11426339681084091, 0.10709801437081518, 0.09054148297857594, 0.07161025964730494, 0.05924500464587598, 0.05002893734018545, 0.04082760929658606]
############## VALIDATION LOSS ############## 
[0.1933924766147838, 0.20204313975923202, 0.18402158249826991, 0.2824903603862314, 0.18648650015101714, 0.16541508103118224, 0.23105719860862284, 0.41999049572383657, 0.3973524342564976, 0.29832976881195516, 0.3794361212674309, 0.5787528402665082, 0.41052622830166535, 0.193515485700439, 0.3182436105083017, 0.38723547493710236]
############## TEST LOSS ############## 
0.33662673830986023
############## TRAIN MEAN_IOU ############## 
[0.45309487065753423, 0.4716798558428481, 0.47182340315870336, 0.4718701581697206, 0.47237322942630666, 0.47253780993255406, 0.4724754521975646, 0.4725591653102153, 0.4735771095430529, 0.4763057320504575, 0.4802986882828377, 0.48704430058195786, 0.49516797629562587, 0.5079123007284628, 0.5225404774820482, 0.5381325354447236]
############## VALIDATION MEAN_IOU ############## 
[0.47182657087550445, 0.4719800773788901, 0.47196579505415526, 0.4720862858435687, 0.4726709741003373, 0.47255151061450734, 0.47261882704846997, 0.4727487038163578, 0.4746944448527168, 0.47818174081690173, 0.48300225243848915, 0.4903704699348001, 0.5011390622924355, 0.5152863719884087, 0.5302977491827572, 0.5460813220809487]
############## TEST MEAN_IOU ############## 
0.5435753020373257
