############## TRAIN LOSS ############## 
[13.849899486412067, 15.049377106331491, 15.049407598134634, 15.049432960716453, 15.049302236453906, 15.049388479542088, 15.049358264819995, 15.049264785405752, 15.049338083009463, 15.04951689694379, 15.04938166850322, 15.049516265456742, 15.049509911923796, 15.049317881867692, 15.04932053669079, 15.049295077452788, 15.04931504017598, 15.049352407455444, 15.049367221626076, 15.049282847224054, 15.049537781122568, 15.04932091042802, 15.049447807105812, 15.049464728381183, 15.049359785543906, 15.049558974601126, 15.049296720607861, 15.049283298286232, 15.049344468761134, 15.04939002604098, 15.0493793229799, 15.049349836401037, 15.049374116433633, 15.049316071175241, 15.049219621194375, 15.049351208918804, 15.049389304341497, 15.049406006529525, 15.049299658955755, 15.049367208738584, 15.04926753688503, 15.049213396536338, 15.049155486596597, 15.049446866318986, 15.04927718961561, 15.049351608431017, 15.049312752646369, 15.049222630423468, 15.04933069203351, 15.049389098141644, 15.04936883256242]
############## VALIDATION LOSS ############## 
[15.01211373946246, 15.01211373946246, 15.01211373946246, 15.01211373946246, 15.01211373946246, 15.01211373946246, 15.01211373946246, 15.01211373946246, 15.01211373946246, 15.01211373946246, 15.01211373946246, 15.01211373946246, 15.01211373946246, 15.01211373946246, 15.01211373946246, 15.01211373946246, 15.01211373946246, 15.01211373946246, 15.01211373946246, 15.01211373946246, 15.01211373946246, 15.01211373946246, 15.01211373946246, 15.01211373946246, 15.01211373946246, 15.01211373946246, 15.01211373946246, 15.01211373946246, 15.01211373946246, 15.01211373946246, 15.01211373946246, 15.01211373946246, 15.01211373946246, 15.01211373946246, 15.01211373946246, 15.01211373946246, 15.01211373946246, 15.01211373946246, 15.01211373946246, 15.01211373946246, 15.01211373946246, 15.01211373946246, 15.01211373946246, 15.01211373946246, 15.01211373946246, 15.01211373946246, 15.01211373946246, 15.01211373946246, 15.01211373946246, 15.01211373946246, 15.01211373946246]
############## TEST LOSS ############## 
15.096130284396084
############## TRAIN JACCARD_INDEX ############## 
[0.05218065856485034, 0.056008293460181324, 0.05600580842659756, 0.056004864863823535, 0.056012529636357375, 0.05600769051905655, 0.05600947835134289, 0.05601521661378729, 0.056010603804972504, 0.05599933808738481, 0.05600808457445552, 0.05599919033233224, 0.05599976867021391, 0.056011994926721924, 0.05601209985612051, 0.05601320101235605, 0.056011963318427574, 0.05600971424083559, 0.05600896484359455, 0.056013956854998374, 0.05599856082386576, 0.05601119178149338, 0.05600373178361062, 0.05600246351832652, 0.05600904133478901, 0.055997018379033904, 0.05601309939151427, 0.05601410933962083, 0.05601038425328901, 0.05600681595092205, 0.05600801799191667, 0.05601017917381011, 0.05600865997897784, 0.05601247198799075, 0.056018140136650206, 0.0560095358953164, 0.05600717822080112, 0.05600640561669904, 0.05601317770831005, 0.05600889378160772, 0.056015208286468936, 0.056018450574531066, 0.05602218061024165, 0.05600383197648664, 0.05601401928968842, 0.05600976138040671, 0.05601202847118121, 0.05601805381555427, 0.056011188373878196, 0.056007463552334866, 0.05600895952219992]
############## VALIDATION JACCARD_INDEX ############## 
[0.05218065856485034, 0.056008293460181324, 0.05600580842659756, 0.056004864863823535, 0.056012529636357375, 0.05600769051905655, 0.05600947835134289, 0.05601521661378729, 0.056010603804972504, 0.05599933808738481, 0.05600808457445552, 0.05599919033233224, 0.05599976867021391, 0.056011994926721924, 0.05601209985612051, 0.05601320101235605, 0.056011963318427574, 0.05600971424083559, 0.05600896484359455, 0.056013956854998374, 0.05599856082386576, 0.05601119178149338, 0.05600373178361062, 0.05600246351832652, 0.05600904133478901, 0.055997018379033904, 0.05601309939151427, 0.05601410933962083, 0.05601038425328901, 0.05600681595092205, 0.05600801799191667, 0.05601017917381011, 0.05600865997897784, 0.05601247198799075, 0.056018140136650206, 0.0560095358953164, 0.05600717822080112, 0.05600640561669904, 0.05601317770831005, 0.05600889378160772, 0.056015208286468936, 0.056018450574531066, 0.05602218061024165, 0.05600383197648664, 0.05601401928968842, 0.05600976138040671, 0.05601202847118121, 0.05601805381555427, 0.056011188373878196, 0.056007463552334866, 0.05600895952219992]
############## TEST JACCARD_INDEX ############## 
0.05308543503886521
############## VOC ############## 
0.026542717519432605
