############## TRAIN LOSS ############## 
[0.8928890299756784, 0.9027449555090956, 0.9027067316142289, 0.9026920567895915, 0.9028143357183482, 0.9027381720575126, 0.9027657190690169, 0.9028585166544527, 0.9027822130435222, 0.90260356704931, 0.9027419056038599, 0.9025995521932035, 0.9026093889732618, 0.9028053352156201, 0.9028083794825786, 0.9028247220290674, 0.9028042230654407, 0.9027698817285331, 0.9027570059170594, 0.9028370509276519, 0.9025915208700541, 0.9027920411647977, 0.9026730870072907, 0.9026536929446298, 0.90275880513159, 0.9025639639915647, 0.9028245780516315, 0.9028399586677551, 0.9027809599364126, 0.9027226541090656, 0.9027424553358877, 0.902777915468087, 0.9027527143826356, 0.9028144718424694, 0.9029040689001212, 0.9027671133344238, 0.9027287569400426, 0.9027160116144128, 0.9028258315614752, 0.9027550629264599, 0.9028579514171626, 0.9029100275522953, 0.9029698510830467, 0.9026746149804141, 0.9028402268886566, 0.9027705754379969, 0.9028064387070166, 0.902906143786134, 0.9027932932650721, 0.9027340126198691, 0.9027570028965538]
############## VALIDATION LOSS ############## 
[0.940523401779287, 0.940523401779287, 0.940523401779287, 0.940523401779287, 0.940523401779287, 0.940523401779287, 0.940523401779287, 0.940523401779287, 0.940523401779287, 0.940523401779287, 0.940523401779287, 0.940523401779287, 0.940523401779287, 0.940523401779287, 0.940523401779287, 0.940523401779287, 0.940523401779287, 0.940523401779287, 0.940523401779287, 0.940523401779287, 0.940523401779287, 0.940523401779287, 0.940523401779287, 0.940523401779287, 0.940523401779287, 0.940523401779287, 0.940523401779287, 0.940523401779287, 0.940523401779287, 0.940523401779287, 0.940523401779287, 0.940523401779287, 0.940523401779287, 0.940523401779287, 0.940523401779287, 0.940523401779287, 0.940523401779287, 0.940523401779287, 0.940523401779287, 0.940523401779287, 0.940523401779287, 0.940523401779287, 0.940523401779287, 0.940523401779287, 0.940523401779287, 0.940523401779287, 0.940523401779287, 0.940523401779287, 0.940523401779287, 0.940523401779287, 0.940523401779287]
############## TEST LOSS ############## 
0.8556377938299468
############## TRAIN JACCARD_INDEX ############## 
[0.001404226824312267, 0.0, 0.0, 0.0, 0.0, 0.0, 0.0, 0.0, 2.564818082583039e-07, 0.0, 0.0, 0.0, 0.0, 0.0, 0.0, 0.0, 0.0, 0.0, 0.0, 0.0, 0.0, 0.0, 0.0, 0.0, 0.0, 0.0, 0.0, 0.0, 0.0, 0.0, 0.0, 0.0, 0.0, 0.0, 0.0, 0.0, 0.0, 0.0, 0.0, 0.0, 0.0, 0.0, 0.0, 0.0, 0.0, 0.0, 0.0, 0.0, 0.0, 0.0, 1.0054996810555013e-07]
############## VALIDATION JACCARD_INDEX ############## 
[0.001404226824312267, 0.0, 0.0, 0.0, 0.0, 0.0, 0.0, 0.0, 2.564818082583039e-07, 0.0, 0.0, 0.0, 0.0, 0.0, 0.0, 0.0, 0.0, 0.0, 0.0, 0.0, 0.0, 0.0, 0.0, 0.0, 0.0, 0.0, 0.0, 0.0, 0.0, 0.0, 0.0, 0.0, 0.0, 0.0, 0.0, 0.0, 0.0, 0.0, 0.0, 0.0, 0.0, 0.0, 0.0, 0.0, 0.0, 0.0, 0.0, 0.0, 0.0, 0.0, 1.0054996810555013e-07]
############## TEST JACCARD_INDEX ############## 
0.0
############## VOC ############## 
0.4734572824805674
