############## TRAIN LOSS ############## 
[0.17720226961112506, 0.09802096079288235, 0.05384106303959548, 0.033815792046470554, 0.03422967077396508, 0.025906890191280427, 0.024402372755093483, 0.02594880734597593, 0.02148524590826652, 0.020597331846753757, 0.023633808351692383, 0.020031182266360668, 0.01950912450089933, 0.018200807968209085, 0.027413836004934064, 0.017427731095603458, 0.019001775187322753, 0.01619715941597934, 0.015785035197434294, 0.018208407492246816, 0.023945662271134923, 0.01804683825393367, 0.01598263254021043, 0.0162825273724298, 0.016502335383651173, 0.01569694125141764, 0.0147705577753866, 0.01607054362397616, 0.01488214013872559, 0.014458938315615628, 0.016299225402805064, 0.015341857484927788, 0.014735675999225612, 0.014241345883042945, 0.01907363697872833, 0.014527621993119619, 0.013672821461023797, 0.017179452003187476, 0.01943052165721006, 0.013904078496748011, 0.013426895720070345, 0.013776852558146709, 0.013325128612802826, 0.013477676013182546, 0.01443169971399412, 0.015422247219117577, 0.014088957242485186, 0.013307268751485206, 0.013283507366715049, 0.015474980646169636, 0.01410943916804778, 0.01571881259987676, 0.013396089953980787, 0.014348306852290072, 0.013124228507041227, 0.017053031198720255, 0.01427606620767095, 0.013289863463157687, 0.013239149251210227, 0.013194813960187792, 0.013092802386119467, 0.014477250841655978, 0.013911420686027824, 0.013094965579053219, 0.012823870313785936, 0.013224464968614583, 0.016761373919917288, 0.01317677745671087, 0.014538415095942968]
############## VALIDATION LOSS ############## 
[0.17492391256725087, 0.08894408808327188, 0.044763178290689695, 0.059260939740959334, 0.03472317881224787, 0.022670349891425346, 0.020344854405551564, 0.02109131257177568, 0.02202163220328443, 0.02395716563378479, 0.027775442154676307, 0.018479603717067077, 0.017669575918904123, 0.01792081256908383, 0.019611917600473937, 0.0171149377528505, 0.01648176050124069, 0.017394817397728853, 0.01654600178110687, 0.016496908736835215, 0.017646575839642215, 0.01829442995436051, 0.016711590482908135, 0.01587006100909967, 0.03203559350952798, 0.017793737607551555, 0.016217229732622702, 0.017309921620158004, 0.015817509534969635, 0.017332760516700206, 0.01663647344628093, 0.01696977558016193, 0.016272839889222502, 0.015771856280408947, 0.016309813984359305, 0.01569205317554959, 0.015572875706186774, 0.015685699254676114, 0.016861364071933078, 0.015848418843804623, 0.015555901662903089, 0.015711841278472076, 0.01634936216378621, 0.016326598302625558, 0.016996948678484735, 0.0157401681941587, 0.01589302288587479, 0.01726049190734093, 0.015133676726334528, 0.015907843697670045, 0.015780941181469197, 0.0167197295802408, 0.01574353986492782, 0.016460048304140277, 0.015819220593673924, 0.017747941760200205, 0.01627193774352325, 0.016636433527238814, 0.01672714493493093, 0.01661688877799201, 0.016141010119634515, 0.016912212682084416, 0.017206336919437435, 0.017402824982270308, 0.01618970112016826, 0.017939727333392583, 0.016900291743998725, 0.017030118517212423, 0.01682742925214709]
############## TEST LOSS ############## 
0.0329141037519833
############## TRAIN MEAN_IOU ############## 
[0.47006527280753796, 0.49897191928582146, 0.5763400782335986, 0.6479759517016711, 0.6942374535777547, 0.7262747976425532, 0.7514003746144406, 0.7697091110654779, 0.7844705123890627, 0.7972186611847835, 0.8072286720748421, 0.8150569799247088, 0.8227521134120924, 0.8296831580432685, 0.8342538237034738, 0.8388522782841245, 0.8435498641149418, 0.8479363326285336, 0.852131570513184, 0.8557832923021402, 0.8580834523246095, 0.8606539061209103, 0.8632353909380801, 0.8658628964477831, 0.8682684985635517, 0.8698348941298218, 0.8720481515199214, 0.8740605877057926, 0.8759011376548458, 0.8777083793470452, 0.8792346703845102, 0.8807436967486734, 0.8821798777795052, 0.8836461983553998, 0.8845935014185605, 0.8857821427487038, 0.8870543202569893, 0.8880140201465504, 0.8888362686376314, 0.8897659906127431, 0.890845262521022, 0.8918815432368098, 0.8928444641935933, 0.8938090450860359, 0.8946804672748119, 0.8954213428067731, 0.896110823294064, 0.8969277277723089, 0.897709613313546, 0.8983885059217075, 0.8989680648387015, 0.8996154365238843, 0.9001451762946876, 0.9007296135296693, 0.9013514870458895, 0.9018897720285364, 0.9022855351905565, 0.902837175640974, 0.903378506367271, 0.9039018236033551, 0.9044181058804194, 0.9048795006028166, 0.905277719234561, 0.9057420437131916, 0.9062085175836408, 0.9066542885056487, 0.9069529693942886, 0.907335724916544, 0.9076890474235689]
############## VALIDATION MEAN_IOU ############## 
[0.47006527280753796, 0.49897191928582146, 0.5763400782335986, 0.6479759517016711, 0.6942374535777547, 0.7262747976425532, 0.7514003746144406, 0.7697091110654779, 0.7844705123890627, 0.7972186611847835, 0.8072286720748421, 0.8150569799247088, 0.8227521134120924, 0.8296831580432685, 0.8342538237034738, 0.8388522782841245, 0.8435498641149418, 0.8479363326285336, 0.852131570513184, 0.8557832923021402, 0.8580834523246095, 0.8606539061209103, 0.8632353909380801, 0.8658628964477831, 0.8682684985635517, 0.8698348941298218, 0.8720481515199214, 0.8740605877057926, 0.8759011376548458, 0.8777083793470452, 0.8792346703845102, 0.8807436967486734, 0.8821798777795052, 0.8836461983553998, 0.8845935014185605, 0.8857821427487038, 0.8870543202569893, 0.8880140201465504, 0.8888362686376314, 0.8897659906127431, 0.890845262521022, 0.8918815432368098, 0.8928444641935933, 0.8938090450860359, 0.8946804672748119, 0.8954213428067731, 0.896110823294064, 0.8969277277723089, 0.897709613313546, 0.8983885059217075, 0.8989680648387015, 0.8996154365238843, 0.9001451762946876, 0.9007296135296693, 0.9013514870458895, 0.9018897720285364, 0.9022855351905565, 0.902837175640974, 0.903378506367271, 0.9039018236033551, 0.9044181058804194, 0.9048795006028166, 0.905277719234561, 0.9057420437131916, 0.9062085175836408, 0.9066542885056487, 0.9069529693942886, 0.907335724916544, 0.9076890474235689]
############## TEST MEAN_IOU ############## 
0.9078662014970875
