############## TRAIN LOSS ############## 
[0.17472424325407357, 0.11850032680206471, 0.07926686682427923, 0.05592618123334539, 0.04762955424208026, 0.03986063636084263, 0.03669744674514912, 0.035405094839154265, 0.031145364961687575, 0.030083911203955475, 0.02868581560192848, 0.02722660628428498, 0.026976390098859264, 0.02652408956730453, 0.02529045943116249, 0.8238815749378724, 0.8980198728575094, 0.8977055218456699, 0.8979175443853344, 0.897754959149605, 0.897797197523015, 0.8982118122313205, 0.8976175868296409, 0.8980504810591942, 0.8977960849617113, 0.8977578730733545, 0.8978949638486311, 0.8979431551855963, 0.89781201208799, 0.8980468779315686, 0.8980169649747712, 0.8977076036117233, 0.8977822409355426, 0.8975984776929558]
############## VALIDATION LOSS ############## 
[0.1284192916663254, 0.07845614572950438, 0.07770239050481834, 0.06283524267229379, 0.04718485525717922, 0.048521926370905896, 0.056060511217105626, 0.050328273910517786, 0.06459297718224573, 0.07702738357086976, 0.05648099475850662, 0.051436102236895, 0.04165789433846287, 0.03611636472245058, 0.06295063671674214, 0.940523115735428, 0.940523115735428, 0.940523115735428, 0.940523115735428, 0.940523115735428, 0.940523115735428, 0.940523115735428, 0.940523115735428, 0.940523115735428, 0.940523115735428, 0.940523115735428, 0.940523115735428, 0.940523115735428, 0.940523115735428, 0.940523115735428, 0.940523115735428, 0.940523115735428, 0.940523115735428, 0.940523115735428]
############## TEST LOSS ############## 
0.8556361830595768
############## TRAIN MEAN_IOU ############## 
[0.46999353646963565, 0.47789410850754727, 0.5219759339684839, 0.5818559465644596, 0.6263737179137565, 0.6605224071053771, 0.68661938043865, 0.706622330320848, 0.7230472319029473, 0.7366205743841223, 0.7475160712057406, 0.7573848421777691, 0.7661280559526907, 0.7739723237516644, 0.7810882767578503, 0.7766457441690806, 0.7589539259940654, 0.7431698954320168, 0.7290316424122801, 0.7162960363669438, 0.7047663451852025, 0.694272247520653, 0.6846865906908706, 0.6758951666924331, 0.6678001914206926, 0.6603258386388555, 0.6534008281724947, 0.6469664191072052, 0.6409735403082393, 0.6353781219269778, 0.6301404029667914, 0.625228974196288, 0.6206145855757568, 0.6162699663692767]
############## VALIDATION MEAN_IOU ############## 
[0.46999353646963565, 0.47789410850754727, 0.5219759339684839, 0.5818559465644596, 0.6263737179137565, 0.6605224071053771, 0.68661938043865, 0.706622330320848, 0.7230472319029473, 0.7366205743841223, 0.7475160712057406, 0.7573848421777691, 0.7661280559526907, 0.7739723237516644, 0.7810882767578503, 0.7766457441690806, 0.7589539259940654, 0.7431698954320168, 0.7290316424122801, 0.7162960363669438, 0.7047663451852025, 0.694272247520653, 0.6846865906908706, 0.6758951666924331, 0.6678001914206926, 0.6603258386388555, 0.6534008281724947, 0.6469664191072052, 0.6409735403082393, 0.6353781219269778, 0.6301404029667914, 0.625228974196288, 0.6206145855757568, 0.6162699663692767]
############## TEST MEAN_IOU ############## 
0.6118533311468182
