############## TRAIN LOSS ############## 
[0.17304971133283265, 0.12966235305879031, 0.1098109555791493, 0.07709435836059621, 0.04521714718508962, 0.034448989006262774, 0.028919669793213944, 0.02693164235333333, 0.024862852200303594, 0.026911738839394808, 0.021927792792888107, 0.02047297549234737, 0.02329035162105569, 0.019263107770097418, 0.023312779145550216, 0.01912881908906825, 0.018179030782702537, 0.017924067517113243, 0.017351861552310152, 0.022443713891678617, 0.01665235553744358, 0.015803279948257212, 0.016381119313148514, 0.01622868544864678, 0.02315395808912948, 0.016107880504097085, 0.016817222249448753, 0.016627039144713397, 0.016930966591357614, 0.016167678665485116, 0.01605157268643673, 0.027048923025381758, 0.015556521852435713, 0.014584684021863248, 0.015831856029517193, 0.01485828258978677, 0.015083732408301503, 0.01508252642711054, 0.01565206851018383, 0.018182529230404913, 0.014925450997464862, 0.014295601772368877, 0.015037104644999327, 0.0141205145512825, 0.014106425673539357, 0.024539585596554586, 0.015353918294495743, 0.014021465498461129, 0.013932170304427813, 0.014259761798998911, 0.020170435366044577, 0.014211249618260358, 0.013807647960650659, 0.01337578577508097, 0.01478267490335736, 0.013893246073863125, 0.01593898706476892]
############## VALIDATION LOSS ############## 
[0.17141120858928738, 0.11575723461368505, 0.06613831587281882, 0.11497136493962185, 0.09166970954952287, 0.12281462787559219, 0.03672386298650036, 0.052082042228065284, 0.02682907930484005, 0.04569583990629397, 0.01961205189353695, 0.02061893848483177, 0.018698456158459772, 0.05387898718974754, 0.025684786065682478, 0.02184141241927065, 0.01714090247839397, 0.017910604337778163, 0.01737374009327123, 0.01786017776284294, 0.017601487628531223, 0.018287494527541248, 0.016868427847785986, 0.019179249876270107, 0.017741974771899337, 0.01602874992086607, 0.04845697317710694, 0.01685938004440829, 0.016510795938837176, 0.01640851418122503, 0.016142523450338665, 0.017933528363595113, 0.01647303715877819, 0.01614915093808782, 0.015814177468236462, 0.018223033834467914, 0.01547598818262272, 0.01613652588817857, 0.052929063199781905, 0.015907213968389174, 0.016768129341596483, 0.015602907590458499, 0.016864519164550538, 0.016502490212373874, 0.01649137810968301, 0.01683875079741519, 0.016260017083921267, 0.017736660124843612, 0.016615045581049488, 0.018671100813091968, 0.016797162181533435, 0.01703804357013866, 0.01639772392809391, 0.01673014361557423, 0.016497159993056867, 0.016899793417941705, 0.016728286279876735]
############## TEST LOSS ############## 
0.03516760617870875
############## TRAIN MEAN_IOU ############## 
[0.4706476854311453, 0.4759372785553202, 0.4899918249732739, 0.5248293609501006, 0.5739427215612687, 0.6180367181161502, 0.6535916885545662, 0.683732348787892, 0.7069399713932931, 0.7258071813497458, 0.7414943783938348, 0.7558170413380271, 0.767314551112888, 0.7778527989043845, 0.78609384287585, 0.7935428717383394, 0.8008828839740237, 0.8076210097149685, 0.8136502654702814, 0.818348699727574, 0.8230528540170945, 0.8277458779446714, 0.8319260789467408, 0.8357962544436928, 0.8390945586803797, 0.841959503051397, 0.8450815331291508, 0.8475594179587321, 0.850189109374811, 0.8526630981548412, 0.8549761556021802, 0.8565523804308058, 0.8581844928028347, 0.8602412004728575, 0.8621299610481606, 0.8639911472260415, 0.8657648480153298, 0.8674294486776128, 0.8690328215425079, 0.8697771067554886, 0.871204184116544, 0.8725728326821113, 0.8738676055863097, 0.8751790179862632, 0.8764211602576144, 0.8770357798617165, 0.8779000927199114, 0.8789993133899328, 0.8801103571245262, 0.881123588428841, 0.8819084877634907, 0.8825458630516723, 0.8834870112640364, 0.884436684014561, 0.8852905290083842, 0.8861106066284953, 0.8868631830623558]
############## VALIDATION MEAN_IOU ############## 
[0.4706476854311453, 0.4759372785553202, 0.4899918249732739, 0.5248293609501006, 0.5739427215612687, 0.6180367181161502, 0.6535916885545662, 0.683732348787892, 0.7069399713932931, 0.7258071813497458, 0.7414943783938348, 0.7558170413380271, 0.767314551112888, 0.7778527989043845, 0.78609384287585, 0.7935428717383394, 0.8008828839740237, 0.8076210097149685, 0.8136502654702814, 0.818348699727574, 0.8230528540170945, 0.8277458779446714, 0.8319260789467408, 0.8357962544436928, 0.8390945586803797, 0.841959503051397, 0.8450815331291508, 0.8475594179587321, 0.850189109374811, 0.8526630981548412, 0.8549761556021802, 0.8565523804308058, 0.8581844928028347, 0.8602412004728575, 0.8621299610481606, 0.8639911472260415, 0.8657648480153298, 0.8674294486776128, 0.8690328215425079, 0.8697771067554886, 0.871204184116544, 0.8725728326821113, 0.8738676055863097, 0.8751790179862632, 0.8764211602576144, 0.8770357798617165, 0.8779000927199114, 0.8789993133899328, 0.8801103571245262, 0.881123588428841, 0.8819084877634907, 0.8825458630516723, 0.8834870112640364, 0.884436684014561, 0.8852905290083842, 0.8861106066284953, 0.8868631830623558]
############## TEST MEAN_IOU ############## 
0.8873231610866508
