############## TRAIN LOSS ############## 
[0.17785741076678843, 0.09468447028969725, 0.045876051292981244, 0.03521929213332499, 0.028308825908220366, 0.024575852217396034, 0.023099515627994126, 0.02966844677497205, 0.023525442961636965, 0.0193325983447459, 0.019067348207573633, 0.026944312391811057, 0.017433269991359027, 0.018397980002552137, 0.016685063794448233, 0.028683242095458146, 0.017931261645768443, 0.01813261631272129, 0.016519761265954003, 0.01771748238604994, 0.018753438303351973, 0.015499175284194198, 0.020343545708136197, 0.015774469563070482, 0.021073765039594995, 0.01605209693583232, 0.01608093554806384, 0.01525639824968813, 0.01492728230172164, 0.02372149062376503, 0.014995068976359844, 0.01558541367564619, 0.014173847667742856, 0.014470719244658342, 0.01412392398190416, 0.015932533285121207, 0.015836059840014287, 0.01574867661792768, 0.01461454081298733, 0.014969633866483261, 0.014495765796898201, 0.01387584715507933, 0.019333587394374935, 0.013763951726031263, 0.013646917205003955, 0.01745267226864156, 0.014081983198831277, 0.013919266997700188, 0.013634986636912668, 0.013202675741201535, 0.014717099318167547, 0.013894302557198424, 0.01342859933559724, 0.014549706016115525, 0.016170157934801217, 0.013830964925472398, 0.01656070452467706, 0.01332511261697053]
############## VALIDATION LOSS ############## 
[0.16573221104986527, 0.04704488886922013, 0.042406719871887974, 0.038925285706771354, 0.02439684234559536, 0.0210245090682863, 0.019656453829477814, 0.01962184299276594, 0.019384108885538345, 0.018910351296083306, 0.018336388789226905, 0.018066914829735953, 0.0518983441459782, 0.01768960069189323, 0.020947501620314286, 0.018583079133474945, 0.01728153457481633, 0.01786302828102135, 0.01671878391803772, 0.017803167390144047, 0.024123643972344844, 0.019099474117598114, 0.01969815146488448, 0.01645579463893584, 0.020526034328356094, 0.01657211303017011, 0.017354471138769798, 0.016752619100004144, 0.018947619625239397, 0.016944272744962397, 0.016969954152134994, 0.0169719081079843, 0.0160700746300612, 0.01583560491345969, 0.016576808776852546, 0.0166630232706666, 0.015633377114164772, 0.01556368374868351, 0.017335981098642827, 0.016675924160974284, 0.01677793583503979, 0.017819468114598124, 0.01751642697034221, 0.016782704946201515, 0.015952404515416015, 0.01734675895240085, 0.016615172350486995, 0.017236682814637236, 0.01702102323007934, 0.01633288961944773, 0.017410616367580553, 0.017351726996803693, 0.01668214811669553, 0.01812540522922634, 0.01780665725213932, 0.01711121870332635, 0.016797670962142887, 0.016034957473440206]
############## TEST LOSS ############## 
0.03628597853686472
############## TRAIN MEAN_IOU ############## 
[0.46982623697132675, 0.49697759922023294, 0.5939103900580793, 0.6626520125984071, 0.7091326109460883, 0.7412028947660515, 0.7643570956346151, 0.7799673491233104, 0.7933083392746814, 0.8053343541718818, 0.8156389063811517, 0.8223345913328566, 0.8296409392947549, 0.83555428146779, 0.8413561700700639, 0.8445224863988859, 0.8484483484749321, 0.8525446168742739, 0.8560023713219274, 0.8592836123866003, 0.8620769691628378, 0.8647102633038083, 0.8669994747316515, 0.8691753008075662, 0.8712027298437582, 0.8728612356626235, 0.8748285061604267, 0.8766890689059421, 0.8784980904143136, 0.8795081471000705, 0.8806641473694965, 0.882176198669382, 0.8835588814439, 0.8849729606965641, 0.8863196144769857, 0.8874286493739566, 0.88852956837362, 0.8894787649582098, 0.8905174619442707, 0.8914860512490745, 0.8923860705113625, 0.8933370270439096, 0.8939368691261824, 0.8947530094836209, 0.8956209175490044, 0.8963784093523884, 0.896952718764812, 0.8977178928551374, 0.8984599755154, 0.8991867336066993, 0.8998381855251553, 0.9004512786328256, 0.9010869722377073, 0.9016645914530969, 0.9022057488694921, 0.9025789722129032, 0.9029855894612836, 0.9034790925614469]
############## VALIDATION MEAN_IOU ############## 
[0.46982623697132675, 0.49697759922023294, 0.5939103900580793, 0.6626520125984071, 0.7091326109460883, 0.7412028947660515, 0.7643570956346151, 0.7799673491233104, 0.7933083392746814, 0.8053343541718818, 0.8156389063811517, 0.8223345913328566, 0.8296409392947549, 0.83555428146779, 0.8413561700700639, 0.8445224863988859, 0.8484483484749321, 0.8525446168742739, 0.8560023713219274, 0.8592836123866003, 0.8620769691628378, 0.8647102633038083, 0.8669994747316515, 0.8691753008075662, 0.8712027298437582, 0.8728612356626235, 0.8748285061604267, 0.8766890689059421, 0.8784980904143136, 0.8795081471000705, 0.8806641473694965, 0.882176198669382, 0.8835588814439, 0.8849729606965641, 0.8863196144769857, 0.8874286493739566, 0.88852956837362, 0.8894787649582098, 0.8905174619442707, 0.8914860512490745, 0.8923860705113625, 0.8933370270439096, 0.8939368691261824, 0.8947530094836209, 0.8956209175490044, 0.8963784093523884, 0.896952718764812, 0.8977178928551374, 0.8984599755154, 0.8991867336066993, 0.8998381855251553, 0.9004512786328256, 0.9010869722377073, 0.9016645914530969, 0.9022057488694921, 0.9025789722129032, 0.9029855894612836, 0.9034790925614469]
############## TEST MEAN_IOU ############## 
0.9036661189011853
