############## TRAIN LOSS ############## 
[0.17416760171889453, 0.12194146190325285, 0.07280128768242493, 0.049070131132244926, 0.04145787852849845, 0.03768130215849761, 0.035057369891243674, 0.03161828654612674, 0.03024461534323154, 0.02643070757800193, 0.02434684403622439, 0.02383590249086705, 0.023436006809886847, 0.02215873535884007, 0.01972148717204864, 0.019689755864034465, 0.01966915733384405, 0.02059161812612401, 0.01752454442599251, 0.018786336032061226, 0.0167261676051075, 0.016305039959292656, 0.01983798656959783, 0.022046060078234102, 0.017472140733802877, 0.016800549045689655, 0.016085550024096545, 0.01514245530900856, 0.024239348334958777, 0.017257259123767767, 0.016660750994872017, 0.015270066342152958, 0.015058528755682412, 0.016031401993828482, 0.014827601763163903, 0.015033555203190845, 0.014995272449104468, 0.019697668922588916, 0.015243621272725045, 0.01468185491824254, 0.014594150685887734, 0.01415206882987289, 0.014199498908694935, 0.015063075804694867, 0.013815059242686173, 0.015434773269802676, 0.018276124667986674, 0.014364745569895735, 0.014423622280676002, 0.013665219546801218, 0.013868003440989382, 0.015486894767188156, 0.0143319038749748, 0.013506932416144205, 0.015030507999105245, 0.016454805237469724, 0.013762031470242938, 0.013530542144786802, 0.013297280634261525, 0.012951110577502346, 0.013336027542659844, 0.01338353895934651, 0.014225210450161752, 0.014395898646939345, 0.014119110001211247, 0.012901092238927696, 0.014245311670615716, 0.012941369811242848, 0.012959437016114543]
############## VALIDATION LOSS ############## 
[0.13003493458324789, 0.07375689267235644, 0.07198898570940775, 0.0714209770382035, 0.07258753664791584, 0.05645360016063148, 0.0710041061335919, 0.0566694807699498, 0.062060100957751274, 0.030608246906423102, 0.027647646582301927, 0.03668116895007152, 0.04147427136480224, 0.021013287411929638, 0.07305352134155292, 0.022129544458698993, 0.01862584712787294, 0.01827437460751218, 0.017930593971601304, 0.02124266634129134, 0.018014381096387904, 0.018695917181378485, 0.018171667682883495, 0.023730912720601932, 0.018885640404643675, 0.017423824393464363, 0.017855672476192314, 0.01743200855493984, 0.02201166199337618, 0.017236208209914027, 0.0175913822079333, 0.018142539642605128, 0.016975906691240036, 0.017268700602774818, 0.018120801961962498, 0.016791617840199786, 0.01952433879213298, 0.017227450609389766, 0.018214218943909396, 0.018655700928659414, 0.01696459113108907, 0.01727046689256003, 0.01792618447878197, 0.017559196503248577, 0.017475694372300423, 0.0170951675276692, 0.016809169020430715, 0.01835679837648629, 0.015819154177591496, 0.01632900443841137, 0.0161261059316423, 0.018816470328316678, 0.01582775026669397, 0.015962710996687998, 0.016451086337659872, 0.017805556191460174, 0.017021579987497305, 0.01727536291924908, 0.017526467294231348, 0.01754821180000755, 0.01673410666704762, 0.01632534255109289, 0.016840851925057816, 0.016664675372999673, 0.01684432799982674, 0.017451737496052302, 0.01771424675597718, 0.01742490168715663, 0.016641967295322056]
############## TEST LOSS ############## 
0.03023761273408779
############## TRAIN MEAN_IOU ############## 
[0.46988056754475244, 0.477626879607235, 0.5309534753496582, 0.5985645831705214, 0.6442397478464488, 0.6764922531338425, 0.7005767779307323, 0.71882376933957, 0.7350987430896845, 0.748434465210717, 0.761695358130309, 0.7730620071157679, 0.782293190290262, 0.790629164995374, 0.7986208895842234, 0.8048005861205023, 0.8111795497101706, 0.8168661833346427, 0.8220233013769528, 0.8269390467856381, 0.8311589874394305, 0.8353869596848617, 0.8388332686982714, 0.8420115693195446, 0.8445474130881799, 0.8474153162122847, 0.8502614827037932, 0.8529728700717291, 0.8553766691469932, 0.856727221124881, 0.8588178603498785, 0.8609428219161592, 0.8629660784929722, 0.8647865971197953, 0.8666219186406952, 0.8683222553751491, 0.8699583105138831, 0.8713603311025344, 0.8724685735530682, 0.8738798916608363, 0.8752137493711334, 0.8765362283668002, 0.8778186334414525, 0.8790060848266155, 0.880132581468101, 0.8811956431951609, 0.8819502347761446, 0.8828999780051343, 0.8838947313325899, 0.8848531678453222, 0.8857984928128956, 0.8866729973941236, 0.887428291746088, 0.8882797275846069, 0.8890836496610899, 0.889773373802503, 0.8904156659368996, 0.8911586395792059, 0.8918903848609409, 0.8926127657697007, 0.8932999757764576, 0.8939615322931392, 0.8945948543312313, 0.8951735461617375, 0.8957283337105502, 0.896311047377887, 0.8968746544004561, 0.8974058468331088, 0.8979543011199247]
############## VALIDATION MEAN_IOU ############## 
[0.46988056754475244, 0.477626879607235, 0.5309534753496582, 0.5985645831705214, 0.6442397478464488, 0.6764922531338425, 0.7005767779307323, 0.71882376933957, 0.7350987430896845, 0.748434465210717, 0.761695358130309, 0.7730620071157679, 0.782293190290262, 0.790629164995374, 0.7986208895842234, 0.8048005861205023, 0.8111795497101706, 0.8168661833346427, 0.8220233013769528, 0.8269390467856381, 0.8311589874394305, 0.8353869596848617, 0.8388332686982714, 0.8420115693195446, 0.8445474130881799, 0.8474153162122847, 0.8502614827037932, 0.8529728700717291, 0.8553766691469932, 0.856727221124881, 0.8588178603498785, 0.8609428219161592, 0.8629660784929722, 0.8647865971197953, 0.8666219186406952, 0.8683222553751491, 0.8699583105138831, 0.8713603311025344, 0.8724685735530682, 0.8738798916608363, 0.8752137493711334, 0.8765362283668002, 0.8778186334414525, 0.8790060848266155, 0.880132581468101, 0.8811956431951609, 0.8819502347761446, 0.8828999780051343, 0.8838947313325899, 0.8848531678453222, 0.8857984928128956, 0.8866729973941236, 0.887428291746088, 0.8882797275846069, 0.8890836496610899, 0.889773373802503, 0.8904156659368996, 0.8911586395792059, 0.8918903848609409, 0.8926127657697007, 0.8932999757764576, 0.8939615322931392, 0.8945948543312313, 0.8951735461617375, 0.8957283337105502, 0.896311047377887, 0.8968746544004561, 0.8974058468331088, 0.8979543011199247]
############## TEST MEAN_IOU ############## 
0.8983028180671461
