############## TRAIN LOSS ############## 
[0.1693827900028712, 0.0743903086734684, 0.04154515881426968, 0.03253604290558042, 0.02751393206228779, 0.02528850651484587, 0.022147467723829455, 0.0256889398463557, 0.01953163484702944, 0.0853415384824673, 0.1479040914685004, 0.1415786113304732, 0.13862121394659216, 0.13660089249580024, 0.13508682935456703, 0.13376322971774382, 0.13273315264230912, 0.1318844362489275, 0.1313557171153727, 0.1307197994812652, 0.13024883915309435, 0.12986910434624366, 0.12937404246379933, 0.12921805914726342, 0.1288781122447134, 0.1286504657955857, 0.12833297865146454, 0.12810058971481011]
############## VALIDATION LOSS ############## 
[0.20323137062437394, 0.06574688084861811, 0.06840984636515964, 0.04813746899804648, 0.06034563222498286, 0.04075635998856788, 0.019038258202593115, 0.018625333425862825, 0.023556288085220492, 0.15908258079605944, 0.14473770098651156, 0.1407492832079822, 0.13841484582015112, 0.13679502393100776, 0.13566102255501, 0.1346637592742256, 0.13378092573553907, 0.13336645022911184, 0.13257906293752147, 0.1334633325390956, 0.13403399303263308, 0.13381311947516367, 0.133021113773187, 0.1331224128896115, 0.13449556351292366, 0.1321290080599925, 0.13187716236593677, 0.13240844705233387]
############## TEST LOSS ############## 
0.12779306054416328
############## TRAIN MEAN_IOU ############## 
[0.4702547700018496, 0.5212279549455857, 0.6251055178073075, 0.687740181077708, 0.7277032841701765, 0.7553769315148259, 0.7759699334163923, 0.7920128759500142, 0.8048708135480279, 0.8121945079382475, 0.7865813661802996, 0.760123535587981, 0.7377927667117333, 0.7187000437899753, 0.7021998587223861, 0.6878004143903921, 0.67512892710196, 0.6638994124290105, 0.6538756939473452, 0.6448850729712495, 0.6367588053952467, 0.6293831634091901, 0.6226659976952785, 0.6165215726102795, 0.6108796867701385, 0.6056823725098962, 0.6008784639405774, 0.5964280348103326]
############## VALIDATION MEAN_IOU ############## 
[0.4702547700018496, 0.5212279549455857, 0.6251055178073075, 0.687740181077708, 0.7277032841701765, 0.7553769315148259, 0.7759699334163923, 0.7920128759500142, 0.8048708135480279, 0.8121945079382475, 0.7865813661802996, 0.760123535587981, 0.7377927667117333, 0.7187000437899753, 0.7021998587223861, 0.6878004143903921, 0.67512892710196, 0.6638994124290105, 0.6538756939473452, 0.6448850729712495, 0.6367588053952467, 0.6293831634091901, 0.6226659976952785, 0.6165215726102795, 0.6108796867701385, 0.6056823725098962, 0.6008784639405774, 0.5964280348103326]
############## TEST MEAN_IOU ############## 
0.5919343518488335
