############## TRAIN LOSS ############## 
[0.1783374277119701, 0.11708331581305813, 0.061649093303728746, 0.0466291015917385, 0.033771187948012676, 0.03214790470696784, 0.024403729627059924, 0.02369332644534675, 0.020348974327380594, 0.021746784272427495, 0.021253558517609898, 0.017908300197607762, 0.01742281942200419, 0.01584536535665393, 0.014711736902795933, 0.01610859884955996, 0.014677494336423036]
############## VALIDATION LOSS ############## 
[0.7703665529980379, 0.978894079432768, 1.0599049960865694, 1.0698110776789047, 0.7337582882712869, 0.4988432982388665, 0.6291386765592238, 0.663002329714158, 0.45511850188760195, 0.1305830022867988, 0.5237851914237527, 0.0958767774350503, 0.22235477759557612, 0.2815367491806255, 0.5948685512823217, 0.3953238094554228, 1.0781668214236988]
############## TEST LOSS ############## 
1.5727143706697406
############## TRAIN MEAN_IOU ############## 
[0.46341460782128413, 0.4822335706369297, 0.51808854011265, 0.5615468983714645, 0.5946906217046686, 0.6202472424184954, 0.6438964814753145, 0.6624545551635124, 0.6772201931154406, 0.6917193668919641, 0.7066390482155053, 0.7169827633612865, 0.7296475413683299, 0.7393087333924061, 0.7480418206872167, 0.7540891895423064, 0.7603775705840137]
############## VALIDATION MEAN_IOU ############## 
[0.4760051580036388, 0.49532003613079295, 0.5435136626748478, 0.5802382230758667, 0.6097404360771179, 0.6328635636497947, 0.6542449944159564, 0.6705110213335823, 0.6851122484487646, 0.699492145987118, 0.7119696350658641, 0.7234701899921193, 0.7345828519147986, 0.7437777168610517, 0.7513829329434563, 0.7572765420464909, 0.7622748963973102]
############## TEST MEAN_IOU ############## 
0.7454243392655344
