############## TRAIN LOSS ############## 
[0.19362419229504224, 0.13520117738359683, 0.08076054507212059, 0.05424315401831189, 0.03545109295865168, 0.0293532953647947, 0.026151068017792864, 0.023855104463527333, 0.02496808092739131, 0.0217735719791538, 0.019243069521680072, 0.017536366622693634, 0.016564664670039673, 0.019982235304809904]
############## VALIDATION LOSS ############## 
[0.696743905544281, 0.7231773102984709, 0.5125400774619159, 0.6687660217285156, 0.7008856850511888, 0.45860448830267964, 0.3055614075239967, 0.6918502520112431, 0.10117874645134982, 0.23391024154775283, 0.19194274001261769, 0.25039976572289185, 0.24075268734903896, 0.1848613365608103]
############## TEST LOSS ############## 
0.17365286679881992
############## TRAIN MEAN_IOU ############## 
[0.46322238405008576, 0.4753579336243707, 0.49162904152999054, 0.5398533747002885, 0.5837061920681516, 0.6187521509222083, 0.6471971837249962, 0.6697604100446444, 0.6858284022357013, 0.7041233729671788, 0.7182515537416613, 0.7311262834716488, 0.7416786728678523, 0.750810985629623]
############## VALIDATION MEAN_IOU ############## 
[0.474188918576521, 0.4758235286263859, 0.5166310001822079, 0.5637309866793015, 0.603359208387487, 0.6342993168269887, 0.6594603377230027, 0.6789149536805994, 0.6951966110397788, 0.7115825695150039, 0.7249940213035134, 0.736766426002278, 0.7467681625310112, 0.7550149700220894]
############## TEST MEAN_IOU ############## 
0.7483288681868351
