############## TRAIN LOSS ############## 
[0.19050072103336052, 0.08098238146536656, 0.04539033569194175, 0.03452341389414426, 0.02568297614846882, 0.03266785219563423, 0.022322833034637814, 0.01886273898196885, 0.018235147251067934, 0.01706175904129506, 0.016586463826054054, 0.021320198826189782, 0.01885695430148091, 0.015627054132621835, 0.015470111607322218, 0.02834508816610921, 0.026748157383219617, 0.01661868054558196, 0.015561132131748506, 0.014547778441369332, 0.014163852301174524, 0.013685271603281837, 0.013649826469780827, 0.013502847865802815, 0.013172755722661276, 0.01493643319574059, 0.015588293235900032, 0.015742258892419772, 0.013388644236869909, 0.012879868245658439, 0.012459798306981856, 0.012612120581891489, 0.013046396959170297, 0.012582795732226726, 0.015891713134289998, 0.014256876625900937, 0.01543350052717771, 0.012923218879370472, 0.01253089846451641, 0.01253526281829722, 0.012201605707633536, 0.012685596999536091, 0.012828816735261196, 0.012246844478303919, 0.012038459507370921, 0.011978409010791094, 0.01230640899125688, 0.011978265549358283, 0.024827569238589826, 0.017422774004296877, 0.012772785528009204, 0.012316118592295694, 0.012109304130127703, 0.012198212065708798, 0.012022433796192746, 0.01178512753402764, 0.011519746146970303, 0.011593391627979439, 0.011481641370148675, 0.011310352327151073, 0.02317335508210031, 0.0139623681095907, 0.012409174619745967, 0.012551054704581966, 0.011846167604892037, 0.011903420795460005, 0.012010066118720616]
############## VALIDATION LOSS ############## 
[0.31090374378597035, 0.0908626418779878, 0.09666851338218241, 0.059326987604008, 0.19505095744834228, 0.02706054729573867, 0.02332091939580791, 0.03610154986381531, 0.018990295939147472, 0.030651023008805865, 0.024385899907964116, 0.014912969788865131, 0.015614140751388143, 0.015701682169866914, 0.026600825052489254, 0.03186367649365874, 0.01758434631697395, 0.016446808983078775, 0.01868430188144831, 0.018413968082955656, 0.015052118612562908, 0.01756235885926906, 0.019009646822643632, 0.014235102407195988, 0.012827483772793236, 0.015747540466049138, 0.04701446939040633, 0.01397736628046807, 0.013903805027332376, 0.013171957011389382, 0.014772636596770847, 0.01504856564433259, 0.014342560323283952, 0.013177661636077306, 0.023578122039051616, 0.015604598968125442, 0.020620829672278726, 0.014719001264037454, 0.017261375837466297, 0.013522790279239416, 0.014460348633720595, 0.01387298060581088, 0.013484753284822492, 0.012493133791448438, 0.01279927565551856, 0.012760143864023335, 0.012117067406720975, 0.015700073227943742, 0.035942892598755216, 0.013851895353154224, 0.013844765092739287, 0.012759862933307886, 0.01249829597552033, 0.013353169512222795, 0.01292701270979117, 0.013917371466317597, 0.014131279826602516, 0.012484030852861264, 0.013975729097557418, 0.015736811054760918, 0.0160853226449998, 0.014107256936018957, 0.013084841946906903, 0.01572951107450268, 0.012904895195627914, 0.012691113467821303, 0.020132318056900713]
############## TEST LOSS ############## 
0.041286406417687736
############## TRAIN MEAN_IOU ############## 
[0.4603295562839186, 0.5121807993666546, 0.5946857248609131, 0.6521015304165918, 0.6939217287140924, 0.717517301440239, 0.7428731660585146, 0.7640873983099654, 0.7812602612617854, 0.7952495752959639, 0.8069323861115688, 0.815411506069673, 0.8228486796488633, 0.8300587542959161, 0.836686073928266, 0.8418070214825708, 0.8432053927634213, 0.8465915797529994, 0.8507768797713358, 0.8546259346845988, 0.8582920705949938, 0.8617132511493322, 0.8648337073422767, 0.8677143680082785, 0.8704260434653308, 0.8728327996827461, 0.8749669379479176, 0.8760849994582098, 0.8780444663118672, 0.8799949244067475, 0.8818884886599876, 0.8836771636395842, 0.885286047249227, 0.8868133844556035, 0.8882069084289912, 0.8891598082877494, 0.8903064711673839, 0.8913432879222406, 0.8925515884483183, 0.8936836328860875, 0.8948089943544285, 0.8958741937940186, 0.8968165214802768, 0.8977913618893236, 0.8987111445214298, 0.8996278430159027, 0.9004919557152568, 0.9013365499071173, 0.9018921525897207, 0.9014551490545273, 0.9020772689097637, 0.9027956542936532, 0.9035072370960906, 0.9041953642626066, 0.904860020086572, 0.9055183751357568, 0.9061788389006177, 0.9068127930969805, 0.9074270608457359, 0.9080260702081628, 0.9083907165237375, 0.9084806559053628, 0.9089333096871505, 0.9094025057715338, 0.9098787948086455, 0.910362351987813, 0.910812352154706]
############## VALIDATION MEAN_IOU ############## 
[0.4603295562839186, 0.5121807993666546, 0.5946857248609131, 0.6521015304165918, 0.6939217287140924, 0.717517301440239, 0.7428731660585146, 0.7640873983099654, 0.7812602612617854, 0.7952495752959639, 0.8069323861115688, 0.815411506069673, 0.8228486796488633, 0.8300587542959161, 0.836686073928266, 0.8418070214825708, 0.8432053927634213, 0.8465915797529994, 0.8507768797713358, 0.8546259346845988, 0.8582920705949938, 0.8617132511493322, 0.8648337073422767, 0.8677143680082785, 0.8704260434653308, 0.8728327996827461, 0.8749669379479176, 0.8760849994582098, 0.8780444663118672, 0.8799949244067475, 0.8818884886599876, 0.8836771636395842, 0.885286047249227, 0.8868133844556035, 0.8882069084289912, 0.8891598082877494, 0.8903064711673839, 0.8913432879222406, 0.8925515884483183, 0.8936836328860875, 0.8948089943544285, 0.8958741937940186, 0.8968165214802768, 0.8977913618893236, 0.8987111445214298, 0.8996278430159027, 0.9004919557152568, 0.9013365499071173, 0.9018921525897207, 0.9014551490545273, 0.9020772689097637, 0.9027956542936532, 0.9035072370960906, 0.9041953642626066, 0.904860020086572, 0.9055183751357568, 0.9061788389006177, 0.9068127930969805, 0.9074270608457359, 0.9080260702081628, 0.9083907165237375, 0.9084806559053628, 0.9089333096871505, 0.9094025057715338, 0.9098787948086455, 0.910362351987813, 0.910812352154706]
############## TEST MEAN_IOU ############## 
0.910916102293766
############## VOC ############## 
0.9554580450057983
