############## TRAIN LOSS ############## 
[0.20537658614685406, 0.13349519244621735, 0.0874971313955816, 0.059689870154535446, 0.036146811259960804, 0.02941222403299164, 0.02601267539619191, 0.022795756221623033, 0.09417144646490547, 0.03766975539887475, 0.02784718301877178, 0.02505465080281971, 0.022582066188742582, 0.02181807820798477, 0.01891287477573732, 0.020572954304264608, 0.017589087852880964, 0.017799569507809105, 0.017959844116499094, 0.017022253272148805, 0.016343038283741555, 0.016517715421631128, 0.016651898100217048, 0.01511467104412716, 0.014272415894083679, 0.01414783506314396, 0.018128007659814448, 0.01482300372869783, 0.01411103838551286, 0.014129938551451306, 0.01336259749164251, 0.033873982969797344, 0.015704990037389704, 0.014163193355843023, 0.013617594053062636, 0.013836700154619443, 0.013658155281272894, 0.0134974038039611, 0.013359600190400472, 0.012803774714042005, 0.014718174050260033, 0.01286061980283341, 0.012799855214669495, 0.05205631598742125, 0.026011345769605926, 0.016303707301188762, 0.014711314994791473, 0.013707910488183433, 0.01368496987049946]
############## VALIDATION LOSS ############## 
[0.16809958351009033, 0.23262597620487213, 0.5290410343338462, 0.05642299430773539, 0.11410495091010542, 0.05548934485105907, 0.03295209850458538, 0.14671708511955597, 0.06838761905536932, 0.03865249411148183, 0.03662934417233748, 0.039271331666147005, 0.03358241389779484, 0.03429756269735448, 0.037392755312954676, 0.021382599521209213, 0.022394226918763974, 0.02313895055147655, 0.019410251365864977, 0.02222581213230596, 0.018184869002331707, 0.020226495669168586, 0.019573931801406777, 0.015676423551186043, 0.014627721872838104, 0.014926476157544291, 0.018113597350962022, 0.015066752128083916, 0.01452246294630801, 0.015877302462125525, 0.02016217995654134, 0.017707640852998283, 0.016372173613704303, 0.018723946502980066, 0.02217881430817001, 0.020310233675819987, 0.016390584190102184, 0.018383215291096884, 0.02341865564641707, 0.02461418556049466, 0.015520107220200932, 0.01818959880620241, 0.01586453411180307, 0.03358439849141766, 0.018132038469261983, 0.015030551044379963, 0.01452852478798698, 0.016697217682924342, 0.0155979718958192]
############## TEST LOSS ############## 
0.03636656545779922
############## TRAIN MEAN_IOU ############## 
[0.46009346510510185, 0.4755379402556935, 0.5034919451620128, 0.5401441865676159, 0.592072200130772, 0.6324088589565174, 0.6687428081357801, 0.6966522170885189, 0.7005624670434643, 0.7026855550907753, 0.7164985585857082, 0.7305750734097248, 0.7426339323456222, 0.7531741374247783, 0.7633006516340617, 0.7721384578459972, 0.78026210939562, 0.7878790344740894, 0.7944622809017027, 0.800619050860405, 0.8062972829148576, 0.8115730285644531, 0.8162127394933958, 0.8207243346684688, 0.825090859387372, 0.8291557092924375, 0.83273973738825, 0.8359260716148325, 0.8391601044583965, 0.8422406054026371, 0.8451703078037983, 0.8464127730678868, 0.8483140939796293, 0.8506550031739313, 0.8529769013056884, 0.8551695004508302, 0.8572792394741161, 0.8592313757619342, 0.8611525760309117, 0.8629817443119513, 0.864649773046777, 0.8663147550982397, 0.867951083424929, 0.8687146978603827, 0.8678481385514543, 0.8687891658093478, 0.8700766301638371, 0.8713846834930213, 0.8726743201951723]
############## VALIDATION MEAN_IOU ############## 
[0.46009346510510185, 0.4755379402556935, 0.5034919451620128, 0.5401441865676159, 0.592072200130772, 0.6324088589565174, 0.6687428081357801, 0.6966522170885189, 0.7005624670434643, 0.7026855550907753, 0.7164985585857082, 0.7305750734097248, 0.7426339323456222, 0.7531741374247783, 0.7633006516340617, 0.7721384578459972, 0.78026210939562, 0.7878790344740894, 0.7944622809017027, 0.800619050860405, 0.8062972829148576, 0.8115730285644531, 0.8162127394933958, 0.8207243346684688, 0.825090859387372, 0.8291557092924375, 0.83273973738825, 0.8359260716148325, 0.8391601044583965, 0.8422406054026371, 0.8451703078037983, 0.8464127730678868, 0.8483140939796293, 0.8506550031739313, 0.8529769013056884, 0.8551695004508302, 0.8572792394741161, 0.8592313757619342, 0.8611525760309117, 0.8629817443119513, 0.864649773046777, 0.8663147550982397, 0.867951083424929, 0.8687146978603827, 0.8678481385514543, 0.8687891658093478, 0.8700766301638371, 0.8713846834930213, 0.8726743201951723]
############## TEST MEAN_IOU ############## 
0.8735712575189996
############## VOC ############## 
0.9367856383323669
