############## TRAIN LOSS ############## 
[0.18251984556381767, 0.10439319999234097, 0.05956127022619586, 0.03622258180198637, 0.028072299360222108, 0.025149789481499308, 0.024746210493675962, 0.021947595344327792, 0.019803764100337552, 0.016959885887273058, 0.02000092586968094, 0.01628143328393029, 0.026988781919400837, 0.01724837052421896, 0.015698282976282407, 0.017529807163628976, 0.01450697543426744, 0.014405532941423558, 0.014150230805515437, 0.013801695851332231, 0.014460486331577035, 0.013462213796211054, 0.01365558321373789, 0.013260459486470633, 0.013257882601858393, 0.028272713968731666, 0.014709804310916445, 0.014260729085779874, 0.017691673003011256, 0.013587763775265901, 0.013084070832544082, 0.012823737358573723, 0.0135331783519202, 0.012439419424186486, 0.030204230507307157, 0.015130759770604404, 0.013762879588112637]
############## VALIDATION LOSS ############## 
[0.24468913236085107, 0.17097536386812434, 0.07151965512072339, 0.06752136831774432, 0.14928880925564206, 0.03182660673251923, 0.041517759673297405, 0.026168537490508136, 0.04307746591375155, 0.04283909702344852, 0.02539804857224226, 0.017218044438563725, 0.02109929667237927, 0.0235962780082927, 0.018862217938637033, 0.015407678123344393, 0.013097475337631562, 0.028004508821622413, 0.02053167766836636, 0.017867647029240343, 0.0674819369416903, 0.01642938259550754, 0.015070960720014922, 0.017972527756629622, 0.023942854474572575, 0.017082791446762925, 0.01470363131888649, 0.013820900307858692, 0.016792307443478528, 0.014582149574861807, 0.014181717600235167, 0.018827844000257114, 0.014040015309172519, 0.015481479822055381, 0.021956378758391914, 0.013566311887081932, 0.014668980476391666]
############## TEST LOSS ############## 
0.03283784944902767
############## TRAIN MEAN_IOU ############## 
[0.46043617832096845, 0.4936021252258404, 0.552921291944143, 0.6196340725228593, 0.6667181619921246, 0.6983056680576222, 0.7265668148930008, 0.7465596666207185, 0.7642420357143557, 0.7787266027283024, 0.7906215078121906, 0.801070026046521, 0.8092557522090705, 0.8157784834101394, 0.8228804312042288, 0.8290936709255785, 0.834791782337266, 0.8401396061117584, 0.844765734430906, 0.849050041388821, 0.852839857339859, 0.855979337080105, 0.8593675647232983, 0.8624140229579564, 0.8653136229998356, 0.8665858543402439, 0.868389489682945, 0.8706515157544935, 0.8725922079505147, 0.874436985399272, 0.8764349516179111, 0.8783380477815061, 0.8800901283283491, 0.8817356917503718, 0.8827405575964902, 0.8832904974351058, 0.884620544072744]
############## VALIDATION MEAN_IOU ############## 
[0.46043617832096845, 0.4936021252258404, 0.552921291944143, 0.6196340725228593, 0.6667181619921246, 0.6983056680576222, 0.7265668148930008, 0.7465596666207185, 0.7642420357143557, 0.7787266027283024, 0.7906215078121906, 0.801070026046521, 0.8092557522090705, 0.8157784834101394, 0.8228804312042288, 0.8290936709255785, 0.834791782337266, 0.8401396061117584, 0.844765734430906, 0.849050041388821, 0.852839857339859, 0.855979337080105, 0.8593675647232983, 0.8624140229579564, 0.8653136229998356, 0.8665858543402439, 0.868389489682945, 0.8706515157544935, 0.8725922079505147, 0.874436985399272, 0.8764349516179111, 0.8783380477815061, 0.8800901283283491, 0.8817356917503718, 0.8827405575964902, 0.8832904974351058, 0.884620544072744]
############## TEST MEAN_IOU ############## 
0.8854902072386308
############## VOC ############## 
0.9427450895309448
