############## TRAIN LOSS ############## 
[0.2050876768456923, 0.12977841989816846, 0.08103653317871126, 0.04302230996482477, 0.03129280196830026, 0.02947716849126123, 0.025600776799979644, 0.0230796185410204, 0.022678694530465716, 0.020635321764652995, 0.018663353686271287, 0.01699678779176965, 0.017783930128742312, 0.025374867097550147, 0.01587713906868688, 0.015949181627129782, 0.015522759974103522, 0.015066452418781212, 0.015329368944229508, 0.014753309270442539, 0.01923174293699196, 0.04979706495824094, 0.017395544435350678, 0.01542831289682638, 0.01452510738493623, 0.014315244483736318, 0.014661491272744496, 0.013881580416440359, 0.01366512879502733, 0.013457030076785264, 0.013065675411977479, 0.02024031152973908, 0.016514204615550872, 0.014235138292172673, 0.013055688500202991, 0.01295632280006602, 0.012695637786433706, 0.01297855016624404, 0.013982443236494186, 0.014090417402897132, 0.012946119229938532, 0.012633781858115783, 0.012686598029717602, 0.012923958318031116, 0.013877479727631686, 0.013879306985669443, 0.039590951445436964, 0.016421002282358304, 0.013987161842099315]
############## VALIDATION LOSS ############## 
[0.171411712818286, 0.23621524519780102, 0.07847719157443327, 0.10555776471600813, 0.16530766951687195, 0.04071389730362331, 0.033498180811019504, 0.05771404592429891, 0.05375339183956385, 0.07890684146653204, 0.05810640883796355, 0.03161349405041512, 0.06484966982594308, 0.023955235531663194, 0.02176005711012027, 0.025793314993600634, 0.025831056512234843, 0.028850747272372246, 0.028173836660297477, 0.022260047632324344, 0.13858287430861416, 0.023057262878865004, 0.017615053994471535, 0.014100647257531391, 0.01803874914698741, 0.015668729566695058, 0.015685636796714628, 0.018678218564566446, 0.013717875076348291, 0.017330836093820193, 0.016997872879180836, 0.027517121504334843, 0.015118877019952326, 0.016923466259065795, 0.023632113356143236, 0.0195409051306984, 0.014160863151225974, 0.017978327184477273, 0.018509731819743618, 0.01780094688429552, 0.01399703641586444, 0.015000215238508056, 0.018116456237347686, 0.014609809197923717, 0.02336164689896738, 0.014194217839223497, 0.01908033401431406, 0.018125592676155707, 0.01769119851729449]
############## TEST LOSS ############## 
0.0307498716721029
############## TRAIN MEAN_IOU ############## 
[0.45934127945754977, 0.473976847891872, 0.5093722442114675, 0.5687956544193061, 0.6207087491009686, 0.6589983182178961, 0.6905802214467848, 0.7171108811288267, 0.7342168406860249, 0.7511203365551459, 0.7643246409055349, 0.7763713143161826, 0.787127827067633, 0.7948398187353805, 0.8027493019361753, 0.8103220700412184, 0.8170409403942727, 0.8232217841857189, 0.8287044654826861, 0.8335575352649431, 0.8381061272041218, 0.8355148583650589, 0.8379860927124281, 0.841491516780209, 0.845042744198361, 0.8482970776590141, 0.8514169986183578, 0.854284056135126, 0.8570091454563914, 0.8596225819877676, 0.862075192300049, 0.8642134163025263, 0.8652544927758139, 0.8672038711406089, 0.8691229683321875, 0.870966095376659, 0.8727634553168271, 0.8744634313357843, 0.8760091734899057, 0.8773817013244372, 0.8788024203197377, 0.8802058193329219, 0.8815454824550731, 0.8828022387382146, 0.8839696577271899, 0.8849829366883716, 0.8848867086139885, 0.8849451888251949, 0.8858208313987062]
############## VALIDATION MEAN_IOU ############## 
[0.45934127945754977, 0.473976847891872, 0.5093722442114675, 0.5687956544193061, 0.6207087491009686, 0.6589983182178961, 0.6905802214467848, 0.7171108811288267, 0.7342168406860249, 0.7511203365551459, 0.7643246409055349, 0.7763713143161826, 0.787127827067633, 0.7948398187353805, 0.8027493019361753, 0.8103220700412184, 0.8170409403942727, 0.8232217841857189, 0.8287044654826861, 0.8335575352649431, 0.8381061272041218, 0.8355148583650589, 0.8379860927124281, 0.841491516780209, 0.845042744198361, 0.8482970776590141, 0.8514169986183578, 0.854284056135126, 0.8570091454563914, 0.8596225819877676, 0.862075192300049, 0.8642134163025263, 0.8652544927758139, 0.8672038711406089, 0.8691229683321875, 0.870966095376659, 0.8727634553168271, 0.8744634313357843, 0.8760091734899057, 0.8773817013244372, 0.8788024203197377, 0.8802058193329219, 0.8815454824550731, 0.8828022387382146, 0.8839696577271899, 0.8849829366883716, 0.8848867086139885, 0.8849451888251949, 0.8858208313987062]
############## TEST MEAN_IOU ############## 
0.8864225528456948
############## VOC ############## 
0.9432113170623779
