############## TRAIN LOSS ############## 
[0.20457730935634794, 0.15139365452971007, 0.0930551873847238, 0.04944065564337212, 0.0379282710381557, 0.0293300088834823, 0.025051643820227804, 0.02309242299934094, 0.0268577166574982, 0.022095514090127638, 0.020315516862791736, 0.018268688622786588, 0.017058896467190336, 0.016640329333903216, 0.015472293340575856, 0.015223793487215566, 0.014753987421155782, 0.06287062757434575, 0.055115008198127556, 0.029848068379922897, 0.02323124053057384, 0.018205637017869064, 0.01786971017026116, 0.016367709474965325, 0.018921756453031825, 0.016173514361317094, 0.015301067567732488, 0.01433352952684603, 0.014053938718437142, 0.01460487286031649, 0.014013416174723691, 0.013805411774916825, 0.013650660535219955, 0.013423251151736523, 0.013405919392794572, 0.01410892983659397, 0.015624220341418844, 0.017065507287436443, 0.01364871086175176, 0.012943847803398967, 0.015791236325418827, 0.013499713760825831, 0.012723478875626382, 0.012852548822961949, 0.013537660030320892, 0.012889552455571657, 0.012399272631375573, 0.012324855644004169, 0.014966291557947124, 0.012480785938080502, 0.012123776086908136, 0.01223523312600682, 0.012191077999493762, 0.011939970153459423]
############## VALIDATION LOSS ############## 
[0.15682874970576344, 0.2632645315983716, 0.08225083394962199, 0.1013085259234204, 0.08571243899710038, 0.07493454579483061, 0.04600138797917787, 0.6431381053784314, 0.0254984969711479, 0.21924767687040217, 0.022177185753689092, 0.026566295062794405, 0.017558336805771377, 0.0239962203811635, 0.017803569899543244, 0.01907034045742715, 0.01974316094728077, 0.09869734088287634, 0.045090388506650925, 0.027698352932929993, 0.029033836086883265, 0.01785167443620808, 0.021636015790350297, 0.0166493701912901, 0.01833225488114883, 0.015933273907969978, 0.016035907463554072, 0.015786057064200148, 0.01570230210199952, 0.01956324786057367, 0.014118765645167407, 0.017217995818046963, 0.014899805845583187, 0.013112435199539451, 0.016294482903664604, 0.014489161206738037, 0.01744138394646785, 0.014094611848978436, 0.01595510753309902, 0.013533849269151688, 0.014369551503263852, 0.015178029315874857, 0.015344810452969634, 0.013924361288766651, 0.014182640130029005, 0.017294248620815137, 0.01765959200394504, 0.04441944827489993, 0.013685153441174942, 0.01574177179923829, 0.014836769879740827, 0.015811115421135637, 0.015071334125583662, 0.017065672669559717]
############## TEST LOSS ############## 
0.0408096428621899
############## TRAIN MEAN_IOU ############## 
[0.4604497569034228, 0.4724843479894303, 0.4897658822906984, 0.5509111700025765, 0.6030848449146425, 0.6428811582359107, 0.675277674923072, 0.7026760131120682, 0.7149497540415944, 0.732537240998165, 0.7449951183957022, 0.7590888931944564, 0.7712204516739458, 0.7819497089933705, 0.7912142176080394, 0.7996280153055448, 0.8070925470139529, 0.8127657074380565, 0.805884025789596, 0.808042986972912, 0.8119343305761749, 0.8163720482104534, 0.8207576959519773, 0.8249699215631228, 0.8288380568091934, 0.8322929023085414, 0.8357906619439254, 0.8391690185746631, 0.8423939065353291, 0.8453848446543152, 0.8481700440516343, 0.8508447062324833, 0.8533442499669822, 0.8557280229555594, 0.858010592090117, 0.8601224245251836, 0.8620126883725863, 0.8635961804035548, 0.8653460821589908, 0.8671099169028772, 0.8686725710694855, 0.8702151203477705, 0.871747752701914, 0.8732301528389389, 0.8746334676806992, 0.8759569388789099, 0.877271294191077, 0.8785469008458627, 0.8795443998800742, 0.8806784209367391, 0.8818277732746022, 0.8829446447056692, 0.8840082831479408, 0.8850557578576578]
############## VALIDATION MEAN_IOU ############## 
[0.4604497569034228, 0.4724843479894303, 0.4897658822906984, 0.5509111700025765, 0.6030848449146425, 0.6428811582359107, 0.675277674923072, 0.7026760131120682, 0.7149497540415944, 0.732537240998165, 0.7449951183957022, 0.7590888931944564, 0.7712204516739458, 0.7819497089933705, 0.7912142176080394, 0.7996280153055448, 0.8070925470139529, 0.8127657074380565, 0.805884025789596, 0.808042986972912, 0.8119343305761749, 0.8163720482104534, 0.8207576959519773, 0.8249699215631228, 0.8288380568091934, 0.8322929023085414, 0.8357906619439254, 0.8391690185746631, 0.8423939065353291, 0.8453848446543152, 0.8481700440516343, 0.8508447062324833, 0.8533442499669822, 0.8557280229555594, 0.858010592090117, 0.8601224245251836, 0.8620126883725863, 0.8635961804035548, 0.8653460821589908, 0.8671099169028772, 0.8686725710694855, 0.8702151203477705, 0.871747752701914, 0.8732301528389389, 0.8746334676806992, 0.8759569388789099, 0.877271294191077, 0.8785469008458627, 0.8795443998800742, 0.8806784209367391, 0.8818277732746022, 0.8829446447056692, 0.8840082831479408, 0.8850557578576578]
############## TEST MEAN_IOU ############## 
0.8857719732053352
############## VOC ############## 
0.9428859949111938
