############## TRAIN LOSS ############## 
[0.21606306862589475, 0.13165947462658625, 0.10786418611737522, 0.09793387997794796, 0.07872622747074913, 0.06444112138470283, 0.05243523513294152, 0.04924009730284278, 0.03871550085652318, 0.034111134173046495, 0.03182209245357159, 0.03165541276511912, 0.026237624112164248, 0.02765683700783631, 0.02269542060880544, 0.02182026601685966, 0.019625242063272243, 0.018775634999336623, 0.017696971271967364, 0.02526260812678752, 0.021736096905393375, 0.017592138362217794, 0.01619940943311195, 0.015693099470809102, 0.015609336522961589, 0.015004635791646669, 0.014621504075900727, 0.014712263540540999, 0.08734137278893409, 0.07312797281790424, 0.03898095971325765, 0.026938611320597498, 0.02170629134540119, 0.019392850075697375, 0.017606218100047193, 0.017112396383733564, 0.01695932450742033, 0.016370949291347248, 0.01599714964175144, 0.015098921278164396, 0.015302759368677397, 0.018031751334264472, 0.014821852233286041, 0.032202358788659645, 0.01627912271352535, 0.015166394151369663, 0.014996559293059682, 0.01448320085812058, 0.014072587723038285, 0.015433772948469865, 0.013304550376896923, 0.013613296559432874, 0.013442284723341063, 0.013167504979473716, 0.013001289643422776, 0.013222260872606893, 0.012755613437400677, 0.020112337214192626, 0.01497697996328006, 0.014113902350308726, 0.013600909818165205, 0.014023318273216687, 0.017284989869851317, 0.014111590571701527, 0.014288059426345737, 0.01315872695586468, 0.01313631486688816]
############## VALIDATION LOSS ############## 
[0.13705604917862835, 0.1890942945199854, 0.1335192686494659, 0.11270536175545524, 0.10297292953028399, 0.09490894307108487, 0.09476005285978317, 0.13926594266120126, 0.08385932664660846, 0.09835152481408681, 0.08167970553040504, 0.07124217292841743, 0.04383099900887293, 0.29092037327149334, 0.02875727157601539, 0.04343847990693415, 0.053663586704608274, 0.044971687719225883, 0.01873409523464301, 0.021602242418071804, 0.03454618999624953, 0.017341077053809866, 0.020556878490263924, 0.01928255654981031, 0.02578513663919533, 0.01985165964373771, 0.022455977878588086, 0.023216255447443795, 0.12607305584584966, 0.04603855399524465, 0.03369224378291298, 0.024162271936588427, 0.020451292888644862, 0.017950797727441088, 0.017864339272765553, 0.019036563113331795, 0.015578751589226373, 0.01700703232713482, 0.01763333774664823, 0.020819772062275338, 0.01565548169481404, 0.014782173476894112, 0.017086088410852587, 0.01696371010449879, 0.016341120388139698, 0.014317524372873938, 0.013046874363413629, 0.018142962992629585, 0.013582736281130244, 0.014226524433230652, 0.01741175526095664, 0.015470840502530336, 0.016283408711280895, 0.014910308945485774, 0.0157573448274942, 0.013467899112797835, 0.01535705559174804, 0.016914526137578136, 0.01468842284863486, 0.01370320247267099, 0.01663438165012528, 0.05969523912405267, 0.017295224263387567, 0.014561998520923011, 0.017206787871306434, 0.014688788118826993, 0.020662236383513492]
############## TEST LOSS ############## 
0.03921813928719723
############## TRAIN MEAN_IOU ############## 
[0.4596811807840257, 0.47332884471964193, 0.4896582030766719, 0.5074732430480622, 0.531222132412163, 0.5572755896561855, 0.5849152352358844, 0.6079039332028982, 0.6267234219892605, 0.646564217032613, 0.6635286884533392, 0.6781452145125415, 0.6909803039318806, 0.7042067232164176, 0.7133460383157473, 0.7247218815861521, 0.7347879143985542, 0.7437720415559975, 0.7523706027784863, 0.7595904779595297, 0.7665363405201886, 0.7727889253481014, 0.7792584924279032, 0.7852683437837137, 0.7908220391821217, 0.7959681423129262, 0.8008663352276828, 0.8054187156864114, 0.8076968378311878, 0.8009335608095736, 0.7995722636177733, 0.8013509991201194, 0.8040717058890575, 0.8070840070376525, 0.8101519547604226, 0.8131451731598055, 0.8160247899390556, 0.8188264901573593, 0.8214478126248798, 0.8240372949355358, 0.8265453089733381, 0.8287711292505264, 0.8309349051198444, 0.8322864033885904, 0.8337890819923298, 0.8357863965872172, 0.8377631822147885, 0.8396545036419018, 0.841494321017652, 0.8432264718654994, 0.8449712311093872, 0.8466770028745806, 0.8483079285235018, 0.8499089608321319, 0.8514593714797819, 0.8529550819783598, 0.8544177437150801, 0.8556666523218155, 0.8566942347868068, 0.8579268886430843, 0.8591570354796745, 0.8603726460321529, 0.8609376275861585, 0.8620080271282712, 0.8630840001074044, 0.864156788668117, 0.8652214782463538]
############## VALIDATION MEAN_IOU ############## 
[0.4596811807840257, 0.47332884471964193, 0.4896582030766719, 0.5074732430480622, 0.531222132412163, 0.5572755896561855, 0.5849152352358844, 0.6079039332028982, 0.6267234219892605, 0.646564217032613, 0.6635286884533392, 0.6781452145125415, 0.6909803039318806, 0.7042067232164176, 0.7133460383157473, 0.7247218815861521, 0.7347879143985542, 0.7437720415559975, 0.7523706027784863, 0.7595904779595297, 0.7665363405201886, 0.7727889253481014, 0.7792584924279032, 0.7852683437837137, 0.7908220391821217, 0.7959681423129262, 0.8008663352276828, 0.8054187156864114, 0.8076968378311878, 0.8009335608095736, 0.7995722636177733, 0.8013509991201194, 0.8040717058890575, 0.8070840070376525, 0.8101519547604226, 0.8131451731598055, 0.8160247899390556, 0.8188264901573593, 0.8214478126248798, 0.8240372949355358, 0.8265453089733381, 0.8287711292505264, 0.8309349051198444, 0.8322864033885904, 0.8337890819923298, 0.8357863965872172, 0.8377631822147885, 0.8396545036419018, 0.841494321017652, 0.8432264718654994, 0.8449712311093872, 0.8466770028745806, 0.8483079285235018, 0.8499089608321319, 0.8514593714797819, 0.8529550819783598, 0.8544177437150801, 0.8556666523218155, 0.8566942347868068, 0.8579268886430843, 0.8591570354796745, 0.8603726460321529, 0.8609376275861585, 0.8620080271282712, 0.8630840001074044, 0.864156788668117, 0.8652214782463538]
############## TEST MEAN_IOU ############## 
0.8659338134707827
############## VOC ############## 
0.932966947555542
