############## TRAIN LOSS ############## 
[0.19987214125088743, 0.12376339602712039, 0.07122600442301985, 0.042310739603094956, 0.03366242160366194, 0.0314998350143936, 0.02389626536593848, 0.0204542672569939, 0.0193948103555453, 0.018097669024624535, 0.01882322266307735, 0.01633221993688494, 0.01786262444786828, 0.01971789065597428, 0.01608107174192933, 0.017164756012199498, 0.014640336475536428, 0.014985570218414068, 0.015229388772560333, 0.014403659013427189, 0.01585062690758826, 0.01497848509697596, 0.014328606228495168, 0.01378797396790941, 0.043188569091914875, 0.015785028887409215, 0.017733490802473516, 0.01574169272695341, 0.013680403114523034, 0.013325002123098317, 0.0135112747115813, 0.013106450164766126, 0.013241051051237091, 0.012933489199526407, 0.012909164428836791, 0.013075048579028933, 0.012515235604164569, 0.02393005326440608, 0.014757689075997553, 0.01326655046510938, 0.012936875136015383, 0.012688459642860736, 0.012362658178333092, 0.01291447482071817, 0.012508840435436246, 0.012234774880690148, 0.019256722647696733, 0.014665194604596173, 0.012414368259644992, 0.012241697439143585, 0.012332225256171581, 0.012087462287446534, 0.013019250642911002, 0.01307087588262417, 0.012759372758729433, 0.012004160347419817, 0.011792380177113856, 0.011783012198410122, 0.011642245893568002, 0.01169761727136132, 0.011724160235324825, 0.012057033518480288, 0.01316784754886317, 0.028290929911481973, 0.013587522502938236]
############## VALIDATION LOSS ############## 
[0.24076719143811395, 0.1148183871718014, 0.1311220373300945, 0.10210677959463176, 0.08897051412393064, 0.04402912386200007, 0.055080766625264115, 0.027753260753610554, 0.03878133420777671, 0.026129770366584554, 0.02960015822421102, 0.042392364374416715, 0.01823910977691412, 0.03994411432786899, 0.04757074787117103, 0.015532160972190253, 0.017096113249221268, 0.01804747457122978, 0.01827616017202244, 0.01914189106729977, 0.017838080468423227, 0.017087142832358095, 0.020877504392581826, 0.054469165008734256, 0.018339093993691838, 0.01329125729663407, 0.01784442291211556, 0.015351300620857407, 0.016883933396242997, 0.014224279808866628, 0.017452076871824616, 0.015852535691331413, 0.018315342309720376, 0.022416717591969407, 0.01563785709988545, 0.014584727448356502, 0.01547682860537487, 0.018406726036439922, 0.01313816402655314, 0.015546522623694995, 0.016594904009252787, 0.016268683926147574, 0.015964007059879163, 0.015424900441704428, 0.012381106313756284, 0.01329105202218189, 0.01417515374829664, 0.015998599092092586, 0.013267908656202695, 0.015226144069696175, 0.015807947609573603, 0.015667555114144787, 0.012502530397956861, 0.01508906954789863, 0.013912208022221047, 0.014870284782613026, 0.014653900693006375, 0.013567815973039936, 0.013803769231719129, 0.01582413396852858, 0.013230716809630394, 0.014765101786264601, 0.018743506660137105, 0.015016563757158378, 0.012884584584218614]
############## TEST LOSS ############## 
0.036014755092787024
############## TRAIN MEAN_IOU ############## 
[0.4594392702990287, 0.47767306542074356, 0.5148217740493852, 0.5815155026880471, 0.6318893392343778, 0.6687217668907063, 0.6984233066842362, 0.7235652284847723, 0.7448912653568629, 0.7615714242329469, 0.7758544522362787, 0.7879206501954311, 0.7978830309333028, 0.8065013003510397, 0.8135243199161581, 0.8199399774138992, 0.8261421153674254, 0.8319783895402342, 0.837074213334032, 0.8416907215440596, 0.8458908288865477, 0.8495890155837342, 0.8530226148463584, 0.8563072894876068, 0.8564892447478062, 0.8585563076509012, 0.8611826135500057, 0.8632443321717752, 0.8656526626767339, 0.8679838039585062, 0.8702086053184561, 0.8722710404041651, 0.8742242423263756, 0.8760548685048077, 0.8777912637671909, 0.8794194633090818, 0.8809806068201322, 0.8821206245873425, 0.882845914847142, 0.884143777393006, 0.8854452238695042, 0.8866930249575022, 0.8879033125735618, 0.889057303602631, 0.8901464447781846, 0.8912354031124631, 0.892086428564948, 0.892652041606001, 0.8935461934353854, 0.8944714161995295, 0.8953648249845247, 0.8962336271195799, 0.8970218260545988, 0.8977861605785988, 0.8985061907284969, 0.8992299095198915, 0.8999734963919666, 0.9006959646940231, 0.9013928263574034, 0.9020800489831615, 0.9027470483167751, 0.9033580281444498, 0.9039491064645149, 0.9038496613502502, 0.9040993226541055]
############## VALIDATION MEAN_IOU ############## 
[0.4594392702990287, 0.47767306542074356, 0.5148217740493852, 0.5815155026880471, 0.6318893392343778, 0.6687217668907063, 0.6984233066842362, 0.7235652284847723, 0.7448912653568629, 0.7615714242329469, 0.7758544522362787, 0.7879206501954311, 0.7978830309333028, 0.8065013003510397, 0.8135243199161581, 0.8199399774138992, 0.8261421153674254, 0.8319783895402342, 0.837074213334032, 0.8416907215440596, 0.8458908288865477, 0.8495890155837342, 0.8530226148463584, 0.8563072894876068, 0.8564892447478062, 0.8585563076509012, 0.8611826135500057, 0.8632443321717752, 0.8656526626767339, 0.8679838039585062, 0.8702086053184561, 0.8722710404041651, 0.8742242423263756, 0.8760548685048077, 0.8777912637671909, 0.8794194633090818, 0.8809806068201322, 0.8821206245873425, 0.882845914847142, 0.884143777393006, 0.8854452238695042, 0.8866930249575022, 0.8879033125735618, 0.889057303602631, 0.8901464447781846, 0.8912354031124631, 0.892086428564948, 0.892652041606001, 0.8935461934353854, 0.8944714161995295, 0.8953648249845247, 0.8962336271195799, 0.8970218260545988, 0.8977861605785988, 0.8985061907284969, 0.8992299095198915, 0.8999734963919666, 0.9006959646940231, 0.9013928263574034, 0.9020800489831615, 0.9027470483167751, 0.9033580281444498, 0.9039491064645149, 0.9038496613502502, 0.9040993226541055]
############## TEST MEAN_IOU ############## 
0.9042782891880382
############## VOC ############## 
0.952139139175415
