############## TRAIN LOSS ############## 
[0.18063115245486433, 0.079816230912567, 0.04354990090595911, 0.039341770584468506, 0.029478955114058947, 0.02699165031741801, 0.020853883998997107, 0.018767999680209403, 0.01819759706110769, 0.018021254784528266, 0.020441455867242168, 0.015834692208020872, 0.02107421909396008, 0.01602689572295325, 0.014812379436743623, 0.014026724280336418, 0.018207148718018387, 0.02043507421213026, 0.015554785577429307, 0.018825075397192425, 0.013884577034922267, 0.01442679771964715, 0.013943802329359224, 0.013253768176041745, 0.013440794902979522, 0.017938083818031324, 0.013399989432277711, 0.013011043438234844, 0.013342185408455899, 0.01344804949680897, 0.013138979396505936, 0.013890007686977452, 0.01279248806924836, 0.012617943047017261, 0.01253520474592979, 0.012532343420930006, 0.012491926711329536, 0.01215306347286379, 0.021459587431210722, 0.015664942962167836, 0.01375958720234701, 0.012995106618020785, 0.013340742368175573, 0.01250146098774732, 0.01305264058346684]
############## VALIDATION LOSS ############## 
[0.24530145000008977, 0.11449989238206078, 0.06285886576070505, 0.16205555945634842, 0.26077106551212426, 0.08311327174305916, 0.06534203377497547, 0.06668780009974451, 0.11729897449121755, 0.31094522686565623, 0.04143634668606169, 0.019126493565957334, 0.016972293940317983, 0.027893295511603355, 0.015703085481243974, 0.016656221191891852, 0.12064376824042376, 0.01689152408610372, 0.34908150224124684, 0.015723767087740058, 0.016785503693801516, 0.01281194742221166, 0.017594945452669087, 0.01493169178309686, 0.011909014874083154, 0.013282102012239835, 0.014232837978531332, 0.016118252540335935, 0.012807844042339745, 0.017575648339355692, 0.012816806406001835, 0.013153119834468645, 0.014236746629809631, 0.01838020229821696, 0.015392306699034046, 0.012449668884715614, 0.012909420108532204, 0.01675115109366529, 0.016272177234949434, 0.013369346010115217, 0.01274837542544393, 0.015431413454387118, 0.014272994690519921, 0.012893191456575604, 0.011997283025480369]
############## TEST LOSS ############## 
0.031392153646006726
############## TRAIN MEAN_IOU ############## 
[0.4607047508093151, 0.5102661962847452, 0.5968440191165821, 0.6535107759205071, 0.6871853442610921, 0.7142901774999257, 0.7387522104624156, 0.7592996105148986, 0.7756616010053737, 0.788450608785088, 0.7967183912122572, 0.8065265924543947, 0.8150910425025064, 0.8223654458651671, 0.8292616923918595, 0.8356708380821589, 0.8413065905506546, 0.8434629979971293, 0.8477898260226121, 0.8486144031221802, 0.8524476144764874, 0.8561027521217192, 0.8593888782166146, 0.8625055603884362, 0.8653963844518404, 0.8676809217478778, 0.8700231978216687, 0.8723633426266748, 0.8745550517294858, 0.8765209301097973, 0.8784375943847604, 0.8801863564027322, 0.8818290873959258, 0.8834840679490888, 0.8850402678992297, 0.8865174929032454, 0.8879309163705723, 0.8892954479198198, 0.8902102144988807, 0.8907659585411484, 0.8917355388402939, 0.8927980439888464, 0.8938146604074014, 0.8948077986369262, 0.8957763435067357]
############## VALIDATION MEAN_IOU ############## 
[0.4607047508093151, 0.5102661962847452, 0.5968440191165821, 0.6535107759205071, 0.6871853442610921, 0.7142901774999257, 0.7387522104624156, 0.7592996105148986, 0.7756616010053737, 0.788450608785088, 0.7967183912122572, 0.8065265924543947, 0.8150910425025064, 0.8223654458651671, 0.8292616923918595, 0.8356708380821589, 0.8413065905506546, 0.8434629979971293, 0.8477898260226121, 0.8486144031221802, 0.8524476144764874, 0.8561027521217192, 0.8593888782166146, 0.8625055603884362, 0.8653963844518404, 0.8676809217478778, 0.8700231978216687, 0.8723633426266748, 0.8745550517294858, 0.8765209301097973, 0.8784375943847604, 0.8801863564027322, 0.8818290873959258, 0.8834840679490888, 0.8850402678992297, 0.8865174929032454, 0.8879309163705723, 0.8892954479198198, 0.8902102144988807, 0.8907659585411484, 0.8917355388402939, 0.8927980439888464, 0.8938146604074014, 0.8948077986369262, 0.8957763435067357]
############## TEST MEAN_IOU ############## 
0.8963284434694232
############## VOC ############## 
0.9481642246246338
