############## TRAIN LOSS ############## 
[0.20614091578770327, 0.14333948402388677, 0.10078951012896928, 0.051625527894577465, 0.03696335479617119, 0.030341333785169834, 0.025882869474338117, 0.027548447320539807, 0.02120101822200357, 0.01955382405100642, 0.022527808710504825, 0.01932205235258349, 0.017921324432324116, 0.01667788838401336, 0.015417635878170462, 0.03142335977896142, 0.01894709890129397, 0.016844455464239662, 0.015351058902672014, 0.01455254978311525, 0.014549691381083953, 0.04458274661462654, 0.022274885811163363, 0.016850413254311157, 0.01521248319752615, 0.015990157929450476, 0.014796057486327717, 0.014437078721695454, 0.014259680164852054, 0.014768664032925625, 0.013609009294619633, 0.013918848374757814, 0.013651569043537853, 0.0217066642079452, 0.01522646307932666, 0.014292774180806166, 0.013135354940754336, 0.013052258055304756, 0.012879968498128693, 0.012761247986172503, 0.013389335872882322, 0.014694682048709207, 0.012930801981506316, 0.012897129299597361, 0.013028276807351693, 0.013086001706510983, 0.012450381320573994, 0.012397313358362866, 0.01235728368565843, 0.015345351613202208, 0.016443956152510805, 0.012966035031461837, 0.012311040697543806]
############## VALIDATION LOSS ############## 
[0.17749006082029903, 0.3428204077131608, 0.16296696399941163, 0.1412608877700918, 0.21022725675035925, 0.10141210104612743, 0.1677811456953778, 0.24003063361434376, 0.0899280970916152, 0.20738769497941523, 0.035340669236200696, 0.02587046879617607, 0.05268998186597053, 0.020179055192891288, 0.028535685556776384, 0.018085041439489406, 0.023272706579197857, 0.015334172174334526, 0.028238791041076183, 0.02289400008671424, 0.018831612597055295, 0.036854286130298584, 0.019652047550634426, 0.014685069429962075, 0.013814430245581795, 0.01683075013844406, 0.017154446885208872, 0.023737177636255238, 0.023492713924497366, 0.015239557580036275, 0.015371549299315494, 0.01662515602348482, 0.012131686294999193, 0.016601374400231766, 0.034138431169969195, 0.014237099546281731, 0.018830383306040484, 0.014026921379434712, 0.015791725476875025, 0.015117252902949558, 0.013761637513251865, 0.013787515653187738, 0.014639157555339968, 0.014759729479384772, 0.012341215768281151, 0.014101988800308284, 0.012539000880411443, 0.014078329755541156, 0.01458265637869344, 0.0236877514706815, 0.014462753116865368, 0.013376338955234079, 0.013825385064324913]
############## TEST LOSS ############## 
0.03404118452559818
############## TRAIN MEAN_IOU ############## 
[0.46062299377612165, 0.47314260799337077, 0.48052461465468277, 0.5401569085346686, 0.592372267230137, 0.6327714887825219, 0.6664089500098616, 0.6909038803061923, 0.7096249191342173, 0.727868989109993, 0.7410569150705595, 0.754618689417839, 0.7671442140598554, 0.7774405120997816, 0.7873216569423676, 0.7945323526053816, 0.7999819899733002, 0.8064633998516444, 0.8127386179324743, 0.8185029823232342, 0.8237786905185597, 0.8273134855805216, 0.8276706619842632, 0.83126747527638, 0.8350249299326459, 0.8384942867465921, 0.8418139404541737, 0.8449542880863756, 0.8478756639603022, 0.8505529998927503, 0.8532296531909221, 0.8557408524526132, 0.8581164084576272, 0.8597356564289814, 0.8615880310535431, 0.8632590678092595, 0.865180496831198, 0.8670324614724597, 0.868825730842513, 0.870529746284356, 0.8721207013806781, 0.8735701441764832, 0.8749695758561831, 0.8763907700777054, 0.8777194989694131, 0.8790202229409605, 0.8802462401422294, 0.8814942458191434, 0.8826752506397866, 0.8837719603970244, 0.8844557178987039, 0.8854023540342176, 0.8863884323352093]
############## VALIDATION MEAN_IOU ############## 
[0.46062299377612165, 0.47314260799337077, 0.48052461465468277, 0.5401569085346686, 0.592372267230137, 0.6327714887825219, 0.6664089500098616, 0.6909038803061923, 0.7096249191342173, 0.727868989109993, 0.7410569150705595, 0.754618689417839, 0.7671442140598554, 0.7774405120997816, 0.7873216569423676, 0.7945323526053816, 0.7999819899733002, 0.8064633998516444, 0.8127386179324743, 0.8185029823232342, 0.8237786905185597, 0.8273134855805216, 0.8276706619842632, 0.83126747527638, 0.8350249299326459, 0.8384942867465921, 0.8418139404541737, 0.8449542880863756, 0.8478756639603022, 0.8505529998927503, 0.8532296531909221, 0.8557408524526132, 0.8581164084576272, 0.8597356564289814, 0.8615880310535431, 0.8632590678092595, 0.865180496831198, 0.8670324614724597, 0.868825730842513, 0.870529746284356, 0.8721207013806781, 0.8735701441764832, 0.8749695758561831, 0.8763907700777054, 0.8777194989694131, 0.8790202229409605, 0.8802462401422294, 0.8814942458191434, 0.8826752506397866, 0.8837719603970244, 0.8844557178987039, 0.8854023540342176, 0.8863884323352093]
############## TEST MEAN_IOU ############## 
0.8870851455312787
############## VOC ############## 
0.9435425996780396
