############## TRAIN LOSS ############## 
[0.1924859485714822, 0.10266169121589612, 0.05809530958130553, 0.03511786063176554, 0.030030338156565622, 0.027721046275031323, 0.023322911675062938, 0.0202699726560732, 0.02759110918142707, 0.01878852504808959, 0.018641011452780583, 0.016189870723472857, 0.016100361464998207, 0.016155337298137916, 0.015334168688167591, 0.03213285635590453, 0.016402053244009212, 0.015825535535711695, 0.015575175818584457, 0.01462285511346685, 0.014787263032426504, 0.013723448507261236, 0.013945335972223532, 0.013384131966410456, 0.013190607046330901, 0.028142801328637713, 0.019985186087118613, 0.01536943855368205, 0.014189813887020824, 0.01395293403215505, 0.013340547432292354, 0.016847089294822433, 0.014340608481418443, 0.013308745302335435, 0.013074822453278545, 0.0128206225124666, 0.012649610868302753, 0.012561080753929107, 0.04337917351654756, 0.031237333956350748, 0.018115952651872224, 0.014764709442199484, 0.014059635505357103, 0.013916442800011183, 0.014378124876325397, 0.012888404949744409, 0.013393045963115385, 0.012884818385606883, 0.01238211667215502, 0.012385642133980385, 0.01235532174767876, 0.012202454180255331, 0.011938063755027345, 0.01214767391227085]
############## VALIDATION LOSS ############## 
[0.25072051146451163, 0.10255808690015007, 0.07187367822317516, 0.06360861615223043, 0.03998271912774619, 0.10095179650713415, 0.03057195098303697, 0.036753469365922845, 0.023341435007750988, 0.020124028053353813, 0.023263320874641922, 0.02491686547942021, 0.017876658561256004, 0.018101598273086196, 0.020722275599837303, 0.023439119350822532, 0.015358067254590638, 0.014539765522760503, 0.022215485298896536, 0.020391952821656185, 0.024136524592690608, 0.01620953335591099, 0.018939944614163217, 0.015801494448062253, 0.015083476928446223, 0.048744756509276, 0.017378156539052725, 0.015578632434720503, 0.01777869205483619, 0.0167898434378645, 0.018998642452061176, 0.019701945458484048, 0.018014662625158533, 0.01308041493244031, 0.015885852578589144, 0.014728208373793784, 0.019907382837332347, 0.018591793664895436, 0.0806083924630109, 0.017376831623122972, 0.0164627703728483, 0.014890532420181176, 0.01705881134223412, 0.015080700244973688, 0.014273889773689648, 0.01370200772276696, 0.017219918944379863, 0.015149243997738641, 0.01387523311902495, 0.016493623528410408, 0.01596542927162612, 0.013857012422864927, 0.016732567318660373, 0.013826405191246201]
############## TEST LOSS ############## 
0.03655127397540844
############## TRAIN MEAN_IOU ############## 
[0.4604328986559365, 0.4873179980629199, 0.554069319286862, 0.6167237899593405, 0.6642413860237276, 0.6987453175557626, 0.7237651267567197, 0.746490431798471, 0.7634797265400758, 0.7771669227529217, 0.7899136708394902, 0.8008912995054915, 0.8101366335475767, 0.8183327232663696, 0.8256102196268134, 0.8300725572012566, 0.8342338921250524, 0.8392124864700679, 0.8438520475819304, 0.8480141170926996, 0.8519005243842667, 0.8555200377831588, 0.8589489572757, 0.8620650498448191, 0.8649592113655966, 0.8674081044422614, 0.8673065639025456, 0.8691503703594208, 0.8712641020884385, 0.8732907973431252, 0.8752781164807242, 0.8768255529371468, 0.878451215657028, 0.8800244879078221, 0.8816088091682743, 0.8831456190830952, 0.8846406231860857, 0.8860462887867077, 0.8868891314880268, 0.8841289249626366, 0.884407985049325, 0.8853743801245818, 0.8864325429942157, 0.8874912930501474, 0.8884738272911793, 0.8894863374329902, 0.8905039063176593, 0.8914466770114126, 0.8924024805829331, 0.8933312470043028, 0.8942267608803671, 0.8950949649553042, 0.8959452562235497, 0.8967680955255354]
############## VALIDATION MEAN_IOU ############## 
[0.4604328986559365, 0.4873179980629199, 0.554069319286862, 0.6167237899593405, 0.6642413860237276, 0.6987453175557626, 0.7237651267567197, 0.746490431798471, 0.7634797265400758, 0.7771669227529217, 0.7899136708394902, 0.8008912995054915, 0.8101366335475767, 0.8183327232663696, 0.8256102196268134, 0.8300725572012566, 0.8342338921250524, 0.8392124864700679, 0.8438520475819304, 0.8480141170926996, 0.8519005243842667, 0.8555200377831588, 0.8589489572757, 0.8620650498448191, 0.8649592113655966, 0.8674081044422614, 0.8673065639025456, 0.8691503703594208, 0.8712641020884385, 0.8732907973431252, 0.8752781164807242, 0.8768255529371468, 0.878451215657028, 0.8800244879078221, 0.8816088091682743, 0.8831456190830952, 0.8846406231860857, 0.8860462887867077, 0.8868891314880268, 0.8841289249626366, 0.884407985049325, 0.8853743801245818, 0.8864325429942157, 0.8874912930501474, 0.8884738272911793, 0.8894863374329902, 0.8905039063176593, 0.8914466770114126, 0.8924024805829331, 0.8933312470043028, 0.8942267608803671, 0.8950949649553042, 0.8959452562235497, 0.8967680955255354]
############## TEST MEAN_IOU ############## 
0.8972774790995048
############## VOC ############## 
0.9486387372016907
