############## TRAIN LOSS ############## 
[0.18168914078961354, 0.08734674946832899, 0.04811452611072643, 0.03782629219789964, 0.03189598082413746, 0.024711570324929984, 0.021313027170411235, 0.021734327452282445, 0.019021388401302533, 0.019346865797037812, 0.016152619953720353, 0.02525190674586574, 0.032222585831265395, 0.018557865339381672, 0.015878865448128734, 0.016545621634184104, 0.019782745723008505, 0.015190294087939971, 0.015335586236638797, 0.014522522901864472, 0.014504774039409854, 0.015640055156640104, 0.014527672524186405, 0.013572083631958309, 0.01358994744667733, 0.013077394904669476, 0.013427049450173572, 0.01308616402407957, 0.012908068142604787, 0.013277231287714597, 0.02220862137619406, 0.017934988397551147, 0.013409136753604823, 0.013028348242310254, 0.013572216914916361, 0.013036905948349551, 0.013327779210600499, 0.012845697208634904, 0.012975338459442797, 0.01761966319817647, 0.014183899236691964, 0.013209983898402267, 0.018927458805862715, 0.014656052097199938, 0.013177685983906928, 0.01263093699487178, 0.012162693222430913, 0.012202031145853972, 0.011901793413090746, 0.012222449597273324]
############## VALIDATION LOSS ############## 
[0.2830190202769111, 0.14316458693322012, 0.10121712132411845, 0.05190041979007861, 0.055840053102549386, 0.025475536253960693, 0.03021493838990436, 0.048424335196614265, 0.022922462948104915, 0.019909338149077752, 0.019591440474066663, 0.05835833882584291, 0.017916737781728014, 0.019902304718818736, 0.0276191054350313, 0.014023598009610878, 0.015233823673470932, 0.01701506125905058, 0.01535614366259645, 0.01602504084653714, 0.01826830112430103, 0.014022178290521397, 0.015379771234138924, 0.013626020511283594, 0.014225186615744057, 0.017791720737210092, 0.014764994519817479, 0.015255797846133219, 0.015095287660027252, 0.012500066638869397, 0.023418107234379825, 0.015429943882148056, 0.014358637388795614, 0.014174744322457734, 0.014280516407726443, 0.015438377446330646, 0.014980927849298014, 0.014932201189153334, 0.014259409981177133, 0.018588942119523007, 0.01740312307853909, 0.015299172551535508, 0.0160226933658123, 0.012942948981243022, 0.015540519044460618, 0.013093832935042241, 0.014209287350668627, 0.014042065697996056, 0.015323981615331243, 0.015642559046254438]
############## TEST LOSS ############## 
0.043940814968311426
############## TRAIN MEAN_IOU ############## 
[0.46066967246902957, 0.5037715676668528, 0.5824797330675898, 0.6392191519608369, 0.6839980567629272, 0.7152000738156808, 0.7418342695848362, 0.7621332431161726, 0.7784091504038991, 0.7919618249744982, 0.8036140227639997, 0.8136551464731628, 0.8151047499598684, 0.8215519101233095, 0.8283597979996655, 0.8342916482203716, 0.8391830852708301, 0.8438604989567319, 0.8483627611720884, 0.8524016089536048, 0.8561298831089122, 0.859404948112127, 0.8624203656170819, 0.8653627134658195, 0.8681411727054699, 0.8706862306272661, 0.8731184384307346, 0.8753551071560061, 0.8774809760821832, 0.8794443865080137, 0.8810854240043743, 0.8815258785679534, 0.8830168553300806, 0.8845765562476339, 0.8860415868662499, 0.8874422871583217, 0.8887810626545468, 0.890040481412733, 0.8912602683176866, 0.8922735927878199, 0.8929883012095013, 0.8939962576369982, 0.894822246722273, 0.8953572535837019, 0.8962245970158964, 0.897118315906138, 0.8980297301266644, 0.898919020955627, 0.8997714467145301, 0.9005807473047359]
############## VALIDATION MEAN_IOU ############## 
[0.46066967246902957, 0.5037715676668528, 0.5824797330675898, 0.6392191519608369, 0.6839980567629272, 0.7152000738156808, 0.7418342695848362, 0.7621332431161726, 0.7784091504038991, 0.7919618249744982, 0.8036140227639997, 0.8136551464731628, 0.8151047499598684, 0.8215519101233095, 0.8283597979996655, 0.8342916482203716, 0.8391830852708301, 0.8438604989567319, 0.8483627611720884, 0.8524016089536048, 0.8561298831089122, 0.859404948112127, 0.8624203656170819, 0.8653627134658195, 0.8681411727054699, 0.8706862306272661, 0.8731184384307346, 0.8753551071560061, 0.8774809760821832, 0.8794443865080137, 0.8810854240043743, 0.8815258785679534, 0.8830168553300806, 0.8845765562476339, 0.8860415868662499, 0.8874422871583217, 0.8887810626545468, 0.890040481412733, 0.8912602683176866, 0.8922735927878199, 0.8929883012095013, 0.8939962576369982, 0.894822246722273, 0.8953572535837019, 0.8962245970158964, 0.897118315906138, 0.8980297301266644, 0.898919020955627, 0.8997714467145301, 0.9005807473047359]
############## TEST MEAN_IOU ############## 
0.9009536862373352
############## VOC ############## 
0.950476884841919
