############## TRAIN LOSS ############## 
[0.2019041652816373, 0.1590932735770538, 0.1196853311581386, 0.0830895567463862, 0.05212724928718966, 0.037939037164874574, 0.029782082665258565, 0.02995032289166104, 0.02674199511120851, 0.023178770644212695, 0.019212839350960142, 0.01958206111590403, 0.018210943942461665, 0.019814460594962176, 0.019815811619942857, 0.017623181187396718, 0.015369692049618508, 0.017477141403769318, 0.016401072252994857, 0.014808534166297398, 0.018860072655779485, 0.01641835497591544, 0.014882684883510543, 0.01395301365394246, 0.013671081456531948, 0.013648561406503053, 0.012982921375943398, 0.01324380618973157, 0.013008135647789852, 0.01384221639081433, 0.013454541586012253, 0.12715443279090766, 0.03979733607077317, 0.02494031547669422, 0.018983011952022445, 0.018392364787114028, 0.015671727621953027, 0.015045844046776561]
############## VALIDATION LOSS ############## 
[0.2418285450514625, 0.27802053795141335, 0.18882722582887201, 0.24445747627931483, 0.06323403974666315, 0.08060962597236913, 0.03856815616874134, 0.05285972992286963, 0.052874696057508976, 0.028764512115979895, 0.026051618487519378, 0.02712002002141055, 0.023693582344361964, 0.07480742716613938, 0.017483192030340433, 0.02549843621604583, 0.016810165690805984, 0.014317472657079207, 0.017595213372260332, 0.01937692557625911, 0.018184592919972015, 0.019613042994237998, 0.015973215457051992, 0.016439982361215, 0.01652448665460243, 0.015091342002372532, 0.01490292142090552, 0.016641574254369036, 0.017005942926249084, 0.015924284535953227, 0.02042224455405684, 0.060421052662765276, 0.027292156044174645, 0.022976552629295516, 0.021969392238294378, 0.019547415239846006, 0.022872435750768465, 0.021564972422578755]
############## TEST LOSS ############## 
0.037235758611650176
############## TRAIN MEAN_IOU ############## 
[0.459817687905318, 0.4722574528407406, 0.4761256348039653, 0.5009702347420357, 0.544507361344389, 0.5883627296299547, 0.6244415217960203, 0.6557122295772707, 0.6797787063830608, 0.6989818726842468, 0.7178721150030961, 0.7341541257259008, 0.7480073398029482, 0.759912586292705, 0.7686222799726434, 0.7780530307744, 0.7865403592586517, 0.7941665150023796, 0.8008663759038255, 0.807204656504296, 0.8126567324271073, 0.8175846012057485, 0.8221901204134967, 0.8267454976165617, 0.8310269294558345, 0.8348905585102133, 0.8386272465860521, 0.842113425602784, 0.8453794415738132, 0.8483691263843227, 0.8510820756892901, 0.8495857977383846, 0.8445165841966062, 0.8452694335499326, 0.8469390027426384, 0.8487977635216069, 0.8507933781759159, 0.8528033265390912]
############## VALIDATION MEAN_IOU ############## 
[0.459817687905318, 0.4722574528407406, 0.4761256348039653, 0.5009702347420357, 0.544507361344389, 0.5883627296299547, 0.6244415217960203, 0.6557122295772707, 0.6797787063830608, 0.6989818726842468, 0.7178721150030961, 0.7341541257259008, 0.7480073398029482, 0.759912586292705, 0.7686222799726434, 0.7780530307744, 0.7865403592586517, 0.7941665150023796, 0.8008663759038255, 0.807204656504296, 0.8126567324271073, 0.8175846012057485, 0.8221901204134967, 0.8267454976165617, 0.8310269294558345, 0.8348905585102133, 0.8386272465860521, 0.842113425602784, 0.8453794415738132, 0.8483691263843227, 0.8510820756892901, 0.8495857977383846, 0.8445165841966062, 0.8452694335499326, 0.8469390027426384, 0.8487977635216069, 0.8507933781759159, 0.8528033265390912]
############## TEST MEAN_IOU ############## 
0.8543026118567496
############## VOC ############## 
0.9271513223648071
