############## TRAIN LOSS ############## 
[0.1954550381397476, 0.09533760053533558, 0.05012342897621361, 0.03706336036525868, 0.028543495566810708, 0.02495078690274543, 0.02238439319252565, 0.020104030332830106, 0.019362313996975286, 0.018644535275352363, 0.01824224444823591, 0.01632410353930617, 0.0164629055212277, 0.018096118841345446, 0.01653651411116526, 0.027453026580120866, 0.015639084523443033, 0.015372810328404445, 0.015422314531295686, 0.014665339815405172, 0.013844514105192109, 0.013459886710562214, 0.016369449147778388, 0.013909010159959262, 0.01333750390472847, 0.013174300947276925, 0.013653496494265022, 0.013204497373285325, 0.013084711985209503, 0.013195848872734083, 0.013524149185852022, 0.020123168052098638, 0.7778309541376861, 0.9028144718424694, 0.9029037950409425, 0.9027669764048344, 0.9027286200104533]
############## VALIDATION LOSS ############## 
[0.17822613260325262, 0.10175447275533396, 0.0984857930418323, 0.040811344652491456, 0.1053988124956103, 0.08288945509668659, 0.06790333170005504, 0.06879871650872861, 0.06324657595113796, 0.07232589811524924, 0.02939343704458545, 0.027975693290286204, 0.023335086181759834, 0.023524725371423888, 0.027090333566507873, 0.01795266250915387, 0.014082414207651335, 0.017148211954490226, 0.01766618642517749, 0.01875139504451962, 0.014816042419303866, 0.014646908651818247, 0.018781464492135188, 0.015094916363630225, 0.01604258225244634, 0.017552683869486347, 0.016108403174097046, 0.016415649340214097, 0.023699565242756817, 0.015438765506534016, 0.014537569190211156, 0.09013165062402978, 0.940523401779287, 0.940523401779287, 0.940523401779287, 0.940523401779287, 0.940523401779287]
############## TEST LOSS ############## 
0.8556377938299468
############## TRAIN MEAN_IOU ############## 
[0.460076552891248, 0.4950506085076848, 0.5740177623323492, 0.6331740215017989, 0.6769618174514255, 0.7087533929058023, 0.7338475391671464, 0.7548585485767674, 0.7715001762718767, 0.7844535901739791, 0.7954166080500629, 0.8056997672931568, 0.8147244227899088, 0.8223183565848583, 0.8284630388826937, 0.8326501685219843, 0.8375577974963833, 0.8426430036087293, 0.8471556309912656, 0.8512117963384938, 0.855084497380901, 0.8587341264293, 0.8619516487862613, 0.8646018263455983, 0.867448786625991, 0.8700726386663076, 0.872463084555961, 0.8747166709319966, 0.876822437386255, 0.878694610015766, 0.8805696182959789, 0.8822481269771988, 0.8761127393793415, 0.8643536056215698, 0.8532597080275819, 0.8427758369896863, 0.8328543152358081]
############## VALIDATION MEAN_IOU ############## 
[0.460076552891248, 0.4950506085076848, 0.5740177623323492, 0.6331740215017989, 0.6769618174514255, 0.7087533929058023, 0.7338475391671464, 0.7548585485767674, 0.7715001762718767, 0.7844535901739791, 0.7954166080500629, 0.8056997672931568, 0.8147244227899088, 0.8223183565848583, 0.8284630388826937, 0.8326501685219843, 0.8375577974963833, 0.8426430036087293, 0.8471556309912656, 0.8512117963384938, 0.855084497380901, 0.8587341264293, 0.8619516487862613, 0.8646018263455983, 0.867448786625991, 0.8700726386663076, 0.872463084555961, 0.8747166709319966, 0.876822437386255, 0.878694610015766, 0.8805696182959789, 0.8822481269771988, 0.8761127393793415, 0.8643536056215698, 0.8532597080275819, 0.8427758369896863, 0.8328543152358081]
############## TEST MEAN_IOU ############## 
0.8235419540694265
############## VOC ############## 
0.9117709398269653
