############## TRAIN LOSS ############## 
[0.18293694170141542, 0.10770662405805008, 0.05392547617540569, 0.0380566582851414, 0.029127105007048796, 0.024806498317047954, 0.02153599473672944, 0.0206784310599638, 0.018987063287027383, 0.019196599316028122, 0.018131158569500455, 0.016171938447105523, 0.03218528676173977, 0.01757192943006049, 0.015473311049611988, 0.015323955984156881, 0.014734599531653363, 0.014661606602572106, 0.014192888003497108, 0.014410065046536762, 0.015495540659144722, 0.014863052137976361, 0.013930109276033536, 0.013535271335795924, 0.013290278660762753, 0.013193436501849745, 0.015499767454064175, 0.01366781727159144, 0.013399574244898316, 0.04472042149171938, 0.016287338473154483, 0.014218034071696771, 0.013682934452427199, 0.013136358421950324, 0.012964016248195155, 0.012424423661385034, 0.012755901414296916, 0.012417016148164466, 0.012956512374551716, 0.0123405969147948, 0.0127424588238166, 0.012698098856678887, 0.020946176433180634, 0.018811303376522218, 0.013224635657074081, 0.012649553006741445, 0.012453049301748743, 0.013152522620166073, 0.012328814655366177, 0.012326864465894932, 0.012820995469401414, 0.012544102626978545, 0.011979884905363055, 0.01180044695344829, 0.011733870415293888, 0.012031136568308481, 0.011809740306784373, 0.011707257649332687, 0.01172650812785267, 0.012125210229282242, 0.012033392049095317, 0.01656033323977042, 0.01331458702633107, 0.01220487487640836, 0.011977321823832352, 0.01176652086684732]
############## VALIDATION LOSS ############## 
[0.15132148563861847, 0.14350176251986446, 0.13961471792529612, 0.08725863563663819, 0.05734963035758804, 0.06420680524452645, 0.034552068778258914, 0.03981352422167273, 0.02356488843831946, 0.022269452264642015, 0.03442283144549412, 0.06862190908149761, 0.020376111490323263, 0.015920674072249848, 0.01688819397788714, 0.013810029938159621, 0.014875759918461828, 0.01741977351005463, 0.015969226766815958, 0.023029229357181227, 0.022159568061504292, 0.015191941083792378, 0.021864930715631035, 0.013683191418428631, 0.012942104764720973, 0.023008474258377272, 0.023560653276303235, 0.014017028213642976, 0.013506045482833596, 0.01964804215137573, 0.015467489056070061, 0.017055601785507274, 0.016510750605341268, 0.015569862800047678, 0.017562361105399972, 0.012911589843604495, 0.019755086642416084, 0.01589599484577775, 0.01633954735691933, 0.015302725218455581, 0.014502259163076387, 0.018372022574219632, 0.01823207752450424, 0.015870110679636982, 0.01655126121990821, 0.012051904245334514, 0.015727905090898275, 0.017470450332278713, 0.013406181653194568, 0.018701157313497627, 0.014880293405012172, 0.012160590055453427, 0.014049089486327241, 0.012758944101412506, 0.012507874628200251, 0.012596032993101022, 0.012308400562580894, 0.013551517143188155, 0.016192350837895098, 0.015986603547764176, 0.01244392744539415, 0.01610345212633119, 0.01402917452266111, 0.012286440387149067, 0.013553581090972704, 0.012477020952193177]
############## TEST LOSS ############## 
0.04149898577368621
############## TRAIN MEAN_IOU ############## 
[0.4605802042862853, 0.48958958645124695, 0.5453845612906121, 0.6092790361191776, 0.6574506074995607, 0.6944725239599073, 0.723144255779885, 0.745934788842459, 0.764067030839018, 0.7789583741813093, 0.7916349861267451, 0.8021219215683035, 0.8078467805643339, 0.8142551276329402, 0.8216313868761063, 0.8283096302200008, 0.834218988547454, 0.839614908034737, 0.8444422402897397, 0.8487289572084272, 0.8524032529141452, 0.8557230234146118, 0.8590021238133714, 0.8620923302463583, 0.8650303289696977, 0.8677609156112414, 0.8701468581283415, 0.8722336956778088, 0.87442168230946, 0.8743514491094125, 0.8743321601603482, 0.8760887154856244, 0.8778274961420007, 0.8794948015664075, 0.8811357367683101, 0.8827091395049482, 0.8842194696535935, 0.8856214135885239, 0.8869679312448244, 0.888249163692062, 0.8894790495569641, 0.8906465958099108, 0.8915157652384526, 0.8918030117009137, 0.892645547518859, 0.8936202562338597, 0.894584792288574, 0.8954815135614292, 0.8963470281781377, 0.8972069226406716, 0.8980090988648904, 0.8987941041186049, 0.8995523682317218, 0.9003284835332149, 0.901084135915782, 0.9018126794615308, 0.9025252445324047, 0.9032118678898424, 0.9038736018780116, 0.9045125382977564, 0.9051036234643008, 0.9056166257407214, 0.9059179751454173, 0.9064530738302179, 0.9069871382938849, 0.907517069497624]
############## VALIDATION MEAN_IOU ############## 
[0.4605802042862853, 0.48958958645124695, 0.5453845612906121, 0.6092790361191776, 0.6574506074995607, 0.6944725239599073, 0.723144255779885, 0.745934788842459, 0.764067030839018, 0.7789583741813093, 0.7916349861267451, 0.8021219215683035, 0.8078467805643339, 0.8142551276329402, 0.8216313868761063, 0.8283096302200008, 0.834218988547454, 0.839614908034737, 0.8444422402897397, 0.8487289572084272, 0.8524032529141452, 0.8557230234146118, 0.8590021238133714, 0.8620923302463583, 0.8650303289696977, 0.8677609156112414, 0.8701468581283415, 0.8722336956778088, 0.87442168230946, 0.8743514491094125, 0.8743321601603482, 0.8760887154856244, 0.8778274961420007, 0.8794948015664075, 0.8811357367683101, 0.8827091395049482, 0.8842194696535935, 0.8856214135885239, 0.8869679312448244, 0.888249163692062, 0.8894790495569641, 0.8906465958099108, 0.8915157652384526, 0.8918030117009137, 0.892645547518859, 0.8936202562338597, 0.894584792288574, 0.8954815135614292, 0.8963470281781377, 0.8972069226406716, 0.8980090988648904, 0.8987941041186049, 0.8995523682317218, 0.9003284835332149, 0.901084135915782, 0.9018126794615308, 0.9025252445324047, 0.9032118678898424, 0.9038736018780116, 0.9045125382977564, 0.9051036234643008, 0.9056166257407214, 0.9059179751454173, 0.9064530738302179, 0.9069871382938849, 0.907517069497624]
############## TEST MEAN_IOU ############## 
0.9077301596150253
############## VOC ############## 
0.9538650512695312
