############## TRAIN LOSS ############## 
[0.19737368786858545, 0.0953136195327986, 0.04888276380763666, 0.03315329723488036, 0.028412419736284663, 0.030529395784125536, 0.022795828128535603, 0.020068532812434273, 0.02183892597394014, 0.01869537359153902, 0.017262317941876482, 0.015904868616269448, 0.018882924467451066, 0.017102221467507048, 0.015456165517428639, 0.015296266703690225, 0.014926199873632475, 0.016076472669688834, 0.02899701315028643, 0.016019776378556883, 0.01506852823926287, 0.013900738958319699, 0.014332782593555748, 0.013863313222631207, 0.013686631859682902, 0.013361888352429142, 0.012956153664335206, 0.013357266689323494, 0.012941085453447257, 0.022503012508103572, 0.013999344261891738, 0.013471237663808908, 0.014191816671046655, 0.03308646262912835, 0.0157976297573564, 0.01437837874982506, 0.013520808525484157, 0.012802284893680465, 0.012716055872875292, 0.012703468595203516, 0.01709893880084761, 0.01387827199367756, 0.012784648674061976, 0.012521680195916545, 0.012791615155701703]
############## VALIDATION LOSS ############## 
[0.15049488272737055, 0.13719846220577464, 0.15424634516239166, 0.10189114379532196, 0.14446372801766677, 0.0769526031525696, 0.15142317751751228, 0.06389054973774097, 0.03413947633303264, 0.021818308597978425, 0.024570155505310085, 0.02474753331283436, 0.032939382007016856, 0.02314215019235716, 0.017817635390469256, 0.01575393298202578, 0.013432780855937916, 0.019667448311605874, 0.01787624486228999, 0.017138981096008244, 0.018560072352342746, 0.014623446225681725, 0.018943926292088104, 0.013755809351363602, 0.012765851447030026, 0.015407123986412497, 0.017754056545741418, 0.014768169288906981, 0.021088543978026685, 0.01729540274861981, 0.01602980784852715, 0.01913071212851826, 0.03781571822679218, 0.01689994236563935, 0.014788006131044206, 0.017791275318492863, 0.015508969122653498, 0.014012709259986877, 0.014514368328758898, 0.01905636240125579, 0.015599083073218079, 0.015098178978351987, 0.014595428892575642, 0.01427261476569316, 0.01425900953986189]
############## TEST LOSS ############## 
0.03830152354908712
############## TRAIN MEAN_IOU ############## 
[0.4599814072654054, 0.4939723794122, 0.5683183255227836, 0.6304876075403111, 0.6760428189425856, 0.7042760619440595, 0.7288492632073325, 0.7472112662083393, 0.7648655236572832, 0.7786872805775823, 0.7914638257509953, 0.802448453935417, 0.8115176675287453, 0.8189038823585253, 0.8259211408125388, 0.8323002985200366, 0.8379278839439959, 0.8430246235551061, 0.8458557354437338, 0.8490327516117612, 0.8527888498596243, 0.8563935422414058, 0.8597498536109924, 0.8627863953242431, 0.8656699093612464, 0.868373985628824, 0.8709274220305521, 0.87330657082635, 0.8754798633021277, 0.8768450935950151, 0.8784174347246015, 0.88018053246511, 0.8818544866265478, 0.8821412353096781, 0.8823043208669972, 0.8836802743576668, 0.8850371177132065, 0.8863726379098119, 0.8876948159288716, 0.8889611540613948, 0.8900247002775604, 0.8908820353649758, 0.8919383678081874, 0.893001055798015, 0.8940137270334605]
############## VALIDATION MEAN_IOU ############## 
[0.4599814072654054, 0.4939723794122, 0.5683183255227836, 0.6304876075403111, 0.6760428189425856, 0.7042760619440595, 0.7288492632073325, 0.7472112662083393, 0.7648655236572832, 0.7786872805775823, 0.7914638257509953, 0.802448453935417, 0.8115176675287453, 0.8189038823585253, 0.8259211408125388, 0.8323002985200366, 0.8379278839439959, 0.8430246235551061, 0.8458557354437338, 0.8490327516117612, 0.8527888498596243, 0.8563935422414058, 0.8597498536109924, 0.8627863953242431, 0.8656699093612464, 0.868373985628824, 0.8709274220305521, 0.87330657082635, 0.8754798633021277, 0.8768450935950151, 0.8784174347246015, 0.88018053246511, 0.8818544866265478, 0.8821412353096781, 0.8823043208669972, 0.8836802743576668, 0.8850371177132065, 0.8863726379098119, 0.8876948159288716, 0.8889611540613948, 0.8900247002775604, 0.8908820353649758, 0.8919383678081874, 0.893001055798015, 0.8940137270334605]
############## TEST MEAN_IOU ############## 
0.8944743990898132
############## VOC ############## 
0.9472371935844421
