############## TRAIN LOSS ############## 
[0.19982443181042736, 0.13988365970451283, 0.08750663570606627, 0.04991816572618444, 0.03576979199676095, 0.028655772940633265, 0.023636155919096357, 0.02160310308524483, 0.024622348697251967, 0.0244059278566793, 0.018080804981543002, 0.016662178539066902, 0.0573743273806129, 0.04586014230232183, 0.023016887112847856, 0.019597042125423212, 0.01695897263424421, 0.016651826498501405, 0.018161428777652013, 0.016159016069503047, 0.015256465595165218, 0.014462970272713416, 0.014869931764346925, 0.015770893021662895, 0.01417690042305637, 0.013983650532601451, 0.01371484123346572, 0.016009290498127608, 0.01578925097222767, 0.01539229358407996, 0.015196471066037947, 0.0140751732569943, 0.013379996283785315, 0.012687123207551604, 0.012954494434509528, 0.012996016797055868, 0.012786249312370815, 0.015272054959692666, 0.013948120387598267, 0.01255721366347594, 0.012718143882355778, 0.012805393242554084, 0.012819457261168675, 0.012415668461471796, 0.012710983575497931, 0.012549391010071378, 0.015921404849536514, 0.01283393708070287, 0.021001444286289247, 0.013074403229119206, 0.01293908476804358, 0.012309208030913127, 0.011938430881756987, 0.011943374046225202, 0.011852231691591442, 0.012059676577337086, 0.012506811140180641]
############## VALIDATION LOSS ############## 
[0.16543718646554387, 0.22714178702410528, 0.17552986872546814, 0.06418294766369988, 0.045241334968630004, 0.0635648940635078, 0.044238151818075604, 0.04809957271551385, 0.044695429065648246, 0.0248444129658096, 0.029477908659507248, 0.019829010700478274, 0.12818143122336445, 0.035651265479186005, 0.022611807922230047, 0.02017836256281418, 0.01625307443935205, 0.014070428305250756, 0.020490481792127386, 0.019590057624394402, 0.01348829485804719, 0.01714848858468673, 0.014327731914818287, 0.01445620134472847, 0.01517762043787276, 0.015898577786762926, 0.01612396856002948, 0.014568184447639129, 0.019869225702303296, 0.016076454865362716, 0.014033049071098076, 0.016176300862913624, 0.01343205398606027, 0.014290032031781533, 0.014518677120042197, 0.01592330147019204, 0.012131247395539986, 0.01501423805294668, 0.015816249446395564, 0.014930787331917706, 0.01690046733026119, 0.014105876661179698, 0.02069144885000937, 0.02053778410396155, 0.015698598807348925, 0.01559176342561841, 0.013359901741804445, 0.014604859437574358, 0.01433111634105444, 0.013567930717459497, 0.014338189845576006, 0.012148900039713173, 0.014447347480146325, 0.012925818261197385, 0.013875987819012474, 0.013813488623675178, 0.014368355958996451]
############## TEST LOSS ############## 
0.04364671199159189
############## TRAIN MEAN_IOU ############## 
[0.45930958770819613, 0.4729995393269771, 0.4910596168121776, 0.5495790134410601, 0.6025567248060897, 0.6451122245273074, 0.680076763436601, 0.7071209835845071, 0.7293874939551225, 0.7439601667023994, 0.7592152610823915, 0.7727846801280975, 0.7827721910702216, 0.7776684809375454, 0.7831882105485813, 0.791035159616857, 0.7984248435980564, 0.8054250011572966, 0.8116092077783637, 0.8169956505298615, 0.8221941582254462, 0.8270972963120486, 0.8316627454918784, 0.8356342239154352, 0.839413863178846, 0.8429990430941453, 0.846414626450152, 0.8493464798540682, 0.8520911368163856, 0.8546415571425412, 0.8570328781733642, 0.8593022344080178, 0.8615656088332873, 0.8637749210402772, 0.865884052740561, 0.8678597018525407, 0.8697242418656478, 0.8713482743179476, 0.8728879855291264, 0.8744747614538347, 0.8760346186322134, 0.8774987825670758, 0.8788904064410442, 0.8802244067192078, 0.8814667572040815, 0.8826902569145769, 0.8837194446776364, 0.8847621594731873, 0.8855406456702465, 0.8863617226078704, 0.8873637983122388, 0.8883536546616941, 0.8893424280591913, 0.8902865986566286, 0.8912124955976332, 0.8921053647189527, 0.892942110428939]
############## VALIDATION MEAN_IOU ############## 
[0.45930958770819613, 0.4729995393269771, 0.4910596168121776, 0.5495790134410601, 0.6025567248060897, 0.6451122245273074, 0.680076763436601, 0.7071209835845071, 0.7293874939551225, 0.7439601667023994, 0.7592152610823915, 0.7727846801280975, 0.7827721910702216, 0.7776684809375454, 0.7831882105485813, 0.791035159616857, 0.7984248435980564, 0.8054250011572966, 0.8116092077783637, 0.8169956505298615, 0.8221941582254462, 0.8270972963120486, 0.8316627454918784, 0.8356342239154352, 0.839413863178846, 0.8429990430941453, 0.846414626450152, 0.8493464798540682, 0.8520911368163856, 0.8546415571425412, 0.8570328781733642, 0.8593022344080178, 0.8615656088332873, 0.8637749210402772, 0.865884052740561, 0.8678597018525407, 0.8697242418656478, 0.8713482743179476, 0.8728879855291264, 0.8744747614538347, 0.8760346186322134, 0.8774987825670758, 0.8788904064410442, 0.8802244067192078, 0.8814667572040815, 0.8826902569145769, 0.8837194446776364, 0.8847621594731873, 0.8855406456702465, 0.8863617226078704, 0.8873637983122388, 0.8883536546616941, 0.8893424280591913, 0.8902865986566286, 0.8912124955976332, 0.8921053647189527, 0.892942110428939]
############## TEST MEAN_IOU ############## 
0.8933800346923597
############## VOC ############## 
0.946690022945404
