############## TRAIN LOSS ############## 
[0.2068808392395039, 0.1533390961184695, 0.12993636936251377, 0.09842492051019862, 0.0484552282110058, 0.035740754630013895, 0.02910532772767584, 0.026452825492801698, 0.023724279026626736, 0.01922935133208395, 0.021913613881789952, 0.018593265549153894, 0.017192037725770794, 0.023800172880795355, 0.016182585279583127, 0.01620527667408759, 0.015423875651322305, 0.015795242934915667, 0.014821531782807732, 0.014971757792188106, 0.014524706878472824, 0.013843482737807004, 0.06444322315321581, 0.03813729075891142, 0.022272485465667135, 0.022177971588019783, 0.01806498007420954, 0.01671388213258438, 0.015436036713622711, 0.015729643879584164, 0.014446437384027082, 0.01518373578988217, 0.016483579095251655, 0.014086373276203065, 0.013976158501857237, 0.013506652466399042, 0.013190974893576995, 0.013303843588014511, 0.013827097265528061, 0.013390940113773418, 0.013476094246741283, 0.019737922529866163, 0.016756836755981518, 0.013902285114257923, 0.013365262795264858, 0.013750472760482415, 0.014614576766443616, 0.01421676715835929, 0.012576319097944006, 0.01254229958962045, 0.012164647561951063, 0.012309915744825392, 0.012063355751436305, 0.012159299624555215, 0.01232188315810384, 0.01208846187344878, 0.015347351851822759]
############## VALIDATION LOSS ############## 
[0.15920140988686504, 0.2135959250085494, 0.20206034534117756, 0.16074194452341864, 0.09426506236195564, 0.08494324259021703, 0.04843317366698209, 0.2057449055068633, 0.04008384662515977, 0.04517039755249724, 0.2248251324190813, 0.02523852594415931, 0.26742809397332806, 0.01836464792380438, 0.020144368576652864, 0.014576811452998835, 0.012690845438662697, 0.016381664338576442, 0.02293812031583751, 0.021534053471815938, 0.01524560819106067, 0.017494057387332704, 0.07740453564945389, 0.020049461766200906, 0.017592896488221252, 0.019495554597062224, 0.015435474185163485, 0.015981979284654644, 0.01598396185128128, 0.012990563751800972, 0.014436659320969792, 0.015836513519067976, 0.013122251229908536, 0.014380654922741301, 0.017454697175280136, 0.013711752808269332, 0.012436497545636752, 0.015301558791714557, 0.01360324238810469, 0.014369393616695614, 0.012647492701516432, 0.01571613210527336, 0.016886998652754462, 0.012908148798434174, 0.022034520146382207, 0.01612248069004101, 0.017033776213579318, 0.014704154530430542, 0.014479729757808587, 0.015233761329642114, 0.015395506613833062, 0.013712626827113768, 0.01316559810520095, 0.013529340161339325, 0.01530791210996754, 0.014784424346597755, 0.02118186592398321]
############## TEST LOSS ############## 
0.039799183968341714
############## TRAIN MEAN_IOU ############## 
[0.46058353469581215, 0.4725603890177366, 0.4727127793672922, 0.4835236954527932, 0.5279178993927466, 0.5770631215056857, 0.6178476415775918, 0.6512073097196786, 0.6751758544831663, 0.69802182268452, 0.716769609499622, 0.7302585727459675, 0.7448591263713064, 0.7526042284192266, 0.7634949357928457, 0.7734318186302442, 0.7822617751521033, 0.790286473325781, 0.7975109227605768, 0.8038611963794038, 0.8097892133770762, 0.8152096013765078, 0.8188673000077944, 0.8152942685662089, 0.8182523689559988, 0.821803891175502, 0.8250978307144062, 0.8285411096907951, 0.8318705611132287, 0.8351043088210596, 0.8381212756440446, 0.8409969734179007, 0.8435989598164687, 0.8461406383965466, 0.8486295012203423, 0.8509912208930867, 0.85327572033212, 0.855421506472536, 0.8574547912623431, 0.8593770942172488, 0.8612306001218589, 0.8626853022220973, 0.8640781818209468, 0.8655660591415457, 0.8670879815881317, 0.8685544656740652, 0.8699737759055318, 0.8711903856412785, 0.8725521882643571, 0.8738786376811363, 0.8751577171119483, 0.8763931454033465, 0.8775897046198716, 0.8787446030088373, 0.8798576907531636, 0.880926242148554, 0.8819181939234605]
############## VALIDATION MEAN_IOU ############## 
[0.46058353469581215, 0.4725603890177366, 0.4727127793672922, 0.4835236954527932, 0.5279178993927466, 0.5770631215056857, 0.6178476415775918, 0.6512073097196786, 0.6751758544831663, 0.69802182268452, 0.716769609499622, 0.7302585727459675, 0.7448591263713064, 0.7526042284192266, 0.7634949357928457, 0.7734318186302442, 0.7822617751521033, 0.790286473325781, 0.7975109227605768, 0.8038611963794038, 0.8097892133770762, 0.8152096013765078, 0.8188673000077944, 0.8152942685662089, 0.8182523689559988, 0.821803891175502, 0.8250978307144062, 0.8285411096907951, 0.8318705611132287, 0.8351043088210596, 0.8381212756440446, 0.8409969734179007, 0.8435989598164687, 0.8461406383965466, 0.8486295012203423, 0.8509912208930867, 0.85327572033212, 0.855421506472536, 0.8574547912623431, 0.8593770942172488, 0.8612306001218589, 0.8626853022220973, 0.8640781818209468, 0.8655660591415457, 0.8670879815881317, 0.8685544656740652, 0.8699737759055318, 0.8711903856412785, 0.8725521882643571, 0.8738786376811363, 0.8751577171119483, 0.8763931454033465, 0.8775897046198716, 0.8787446030088373, 0.8798576907531636, 0.880926242148554, 0.8819181939234605]
############## TEST MEAN_IOU ############## 
0.8822940656633088
############## VOC ############## 
0.9411470293998718
