############## TRAIN LOSS ############## 
[0.20769634646539753, 0.15817939535387465, 0.11714043405309722, 0.07985607304333432, 0.04526376677047763, 0.03472541714389179, 0.028998993242763588, 0.02604688804068074, 0.026113908989606676, 0.020393004763644893, 0.020920482357158453, 0.019380255262493283, 0.017951140570378787, 0.017777178219418873, 0.01752169692347682, 0.016615404596401227, 0.015516531858215662, 0.02237355805354545, 0.019538481304472364, 0.01706063951604773, 0.014859351165894721]
############## VALIDATION LOSS ############## 
[0.18838198482990265, 0.13566304217366612, 0.2083127498626709, 0.1660435313687605, 0.1173236332833767, 0.16211069550584345, 0.1310684823376291, 0.09249917636899387, 0.03937744047931012, 0.05878519277800532, 0.12011412333916216, 0.035414078546797526, 0.02370254700893865, 0.16599577533848145, 0.06191360720378511, 0.016891423092388055, 0.017042398918420076, 0.0614932241904385, 0.033487781991853434, 0.02245440788786201, 0.018890295643359423]
############## TEST LOSS ############## 
0.03225516431936712
############## TRAIN MEAN_IOU ############## 
[0.4606270529329777, 0.47270096516287, 0.47776522588085485, 0.5001735026771957, 0.5479996699739147, 0.5927331346917797, 0.628091639360866, 0.6571024410627984, 0.6809599967421712, 0.7028140747869337, 0.7211747161439948, 0.7346081705512227, 0.7485054606521452, 0.7608177287353052, 0.769578405328699, 0.7787169548305305, 0.7872914216808371, 0.7948188576343898, 0.8001186022081891, 0.8057720504097037, 0.8114599778845504]
############## VALIDATION MEAN_IOU ############## 
[0.4731675456551945, 0.47282055546255675, 0.48567139751770916, 0.5219814812435823, 0.5715877518934362, 0.6115551100057715, 0.6434338197988623, 0.6698666425312266, 0.6920168224503013, 0.7123443554429447, 0.7281358522527358, 0.741786960293265, 0.7547786516301772, 0.7653418604065391, 0.7742162802640129, 0.783052500556497, 0.7912815353449654, 0.7972898974138147, 0.8028140523854423, 0.8085842342937694, 0.8141510521664339]
############## TEST MEAN_IOU ############## 
0.815753519896305
