############## TRAIN LOSS ############## 
[0.1779787812533008, 0.12960975269812183, 0.07560071906678982, 0.04989132272532663, 0.04046442195445903, 0.03251882733751994, 0.02865826599677471, 0.028660887890067453, 0.023148120569719655, 0.020098829330448563, 0.05301587093571151, 0.023613721144863882, 0.020481712018089317, 0.019698772104331165, 0.017784994665055058, 0.0170678672997432, 0.01638592786243739, 0.017273016525684175, 0.017277799131399072, 0.016213035258162464, 0.015477361264512749]
############## VALIDATION LOSS ############## 
[0.254056833246175, 0.15041636149672902, 0.13849030829527798, 0.0988484943176017, 0.1781695883940248, 0.19889623671770096, 0.1775551315616159, 0.0553032577256946, 0.04800638726309819, 0.11802200512850985, 0.03816120216951651, 0.03648044596261838, 0.027350973885725525, 0.0253194338258575, 0.022151127402835032, 0.01864088441738311, 0.02730129626305664, 0.02127587658298366, 0.03555553581784753, 0.023566320593304494, 0.020336310187464252]
############## TEST LOSS ############## 
0.03788264339620417
############## TRAIN MEAN_IOU ############## 
[0.46061489318270943, 0.4909686428066847, 0.5195029194693308, 0.5729706629708007, 0.6165725608935227, 0.6489372438675648, 0.6761462422641548, 0.6974214907433536, 0.7167367862688528, 0.7349135283682797, 0.7424852147295669, 0.7505325594463864, 0.7625141872747524, 0.7728024982922787, 0.782287714046401, 0.7907996012552364, 0.7985301907803561, 0.8053235359288551, 0.8112716586203188, 0.8166078039117761, 0.8217752471163466]
############## VALIDATION MEAN_IOU ############## 
[0.47893038567374735, 0.49816203993909497, 0.5469590811168447, 0.5963122073341819, 0.6338900187436272, 0.6638253366245943, 0.6880582816460553, 0.7073268364457523, 0.7261366598746356, 0.7421707651194405, 0.7451485991477966, 0.7565920843797571, 0.7678230019176707, 0.7775822807760799, 0.7865652862717124, 0.7946799257222343, 0.8019906457732705, 0.8083045167081496, 0.8139067467521218, 0.8191862807554358, 0.8241820931434631]
############## TEST MEAN_IOU ############## 
0.825811501344045
