############## TRAIN LOSS ############## 
[0.18630312282491374, 0.10399178032939499, 0.04750322855102855, 0.036956147567645925, 0.027242477618258546, 0.024204384825016197, 0.024479613960343035, 0.02139571258433264, 0.019695196662576415, 0.01692899038096437, 0.01625452609732747, 0.025485272431192366, 0.01755299298973704, 0.016875374835689325, 0.015842771399892062, 0.014585476387543855, 0.015017609989799157, 0.014058705592351789, 0.016148966966775823, 0.022942762683472923, 0.016022701794910874, 0.013963740061012071, 0.01571464947286389, 0.01377389525579339, 0.013373813557287527, 0.01310596616334609, 0.012982390764345592]
############## VALIDATION LOSS ############## 
[0.1722355042310322, 0.08088277455638437, 0.060654944904586845, 0.08979087739306338, 0.07927535331862814, 0.09092131607672747, 0.059462869868559, 0.032932287191643435, 0.020877326509970075, 0.023429119849906248, 0.02189989645472344, 0.025840742349186364, 0.016987777123337284, 0.01596310847055386, 0.019350899356033874, 0.020302465349874076, 0.015402279301163028, 0.015547030934077851, 0.015367296606521396, 0.03331863151534515, 0.015486049219308531, 0.013903819846318048, 0.01941526333308395, 0.015138116281698732, 0.014483374981757472, 0.01465737953891649, 0.015027574071770205]
############## TEST LOSS ############## 
0.03190611189965046
############## TRAIN MEAN_IOU ############## 
[0.4607389201787678, 0.48612796092355576, 0.5635220871583836, 0.632976817118155, 0.6754605431814451, 0.709571156147364, 0.7354237916501792, 0.7537446972486135, 0.771614525769208, 0.7862387231072864, 0.7983860675547574, 0.8077524030530775, 0.8150015851935825, 0.822822905472807, 0.8295654247741442, 0.835719579780424, 0.8411742569626989, 0.8461857679727915, 0.8505698369966971, 0.8537502079396635, 0.8561066272290977, 0.8595329978176065, 0.8626769386433266, 0.865389417152147, 0.8681974688897262, 0.8708368189431526, 0.8732912894841787]
############## VALIDATION MEAN_IOU ############## 
[0.4742717024158029, 0.5160150948692771, 0.6021487327182994, 0.6557583808898926, 0.6943831654155955, 0.7238925940850202, 0.7452147252419415, 0.7631218328195459, 0.7790043283911312, 0.7925301124067867, 0.8038992776590235, 0.8107950897777781, 0.8190031752866858, 0.826217886279611, 0.8325989877476412, 0.8385320235701168, 0.8436574480112862, 0.8484642365399528, 0.852439168621512, 0.8546948818599477, 0.8577675328535193, 0.8611260897973004, 0.8639093006358427, 0.866778149324305, 0.8694915490991929, 0.8720492054434383, 0.8744148506837732]
############## TEST MEAN_IOU ############## 
0.8746535467379021
