############## TRAIN LOSS ############## 
[0.18167987007748437, 0.10020578264988758, 0.04792737974659414, 0.034273663957326395, 0.02895735706378882, 0.024664996676398692, 0.024132220659757387, 0.01970057126852004, 0.018916494958731975, 0.02276520968125378, 0.016839529246066673, 0.01657455022811789, 0.016121188068535883, 0.0159995139456933, 0.014758094317732832, 0.01687142697502733, 0.01865161126919997, 0.023647075657405564, 0.015607900744480258, 0.015172473180132944]
############## VALIDATION LOSS ############## 
[0.1353839933872223, 0.15564954719122717, 0.07016794909449185, 0.14849055974799044, 0.06143559614086852, 0.04375831788296208, 0.058943369425833225, 0.03411908738095971, 0.02929366536109763, 0.024860537994433853, 0.02304174334687345, 0.016147828770472723, 0.017266358385848647, 0.02430897841558737, 0.015487529364797999, 0.016273188651265466, 0.03767557436709895, 0.017727527301758528, 0.018528251443058252, 0.017012221519561374]
############## TEST LOSS ############## 
0.035440373917420706
############## TRAIN MEAN_IOU ############## 
[0.4604637837289153, 0.4908527987631592, 0.5628664030416591, 0.6332782523052113, 0.6759001125355024, 0.7090976959144747, 0.7348815561146349, 0.7551689739968326, 0.772592973064732, 0.7857104785539009, 0.7971613153412536, 0.8074958574127507, 0.8166135775076376, 0.8244290935832101, 0.8310756461845862, 0.8369939770247485, 0.8417831900957469, 0.8453281255992683, 0.8489594447451669, 0.8528803248663206]
############## VALIDATION MEAN_IOU ############## 
[0.4739244510145748, 0.5193504831370186, 0.602509502102347, 0.6574693146873923, 0.6939529811634737, 0.7231335955507615, 0.7452871799468994, 0.7642916335779077, 0.7798681574709275, 0.7911629221018623, 0.80249983773512, 0.8121682931395138, 0.8205663807251874, 0.8277466051718768, 0.8342127274064457, 0.8395606349496281, 0.8437987425748039, 0.8468424502541038, 0.8509401714100557, 0.8546789008028367]
############## TEST MEAN_IOU ############## 
0.8557593894727302
