############## TRAIN LOSS ############## 
[0.20749598454583335, 0.15720169467700496, 0.13987290300428867, 0.1112232042879269, 0.08249610511435045, 0.05568352167972842, 0.03648563260464249, 0.030011739399334467, 0.028944578210546357, 0.02494063982865899, 0.023394499757528508, 0.04710056813987526, 0.025871514846142883, 0.021716231703632384, 0.019303528856284714, 0.019706459876426774, 0.01738938987506805, 0.0196577960914756, 0.01712528013976643, 0.017068876548217156, 0.020975449411953624, 0.019375589248296375, 0.01603842420956573, 0.01476940162781928, 0.014650042514895668, 0.014574863560925666, 0.014182681107667048, 0.015334880580446002, 0.016155086671681824, 0.028666494505454762]
############## VALIDATION LOSS ############## 
[0.15845649645609014, 0.15849486256346984, 0.17187387277098262, 0.219127860139398, 0.17260525813874075, 0.08298264772576444, 0.13046020948711565, 0.047247858718037605, 0.0471568372210159, 0.09207796612206627, 0.08016873326371698, 0.0362946299069068, 0.024931656854117617, 0.027968541773803094, 0.05190994809655582, 0.01894257025902762, 0.0650123220813625, 0.017834731733755153, 0.019484932753531373, 0.019272278556052375, 0.023313226068721098, 0.024882072089787793, 0.015963561641161934, 0.013875672977198572, 0.0132253721685094, 0.01451538662042688, 0.015299613258856185, 0.017948173671303427, 0.06859153706361265, 0.016523598802878577]
############## TEST LOSS ############## 
0.029931523718617178
############## TRAIN MEAN_IOU ############## 
[0.46062341966741793, 0.4726285678712097, 0.47246373142745046, 0.4784996725014738, 0.4985463526603338, 0.5305345054413821, 0.5708731525653118, 0.6070145126935598, 0.6376379406129992, 0.6610142093252491, 0.6811055528956491, 0.695952846391781, 0.7064574521941107, 0.7202770299202687, 0.7327661687457884, 0.7437371821016878, 0.7540700757825697, 0.7626222843253935, 0.7708396694144687, 0.778383960192268, 0.785237398099255, 0.79068958477394, 0.7962939521750888, 0.8017744494451059, 0.8069259846532667, 0.8116858347847655, 0.8161804144446915, 0.8201852678447157, 0.8239811989101203, 0.8250238291315131]
############## VALIDATION MEAN_IOU ############## 
[0.47318584778729605, 0.47273678639355826, 0.4726129454724929, 0.4857024322537815, 0.5134303324362811, 0.5505380700616276, 0.5897482914083144, 0.6231570804820341, 0.6496596090933856, 0.6715781618567074, 0.6901381646885592, 0.6994550017749562, 0.7134222668759963, 0.7265600527034086, 0.7384198833914364, 0.748879586949068, 0.7586072402841905, 0.7667148183373844, 0.7746482456431669, 0.7818777771557078, 0.7877525652156157, 0.7933389228932998, 0.7989896500811857, 0.8043344301335952, 0.8093064462437349, 0.8139085489160874, 0.8182179927825928, 0.8220328478252187, 0.8251044048982508, 0.8260997884413775]
############## TEST MEAN_IOU ############## 
0.8270037333170573
