############## TRAIN LOSS ############## 
[0.18294240491515076, 0.10277693406552882, 0.0557394949467601, 0.03727960619269996, 0.029597503642828482, 0.02781491105545413, 0.022768728044890874, 0.02054574731674448, 0.021495979131400788, 0.018825256570896787, 0.0170830255563094, 0.017238409330791515, 0.03095477098611662, 0.023011440615723463, 0.02387706789414625, 0.017029162597011874, 0.01547432251626978, 0.015036324020223441, 0.015848188082108628, 0.01545263230926483, 0.014207979871866267, 0.013879723315177535, 0.013766108908237436, 0.013629673077171115, 0.013728312855410213, 0.014668071573298122, 0.015672052999631175, 0.10958533326000278]
############## VALIDATION LOSS ############## 
[0.3076365800464855, 0.10745966960402097, 0.06747061101829305, 0.044320730273337924, 0.07354693388675942, 0.04282274283468723, 0.0450423954273848, 0.034697093507822824, 0.039717104779008555, 0.03392093792995986, 0.025335978113991374, 0.01797981039785287, 0.033473318004432845, 0.029901564422556582, 0.02448640435057528, 0.01562346430385814, 0.017416618901359683, 0.017034986302913988, 0.02275533289374674, 0.01724772070370176, 0.01544678000294987, 0.015083407517522573, 0.013361438834930168, 0.017180635758182582, 0.014256839585654876, 0.015490160186720245, 0.053386788650908894, 0.13840446927968195]
############## TEST LOSS ############## 
0.13330945309364434
############## TRAIN MEAN_IOU ############## 
[0.4610330084892544, 0.4934577678103705, 0.5497070752285622, 0.6140702568195961, 0.6640609522929063, 0.6975205117786253, 0.7255685796608796, 0.7473691053487159, 0.7657557729933713, 0.7787411607600547, 0.7912690067613447, 0.8022649167357264, 0.8107463866472244, 0.8141540651385849, 0.8195655200932477, 0.8250643755938556, 0.8309303735559052, 0.8364446976700345, 0.8412641955388559, 0.8454970512035731, 0.8495352401121242, 0.8533175921923405, 0.8568002194971651, 0.8600122344654959, 0.862847322547758, 0.8655396804616258, 0.867929790068317, 0.8668054434898738]
############## VALIDATION MEAN_IOU ############## 
[0.4773055770817925, 0.5123176925322589, 0.5839731938698712, 0.6415202792953042, 0.6825063228607178, 0.7121565727626576, 0.7370294472750496, 0.7569678495911991, 0.7722277150434607, 0.7851645210210014, 0.7969911975019118, 0.8069962403353523, 0.8114383185611052, 0.8172374367713928, 0.822032588369706, 0.8279845609384424, 0.8337133737171397, 0.8389002014608944, 0.8433477072154775, 0.8475050610654494, 0.8514026543673348, 0.8550506269230562, 0.8583907800562242, 0.861425873111276, 0.8642265095430262, 0.8667088606778313, 0.8688075612573063, 0.8615681984845329]
############## TEST MEAN_IOU ############## 
0.8549290996609312
