############## TRAIN LOSS ############## 
[0.1826098219969788, 0.1003003643221549, 0.05225011136231793, 0.03519515147608881, 0.028117648577569303, 0.025802263876775634, 0.02196070207660464, 0.020582119352184236, 0.02140322361594519, 0.01763539041732312, 0.025056728259408596, 0.02285653881325915, 0.018232487261647713, 0.016534936759067146, 0.014922577201867022, 0.014426153458378001, 0.014916278028583809, 0.014995699587932511, 0.01495309652622185, 0.013905015204580047, 0.013582419855771837, 0.014011978958355816, 0.013871278384121487, 0.013890554810672797, 0.013558960743122609, 0.03506879975729798, 0.028997293094525468, 0.0163012397714664, 0.0151720626902691]
############## VALIDATION LOSS ############## 
[0.25233210009687085, 0.1292709519757944, 0.08135138211004875, 0.07040252218789914, 0.12296702318331774, 0.04130111771690495, 0.19603286639732473, 0.06735726763658664, 0.02097430417095037, 0.018243042889105922, 0.07664184852996293, 0.018454073955688405, 0.02533563138807521, 0.016335414476035273, 0.016619824146961466, 0.01619758952737731, 0.015793940326308504, 0.01665258051498848, 0.0190823231549824, 0.02362053671523052, 0.021821513881578165, 0.014899339937769315, 0.022816157516311195, 0.014515180743354209, 0.017306134460822624, 0.04191701629144304, 0.02256886781576802, 0.019532075507895034, 0.01652882552212652]
############## TEST LOSS ############## 
0.03420272957194935
############## TRAIN MEAN_IOU ############## 
[0.4602202365325915, 0.48956656254626607, 0.568709149151235, 0.6294986746601157, 0.6756722902929461, 0.7076738259276828, 0.7344472190818271, 0.7524486784193967, 0.7687133989624075, 0.7829389668799736, 0.7954979422124656, 0.7999552021155486, 0.8088350142981555, 0.8167227929508364, 0.824131643852672, 0.8307690024375916, 0.836633572304571, 0.8418610007376284, 0.8464630536130957, 0.8507032583694201, 0.8545801212658753, 0.8580812848097569, 0.8612722170514029, 0.8642017551370569, 0.8670047179267213, 0.8692732187541755, 0.8680659745996063, 0.8694951091263745, 0.8714676144960765]
############## VALIDATION MEAN_IOU ############## 
[0.4784786035032833, 0.5226762925877291, 0.6008690525503719, 0.6549948068226085, 0.6933448980836308, 0.7217020182048574, 0.744270962827346, 0.7612708736868465, 0.7759066259159761, 0.7895434183232924, 0.7977631267379311, 0.804463547818801, 0.8128230326315936, 0.820423704736373, 0.8274698152261621, 0.8337819681448095, 0.8393030376995311, 0.8441902574370889, 0.848565631053027, 0.8526275894221138, 0.8563540051965153, 0.859654987559599, 0.8627397558268379, 0.8655971113373252, 0.8682725499658024, 0.8683999075609095, 0.8685335587052738, 0.8704386879416073, 0.8724331785650814]
############## TEST MEAN_IOU ############## 
0.872933707815228
