############## TRAIN LOSS ############## 
[0.18260892344689048, 0.10356675981971863, 0.05245573246046095, 0.03766746168981332, 0.028232921298744308, 0.03378285459444128, 0.025080878067308583, 0.021736428066081292, 0.02238317033452158, 0.01808857503410026, 0.01669559712723099, 0.017145769355969655, 0.017077384522889514, 0.015864591142540244, 0.015206913790992788, 0.017605424374090257, 0.017905897309852613, 0.026183458082881327, 0.01588983668291287, 0.014635568116539838, 0.014550704562507972, 0.013698447335234567, 0.013688983449183807, 0.013547153111446547, 0.015414796606008266, 0.01407642092404736, 0.014785191969241242, 0.013876850389548251, 0.013534409091556194, 0.013046486800335147, 0.012534487753401737, 0.02634617846106758, 0.013831882133475831, 0.013623344126736393, 0.012733325384230026, 0.01269504741601948]
############## VALIDATION LOSS ############## 
[0.2861645467141095, 0.14159397035837173, 0.05017041031490354, 0.046996210318277866, 0.09393788370139458, 0.03173082551973708, 0.03118922238183372, 0.04695902874364572, 0.019463547532830167, 0.018768430084866637, 0.0164391042335945, 0.017183111323153272, 0.015695287325583836, 0.016576944658642307, 0.016404524719452158, 0.023628040655132604, 0.01781322152408607, 0.015435260610983652, 0.020116511978866422, 0.016900616067954722, 0.014427577474099748, 0.013925899285823107, 0.014795426443657455, 0.014685472610461362, 0.01765800267457962, 0.013170070973608424, 0.02085736859589815, 0.014721327023032834, 0.014240518376669464, 0.015421967186471996, 0.012914077460984974, 0.016479339067111996, 0.0159445003442028, 0.01535738755346221, 0.017915564315284, 0.01618987543727545]
############## TEST LOSS ############## 
0.034633013154521136
############## TRAIN MEAN_IOU ############## 
[0.4618307085254708, 0.493027104115164, 0.559793952751804, 0.6272000074386597, 0.672739616519696, 0.7029889185686369, 0.7260799355603553, 0.7477731156993557, 0.7645783065944105, 0.7794494568496138, 0.7923476973900924, 0.8033915838679752, 0.812433062775715, 0.8204887601974848, 0.8275126214768436, 0.8337415859505937, 0.8385199316450067, 0.8414920020747829, 0.8453181333638526, 0.8494128814420184, 0.8532576279060261, 0.8569257428517213, 0.860307841284855, 0.8634199129568564, 0.8662519696596507, 0.8685595111266987, 0.8709512179767763, 0.8730270157794695, 0.875165726284723, 0.8771661064914755, 0.8791416545171995, 0.8801393980110014, 0.8812413344512114, 0.8827840830828693, 0.8843441541130478, 0.8858344502545692]
############## VALIDATION MEAN_IOU ############## 
[0.4810638006995706, 0.5192160851815167, 0.5965975803487441, 0.651763849398669, 0.6901778964435353, 0.7140177593511694, 0.7374691297026241, 0.7570158067871543, 0.7721524484017316, 0.7860493835280923, 0.7980832738034865, 0.808024129446815, 0.8164953063516056, 0.8240281238275415, 0.8307228368871352, 0.8360317489680122, 0.8406479744350209, 0.8431960729991689, 0.8473712942179512, 0.8513490347301259, 0.8550563770181993, 0.8586155982578502, 0.8618441118913538, 0.864837597398197, 0.8673241418950698, 0.8697524491478416, 0.871944785118103, 0.8740921406184926, 0.8761514039600596, 0.8781275398590985, 0.880074094323551, 0.8804296255111694, 0.8820069432258606, 0.8835390455582562, 0.885079496047076, 0.8865255397908828]
############## TEST MEAN_IOU ############## 
0.8866985613649542
