############## TRAIN LOSS ############## 
[0.20756319235708262, 0.14817684888839722, 0.10198997429295166, 0.05659189734708618, 0.0386558271176811, 0.031194508472155477, 0.026596149203140993, 0.022991358365460828, 0.024954374020642323, 0.01948453140495395, 0.018177690289637727, 0.017300569144002086, 0.02024032157292036, 0.0171282041245266, 0.015748175037269656, 0.01918303596510275, 0.015442216718519057, 0.014592099617033996, 0.01504946269749387, 0.014927303368175352, 0.01448028752693554, 0.014333096455556114]
############## VALIDATION LOSS ############## 
[0.1694688148358289, 0.25154222635661855, 0.16269223304355845, 0.12050484120845795, 0.1798600475577747, 0.2400275205864626, 0.3757372989374049, 0.2970624701941715, 0.0491702861207373, 0.05760272636133082, 0.07100484651677749, 0.05283164687673835, 0.10131840101059746, 0.019816970096572357, 0.03873776995083865, 0.018937302095925108, 0.01755606002338669, 0.02379314338459688, 0.057139099630362844, 0.022735657553900692, 0.017956747289966133, 0.01757311401888728]
############## TEST LOSS ############## 
0.035640597230557236
############## TRAIN MEAN_IOU ############## 
[0.46062408558822965, 0.4726747858363229, 0.4835427971305074, 0.5302120704908628, 0.5858858888213699, 0.6269762113287642, 0.6590649384904552, 0.6842710150254739, 0.7051116820122745, 0.7234724872821087, 0.7397049162033442, 0.7534083941498319, 0.7650200052035822, 0.7746484505163657, 0.784316011377283, 0.7924743741750717, 0.7997928495342667, 0.8068495956627099, 0.8132551324528616, 0.818457646144403, 0.8236795869228002, 0.8284559853979059]
############## VALIDATION MEAN_IOU ############## 
[0.4731518854113186, 0.473072102841209, 0.5009986057001001, 0.5592908683945151, 0.6077121636446785, 0.6439328228726107, 0.6722708309397978, 0.6954564802786883, 0.7142653289963218, 0.7318338295992683, 0.7467806654817918, 0.7595406139598173, 0.76966191740597, 0.779518187046051, 0.7886358183972976, 0.7959867680774015, 0.8033345552051768, 0.8100788102430456, 0.8158849898506614, 0.8210650086402893, 0.8260509792496177, 0.830712311408099]
############## TEST MEAN_IOU ############## 
0.8324194073677063
