############## TRAIN LOSS ############## 
[0.20684037896225582, 0.15498126575068846, 0.13127368985599763, 0.12133295683039201, 0.09948156132186586, 0.058173539198784006, 0.03937554840829123, 0.03228623246321002, 0.02837691130745854, 0.027551167638267617, 0.022055462499879098, 0.020138298000863475, 0.021461584447958582, 0.018831825447017076, 0.021374095313099993]
############## VALIDATION LOSS ############## 
[0.17245196112815073, 0.17882751454325282, 0.1604389916448032, 0.16616470016100826, 0.16808510001967936, 0.08503991913269549, 0.04427636135369539, 0.07817038400646519, 0.11924923540038221, 0.03332002559567199, 0.06171650603851851, 0.04761192936669378, 0.03698034532477751, 0.05548686254769564, 0.035180375308674926]
############## TEST LOSS ############## 
0.049949491859385464
############## TRAIN MEAN_IOU ############## 
[0.46053434817774874, 0.4724978611275956, 0.4728500577243599, 0.47584613553575567, 0.4893760975148227, 0.5173007898234032, 0.5586973154867018, 0.5943360960966831, 0.6236131187226321, 0.6470499360883558, 0.6695886230146563, 0.6888320586971335, 0.7050179404181403, 0.7195978752664618, 0.7313311768544687]
############## VALIDATION MEAN_IOU ############## 
[0.4730604974662556, 0.4725937948507421, 0.47367942333221436, 0.4793725627310136, 0.4990547264323515, 0.5380455395754646, 0.5771382170564988, 0.609835288103889, 0.6361587398192462, 0.6584059525938595, 0.6794814853107228, 0.6974091810338637, 0.7124596834182739, 0.7258061941932229, 0.7369615540784948]
############## TEST MEAN_IOU ############## 
0.7417740854350003
