############## TRAIN LOSS ############## 
[0.18345043616923126, 0.08139678453271454, 0.04420910412571519, 0.03482306471748932, 0.025981510649561078, 0.023930479690583574, 0.025223928919011675, 0.019692766860857403, 0.018431348726153374, 0.017240149632876588, 0.025925427360611188, 0.019851415959262365, 0.016332368614982714, 0.015947935829014593, 0.016258224772566277, 0.015753673981069714, 0.014348147009071466, 0.014546606988595749, 0.02087545914046869]
############## VALIDATION LOSS ############## 
[0.30556055640473084, 0.07430687875432126, 0.08391076786553159, 0.09841104936512078, 0.11235633076113813, 0.06720381498555927, 0.02724636307753184, 0.033469294581343144, 0.0807339601109133, 0.05901144466855947, 0.05092564718249966, 0.021239700124544257, 0.033599745619165546, 0.017385437125887943, 0.023812268970205504, 0.022266451132428998, 0.019935563617550275, 0.022224613273625866, 0.020964716670705992]
############## TEST LOSS ############## 
0.038066035012404124
############## TRAIN MEAN_IOU ############## 
[0.4602438331254431, 0.5035582869439512, 0.5953112220441973, 0.6577015716481853, 0.6981880902438551, 0.727578150662216, 0.7507381600302618, 0.7696728706359863, 0.7853888639727155, 0.7972296081684731, 0.8074101515718408, 0.8125474130785143, 0.8207685580930194, 0.8278142169520661, 0.8343119903190716, 0.8397755155692229, 0.8447612536114615, 0.8495346895746283, 0.8531422417711567]
############## VALIDATION MEAN_IOU ############## 
[0.47534892313620625, 0.5519636588938096, 0.631382051636191, 0.6802863163106582, 0.7145684221211601, 0.7404265789424672, 0.7602323468993691, 0.7780006072100472, 0.7916363863384023, 0.8027749727754032, 0.8091683002079234, 0.8166528835016138, 0.8244210762136123, 0.8311616322573494, 0.8370920805370107, 0.842247766606948, 0.8471880625276005, 0.8516623798538657, 0.8547219493809868]
############## TEST MEAN_IOU ############## 
0.8551626834002408
