############## TRAIN LOSS ############## 
[0.20749343554111752, 0.15525415192383366, 0.13724538789608995, 0.1243172796392763, 0.11626251311217611, 0.11150633843263259, 0.1080342965905328, 0.10429469193961169, 0.10000461604244806, 0.09563217216448204, 0.09241212101502193, 0.08847787654077685, 0.08583037514944335, 0.08431435328581043, 0.08136455961377234, 0.0794680297022333, 0.07743807471785191, 0.07605818399807086, 0.07476015691016172, 0.07327745009113003, 0.07206690842537461, 0.07127242432152098, 0.0704181103186833, 0.06914445298497339, 0.06890147952111186, 0.06792698128501305, 0.06705956855738485, 0.06639782178240854, 0.06582572897644462, 0.06541546090581529, 0.06481713515932898, 0.06456370436510928, 0.06356975480259673, 0.06334217287902091, 0.06276481474019788, 0.06268100631800858, 0.06202894606552011, 0.06143151518158816, 0.061110509836391824, 0.060782488573946664, 0.06050992587178543, 0.060331679175834395, 0.059997601535271956, 0.05939479045116821, 0.05935078456595137, 0.05886580204792522, 0.05889037150788952, 0.058174916895458825, 0.0579400205909199, 0.0576045973025061]
############## VALIDATION LOSS ############## 
[0.16578252876506133, 0.1573568534325151, 0.15102985106846867, 0.1425094402888242, 0.12765482506331274, 0.11648599452832166, 0.11141463412958033, 0.10502002826508354, 0.0993660850559964, 0.09756125093382947, 0.09157291208119954, 0.0892401008921511, 0.08273278023390208, 0.07861989188720198, 0.07803550537894755, 0.07697997044991045, 0.0721725661526708, 0.07241228310500875, 0.07130499556660652, 0.06756063068614286, 0.06973332363893003, 0.06926571731181706, 0.06565317270510337, 0.06651415412916857, 0.06486356521354002, 0.06321869363241336, 0.06330036963610088, 0.06253526973373749, 0.06160664295448976, 0.06102820200955167, 0.06192878962439649, 0.059875391095000154, 0.06091329729294076, 0.05928111372186857, 0.05996358635670999, 0.0586288786109756, 0.05810504253296291, 0.06052070275387343, 0.057759880471755475, 0.056215178111896795, 0.05774709100232405, 0.0559305476353449, 0.05558755566530368, 0.05777987322824843, 0.05685491366859745, 0.05591592357000884, 0.05442390448468573, 0.05622044523410937, 0.054597143083810806, 0.05507521879147081]
############## TEST LOSS ############## 
0.06046168871901252
############## TRAIN MEAN_IOU ############## 
[0.4606185139635125, 0.47258961361807744, 0.4726343366342622, 0.47391652678315704, 0.47945153391039047, 0.4864542580939628, 0.49428983757624756, 0.5019747588682819, 0.509365280737748, 0.5164864610981297, 0.5231427771819604, 0.5297345104249748, 0.536214226806486, 0.5427831612728737, 0.5488773600475209, 0.5547342807859987, 0.5604030203980368, 0.5658320627502493, 0.5710112416260952, 0.5759844916897852, 0.5808117949479336, 0.5853771736492982, 0.5897569467087049, 0.5939062994879645, 0.5978955735225935, 0.6017483786956684, 0.6054672469963899, 0.6089927010439538, 0.6123906897531973, 0.6156587701391529, 0.6187368719964415, 0.6217187216153016, 0.6245812419298533, 0.6273029402301118, 0.6299470067024231, 0.6325116358898781, 0.6349745477373535, 0.6373192788781347, 0.6396139646704132, 0.6418668953953562, 0.6440199629680531, 0.6460758250307392, 0.6481208334097991, 0.650086181792053, 0.6519770581980009, 0.6538401435355883, 0.6556518367818884, 0.6574183158777855, 0.6591459371753641, 0.6608073771805376]
############## VALIDATION MEAN_IOU ############## 
[0.4731557754909291, 0.4726642229977776, 0.4730735736734727, 0.4759866139468025, 0.48252949293921976, 0.49018044857417836, 0.49799037856214184, 0.5056086007286521, 0.512836919111364, 0.519794853294597, 0.5263542357613059, 0.5329287788447212, 0.5395257508053499, 0.5457279506851646, 0.5517566624809714, 0.5574625099406523, 0.5630722501698662, 0.5683791567297543, 0.573423329521628, 0.5783349591142991, 0.5830478142289555, 0.5875232991050271, 0.5917519366039949, 0.595868328038384, 0.599748036440681, 0.6035243413027596, 0.6071610205313739, 0.61061271499185, 0.613949179649353, 0.6171308931182412, 0.620161284418667, 0.6230571375173681, 0.6258849571732914, 0.628557562828064, 0.6311655886033002, 0.6336602989365073, 0.6360780140932869, 0.6384112484314862, 0.6406861964394065, 0.64288930682575, 0.6450066215851727, 0.6470402864848867, 0.6490529144511503, 0.6509912434746238, 0.6528666720670813, 0.6547053491368013, 0.656477153301239, 0.6582373906584347, 0.6599305692841025, 0.6615835287991692]
############## TEST MEAN_IOU ############## 
0.6624717676278317
