############## TRAIN LOSS ############## 
[0.20225418067059, 0.12768032487381148, 0.07640867509149216, 0.04449977116608942, 0.031744471291784905, 0.029853399905904725, 0.024747820602528548, 0.024380451716432296, 0.020267568887337238, 0.019554719829151558, 0.019674793483588745, 0.016463580805606937, 0.6359089445354216, 0.9028050613564413, 0.9028081056233999]
############## VALIDATION LOSS ############## 
[0.17301572333363927, 0.3234893881222781, 0.05234420047525097, 0.059151978834586984, 0.06751252908040495, 0.11545133086688378, 0.032002381158663946, 0.04545361570575658, 0.04479488757822443, 0.02529974194133983, 0.028991661144091803, 0.028685791034470585, 0.940523401779287, 0.940523401779287, 0.940523401779287]
############## TEST LOSS ############## 
0.8556378053896355
############## TRAIN MEAN_IOU ############## 
[0.4589572600214868, 0.47442372223815404, 0.507575945676984, 0.5719302554388304, 0.6265080043592969, 0.6663031626392055, 0.6934784211822458, 0.7191784905420767, 0.7394836295295406, 0.7563115579856409, 0.770705572656683, 0.7828844535995174, 0.7796430358210126, 0.7577836581984082, 0.7387756950951911]
############## VALIDATION MEAN_IOU ############## 
[0.4714675160015331, 0.48656543738701763, 0.5386632049784941, 0.6008699992123772, 0.6484081464655259, 0.680828473147224, 0.7072370367891648, 0.7294739660094766, 0.7482394541011137, 0.7637951128623065, 0.7768470434581533, 0.7882090771899504, 0.7685328722000122, 0.7481265032992643, 0.7303496318704942]
############## TEST MEAN_IOU ############## 
0.7222897851105893
