############## TRAIN LOSS ############## 
[0.17457542208501617, 0.08819600996385152, 0.05465452090484669, 0.034747109289054535, 0.03070042041961003, 0.02364247354578126, 0.021623243363825855, 0.01919779513106757, 0.02622618673469972, 0.018109251631776225, 0.016193047109236185, 0.015752947747682197, 0.01726252675006116, 0.02171737244163917, 0.015296423949326414, 0.020110037206118373, 0.014707084169384797, 0.01409045171395347, 0.013936464872991515, 0.01495581935474498, 0.013971830985659885, 0.024169950016044283]
############## VALIDATION LOSS ############## 
[0.3055291824481067, 0.11802011596805909, 0.07839655744678833, 0.05621234875391511, 0.03640315709087778, 0.0655332993277732, 0.055376236600910914, 0.04910547439666355, 0.030326862600358093, 0.025613466880339032, 0.018182799083125943, 0.020100623917053726, 0.03389765681041514, 0.01853148384458002, 0.01439897294211037, 0.014667880529647364, 0.013403565622866154, 0.015843095285270142, 0.02409357111901045, 0.01545734572059968, 0.014188912861487445, 0.013706741032793242]
############## TEST LOSS ############## 
0.029854232321182887
############## TRAIN MEAN_IOU ############## 
[0.46196148091474093, 0.5090704656936027, 0.578055842099963, 0.6320256188109115, 0.6759512154637156, 0.7095514942665357, 0.7357654064088255, 0.7559472084850878, 0.771146078367491, 0.7844081871412896, 0.7967852962178152, 0.8074884519383714, 0.8163951252763336, 0.8227039640014236, 0.8291072370232763, 0.8346459337988416, 0.8399928707528759, 0.8450927255121438, 0.8497565493390367, 0.85356625552113, 0.8572875655986167, 0.8598090079990593]
############## VALIDATION MEAN_IOU ############## 
[0.485744364121381, 0.544207001433653, 0.6056810231769786, 0.6566022073521334, 0.6933010325712317, 0.7236988930141225, 0.7463990730397841, 0.7648917892399956, 0.7772825290175045, 0.7906520577038035, 0.8023111189112944, 0.8122028603273279, 0.8199625821674571, 0.8257031195303973, 0.832260457908406, 0.8371878441642312, 0.8425357341766357, 0.8474296191159416, 0.8517635289360496, 0.8554170482298907, 0.8589813779382145, 0.8607309776193955]
############## TEST MEAN_IOU ############## 
0.8611289512027394
