############## TRAIN LOSS ############## 
[0.17719141504651792, 0.07577253607529644, 0.04295900593687956, 0.031486777060136605, 0.04325251841313533, 0.026395208177131577, 0.021884819373136032, 0.020971279172856058, 0.024977624888305325, 0.018261788510465744, 0.016212030748106742, 0.01576579669238748, 0.015435845723274994, 0.016649349624089694, 0.014929955913307699, 0.02134125050144723, 0.018396927569237713, 0.015874665752808388, 0.015179914774725566, 0.014050186476418498, 0.01379864733049495, 0.013503914956959922, 0.016310300778698276, 0.01409396974093004, 0.020495917893493094, 0.014030027366872574, 0.013964679369048492, 0.022379351030984842, 0.014725894144912427, 0.01322598200027101]
############## VALIDATION LOSS ############## 
[0.19933018438956318, 0.114635049858514, 0.15084084517815533, 0.04994091490174041, 0.03865842269185711, 0.02829934169045266, 0.03111119305386263, 0.028753052739536062, 0.01941464764668661, 0.018698169438935378, 0.0184233557597241, 0.018074637908926782, 0.024634251864079165, 0.018849114750457162, 0.04735554601339733, 0.04463688481379958, 0.01778494848814957, 0.015367384534329176, 0.017145294011296594, 0.01807771034210044, 0.016050030230818427, 0.014578812947387205, 0.01952525189913371, 0.02347485956681125, 0.014543676283210516, 0.01711340089712073, 0.015148015227168798, 0.019363158081165132, 0.015538753311642828, 0.015161640257300699]
############## TEST LOSS ############## 
0.03834856181885257
############## TRAIN MEAN_IOU ############## 
[0.46112904727861687, 0.5143452341089377, 0.6052068387334412, 0.6606651870785533, 0.6976771310374543, 0.724884490306313, 0.7494647261258718, 0.7686642053964976, 0.781903914100415, 0.795008556665601, 0.8064256237970816, 0.8164919087210217, 0.8251311714584763, 0.8321948421967996, 0.8383445719609389, 0.8431332896690111, 0.846146597652822, 0.8505549185179375, 0.8546261952535527, 0.8584344350808376, 0.8619865489167136, 0.865298368238114, 0.8680274776510291, 0.870520694835766, 0.8723256805458585, 0.8743803420582333, 0.8766013798681466, 0.8780476773107374, 0.879235112989271, 0.8810676541682836]
############## VALIDATION MEAN_IOU ############## 
[0.47670004648320813, 0.56423218460644, 0.6361610503757701, 0.6851830587667578, 0.7106076198465684, 0.7377836248453926, 0.7597754702848547, 0.776411277406356, 0.7885385541354909, 0.8007913933080786, 0.8116295828538782, 0.8208957104121938, 0.8288439897929921, 0.8352802781497731, 0.8410231681431041, 0.8445690484607921, 0.8483649246832904, 0.8525672484846676, 0.8564559817314148, 0.8601892380153432, 0.8636225602206062, 0.8667818868861479, 0.8691940973786747, 0.8717190658344942, 0.8732346962479984, 0.8754734431996065, 0.8775572426178876, 0.8783552892067853, 0.8801167081384098, 0.8819496947176316]
############## TEST MEAN_IOU ############## 
0.8822052457115866
