############## TRAIN LOSS ############## 
[0.19787845503840898, 0.11367084206761541, 0.05621239198120059, 0.03903159589154293, 0.028793966857011657, 0.02801654872962752, 0.026728388928883785, 0.021913733081640425, 0.02398395725853137, 0.01798476803909383, 0.016906943659902224, 0.016353228484985192, 0.01675028634899472, 0.018884624552761985, 0.016765500444012718, 0.015181705182594424, 0.01428994650298075, 0.014389075341986845, 0.025375029430850536, 0.017873076275242743, 0.016082376625539886, 0.013825599148215071]
############## VALIDATION LOSS ############## 
[0.2025586278999553, 0.10689386681598775, 0.07080052026054438, 0.0724365442772122, 0.16125416799503214, 0.09445586417089491, 0.02578217996393933, 0.23428834930938833, 0.021248613484203815, 0.02063551457489238, 0.026611469412112936, 0.02666093365234487, 0.01963593890233075, 0.027680314803386435, 0.01802067946204368, 0.017589694546426043, 0.014361459268804859, 0.017426472759860402, 0.018330806208884016, 0.023856066989109796, 0.014902546508785556, 0.01622867107610492]
############## TEST LOSS ############## 
0.027913737726030927
############## TRAIN MEAN_IOU ############## 
[0.45923463667969444, 0.4934726438006839, 0.547626942798898, 0.6108284471808253, 0.6574102060214894, 0.6900041308757421, 0.7156671241328523, 0.7383923957476745, 0.7513952565354269, 0.7673994073191205, 0.7812511131570146, 0.793096782790648, 0.8032089206012519, 0.8115837042396133, 0.8184828186357344, 0.8252307369902327, 0.8313952531363513, 0.836955348382125, 0.8411995760492377, 0.8441550055065671, 0.8476738756572878, 0.8514833430180678]
############## VALIDATION MEAN_IOU ############## 
[0.4755742602488574, 0.5090947116122526, 0.5820139751714819, 0.6360305477591122, 0.6762420289656695, 0.7042831848649418, 0.7272190802237567, 0.7459246586350834, 0.7593078718465918, 0.7745344393393573, 0.787341692868401, 0.7983041090123794, 0.8075570043395547, 0.8149799318874583, 0.8218452649957994, 0.8283289109959322, 0.8342094351263607, 0.839446509585661, 0.8421884529730853, 0.8458358435069814, 0.849523621446946, 0.85324188190348]
############## TEST MEAN_IOU ############## 
0.8540102239811059
