############## TRAIN LOSS ############## 
[0.19213927021199786, 0.08426862017478089, 0.045013419893645754, 0.03287271468119847, 0.029357688923089487, 0.024018445335378922, 0.02228407485637109, 0.021700292331720324, 0.018709449821176963, 0.017703624111851928, 0.016852358503997123, 0.0638377920982453, 0.12469700837155452, 0.0705960913485772]
############## VALIDATION LOSS ############## 
[0.2688351492671406, 0.08888922281125013, 0.10253720993504804, 0.06474824644186918, 0.10601412329603643, 0.06340018199647174, 0.05412526604007272, 0.03976677248583121, 0.022234057295410073, 0.045617996824576575, 0.03323016540311715, 0.19969200299066656, 0.08761364616015378, 0.06782781201250412]
############## TEST LOSS ############## 
0.07208644485834872
############## TRAIN MEAN_IOU ############## 
[0.45975903049111366, 0.507433328475501, 0.5930611632160239, 0.6509492663112847, 0.6940458493458258, 0.7234367216761047, 0.7475672940144668, 0.7666856795549393, 0.7821808344609028, 0.7958928330524547, 0.8067516253606694, 0.815252726545205, 0.7983261532074696, 0.7828455124352429]
############## VALIDATION MEAN_IOU ############## 
[0.4762117441962747, 0.551160594996284, 0.6252937597386977, 0.674857101019691, 0.7099440588670618, 0.736505883581498, 0.7577198077650631, 0.7745668958215153, 0.7893543278469759, 0.8015253929530873, 0.8117140005616581, 0.8110692886745229, 0.7882485670201919, 0.7794388988438774]
############## TEST MEAN_IOU ############## 
0.7724239035086198
