############## TRAIN LOSS ############## 
[0.19756926862976035, 0.08706208971656255, 0.04613324302575878, 0.033680889208020794, 0.030429527301945397, 0.025457821169717086, 0.022633348399697727, 0.02219790586811566, 0.018215110695392295, 0.029337185101482918, 0.017008779992072565, 0.016210846527404076, 0.016212123575167277, 0.016061154732203764, 0.015352078373669772, 0.015496907472560132, 0.014278069349333039, 0.053684103290072165, 0.15035786406715979, 0.08612609000222103, 0.06875197992131517]
############## VALIDATION LOSS ############## 
[0.27385591408785653, 0.2013823267291574, 0.2255387157201767, 0.05618931692751015, 0.14718694458989537, 0.04143003193552003, 0.06159440674545134, 0.033499749760855645, 0.04623441759716062, 0.02811628021299839, 0.018960402456714827, 0.016725839690907914, 0.016495984458528897, 0.020123117302051362, 0.01787254901821999, 0.014979917775182164, 0.01769625151749043, 0.2288234812371871, 0.1267733253976878, 0.08470574656830114, 0.049457724260933256]
############## TEST LOSS ############## 
0.05690540278499777
############## TRAIN MEAN_IOU ############## 
[0.4595813895198139, 0.5056817451038876, 0.5925985957319672, 0.651019261092753, 0.6910932937989364, 0.7180526711650796, 0.7424312246006888, 0.7605703984563416, 0.7766636328117268, 0.7876859754323959, 0.7976935332691347, 0.8081732239272144, 0.8169465673130911, 0.8245962125224036, 0.8312856401946094, 0.8370571088146519, 0.8425229276354248, 0.8473197100935755, 0.8354567655840436, 0.821681951348846, 0.8137341242384266]
############## VALIDATION MEAN_IOU ############## 
[0.4730457540820627, 0.5478058457374573, 0.6249450410113615, 0.6739132229019614, 0.7057708536877352, 0.7309696989900926, 0.7522315242711235, 0.7687520349726957, 0.7836757547715131, 0.7918504441485685, 0.8030685361693887, 0.8126952753347509, 0.8208756902638603, 0.8279947358019212, 0.8342052242335152, 0.8397806988042944, 0.8450383719275979, 0.8451879375121173, 0.8273175148402944, 0.8173519092447618, 0.8114541628781486]
############## TEST MEAN_IOU ############## 
0.810129214778091
