############## TRAIN LOSS ############## 
[0.19440468332755403, 0.09312357037403696, 0.04825932085765777, 0.03318437032804296, 0.026919757280297375, 0.02903906929281515, 0.02189830650663557, 0.019718208579925466, 0.019848317137566972, 0.01993982388788985, 0.01627755260120171, 0.015489400402214882, 0.016305967523540195, 0.015659578871359495, 0.03736027001365516, 0.02155454078613705, 0.017354536483794248]
############## VALIDATION LOSS ############## 
[0.24303620352464564, 0.10654831765329137, 0.05431374173392268, 0.042649019290419185, 0.12237850686206538, 0.07002439547111006, 0.035130034967818684, 0.19386403262615204, 0.024188384194584453, 0.02130247000604868, 0.02024770886911189, 0.019744804786408648, 0.042660827228032494, 0.01979436325457166, 0.03661145839621039, 0.031408026951419955, 0.17749607168576298]
############## TEST LOSS ############## 
0.21072752818916785
############## TRAIN MEAN_IOU ############## 
[0.459494442251083, 0.4946317036409636, 0.5725090346626334, 0.6397558929952415, 0.6867677811029795, 0.7139951929047301, 0.7400028258562088, 0.7610736380557757, 0.7748249197328413, 0.7887195231946739, 0.800516268288767, 0.8110649577669196, 0.8198789346057016, 0.8265740960030943, 0.8316849317099597, 0.8328582749173448, 0.8370793973271912]
############## VALIDATION MEAN_IOU ############## 
[0.47534139542018666, 0.531731153235716, 0.6091982441789964, 0.6655628470813527, 0.7034434921601239, 0.7276453060262343, 0.7510557560359731, 0.7685521139818079, 0.7820703071706435, 0.7946450394742629, 0.8059421427109662, 0.8156578961540671, 0.8232938331716201, 0.8298653083689073, 0.8311652716468362, 0.8348571132211124, 0.838710392222685]
############## TEST MEAN_IOU ############## 
0.8321219184181907
