############## TRAIN LOSS ############## 
[0.1866488999913673, 0.09812961355153774, 0.04913262948016259, 0.03198969729144026, 0.026622032809599832, 0.029516690977018426, 0.02687755672613511, 0.020038687526500103, 0.01840062823926879, 0.01769176119233708, 0.017161607861871254, 0.017142648471997597, 0.015807235374341946, 0.03707384768986722, 0.018393485231098492, 0.01640337539484372, 0.015064879622612451, 0.015163285412347398, 0.019566144035952922, 0.014945278431893, 0.014052511954277352, 0.013662652408301428, 0.014277352891686195]
############## VALIDATION LOSS ############## 
[0.15183652104700313, 0.12998213969609318, 0.1373447679421481, 0.15368589035728397, 0.10997602058684125, 0.054279068704037106, 0.057085519492187924, 0.047920327414484584, 0.07993006131009144, 0.024917200098142904, 0.03378925998421276, 0.019822364234749007, 0.04385030264144435, 0.025246244855225086, 0.02095395978540182, 0.01573583694613155, 0.015363881008370835, 0.013764295836581904, 0.015641786623746157, 0.01681560557335615, 0.01634302781894803, 0.016470516703146344, 0.014078166664523236]
############## TEST LOSS ############## 
0.030641642664418076
############## TRAIN MEAN_IOU ############## 
[0.4605093108037034, 0.4926473240594606, 0.5672793118534861, 0.634165635785541, 0.6784985689698039, 0.7101322710514069, 0.7343462077347008, 0.7535062722257666, 0.7710386397870811, 0.7846853000086706, 0.7972083208528725, 0.8072748168094738, 0.8162750638014561, 0.8219494545781935, 0.8261415889939746, 0.832043879740947, 0.8375993689169755, 0.8427028281463159, 0.8466572922629279, 0.8504593102513133, 0.8542714545855651, 0.8578757543016124, 0.8611841886430174]
############## VALIDATION MEAN_IOU ############## 
[0.47550661073011513, 0.5251858725267298, 0.6040526803802041, 0.6593216832946328, 0.6971603631973267, 0.7234523366479313, 0.7439416331403396, 0.7626854987705455, 0.7781792247996611, 0.7911056315197664, 0.8024070788832272, 0.8118047153248507, 0.8200292026295382, 0.8232243551927454, 0.8290759325027466, 0.8347866114448098, 0.840178181143368, 0.8449633016305811, 0.8484210687525132, 0.8523454315522138, 0.8560713950325461, 0.8595434812938466, 0.8626446829122656]
############## TEST MEAN_IOU ############## 
0.863307519753774
