############## TRAIN LOSS ############## 
[0.18019141835739483, 0.10274309010521786, 0.0523062738262721, 0.03854503404550456, 0.02800962105519264, 0.028557622937384893, 0.02215952831446319, 0.019868284558273247, 0.018589263470415528, 0.017918743888495136, 0.01953688116643477, 0.01845956252686478, 0.01593243977294077, 0.026361554848483286, 0.018069920089171344, 0.01559208590549895, 0.014975893103542763]
############## VALIDATION LOSS ############## 
[0.26785550047369566, 0.09678893865031354, 0.060495168847196246, 0.05297008901834488, 0.08151340451748933, 0.052044481422533005, 0.04591702061760075, 0.03504221256384078, 0.03865394609815934, 0.07225921755547032, 0.039138070581590426, 0.017147793105858213, 0.01921841176226735, 0.022588088889332378, 0.033973727238309735, 0.018217218683703858, 0.022871527766041896]
############## TEST LOSS ############## 
0.039089957760138946
############## TRAIN MEAN_IOU ############## 
[0.46030997756767916, 0.5023837762104498, 0.5657987179788383, 0.630712642057522, 0.6744308616663959, 0.7053178826699386, 0.730697051093385, 0.7519116381535659, 0.7694331669324154, 0.7836999949571248, 0.7950538445163418, 0.8033709739511078, 0.812668851903967, 0.8198599042119207, 0.8248414558333319, 0.8306003736483084, 0.8361965740049208]
############## VALIDATION MEAN_IOU ############## 
[0.48323028753785524, 0.5294432429706349, 0.6014852488742155, 0.6541278537581948, 0.6919440276482526, 0.7181564779842601, 0.741859025814954, 0.7611251052688149, 0.7769454822820776, 0.7896501807605519, 0.7993869045201469, 0.8080942841137156, 0.8167740316951976, 0.8217772070099326, 0.8277241833069745, 0.8333982088986565, 0.8388111100477331]
############## TEST MEAN_IOU ############## 
0.8398534630284165
