############## TRAIN LOSS ############## 
[0.1881121553077891, 0.11660789496995308, 0.06137014638531853, 0.04782448208110558, 0.03217561716666898, 0.027751405018608313, 0.026447266327670298, 0.022602088887848565, 0.020986168003464874, 0.022893196802485635, 0.022007084678153734, 0.018524541066506424, 0.017524767113295762, 0.016036802147691313, 0.021196947533737968, 0.016635622489391953, 0.015219194550268553, 0.014780005352017848, 0.014383378803629327, 0.046210554101177165, 0.01812069184725752, 0.015303907777509979, 0.016370825859642512, 0.0144797738427548, 0.014211185937243942]
############## VALIDATION LOSS ############## 
[0.538710240055533, 0.611661269384272, 0.6615356312078589, 0.8549011875601376, 0.7338227279046002, 0.4249388996292563, 0.5881865410243764, 1.0256371147492354, 0.3825018493568196, 0.208903209251516, 0.2911769160453011, 0.55108881873243, 0.18597667971078088, 0.18137110068517573, 0.05981665214194971, 0.12317965048200943, 0.06797879452214521, 0.04701312105445301, 0.058415544602800816, 0.034160006243516415, 0.053150895325576555, 0.05662005394697189, 0.10385425432639964, 0.03418438136577606, 0.03597369209370192]
############## TEST LOSS ############## 
0.045848912339318884
############## TRAIN MEAN_IOU ############## 
[0.4629032889733443, 0.480310409455686, 0.5240060662901079, 0.5769374942457354, 0.6119543805315688, 0.6432567947619671, 0.6679409017433992, 0.6868042559237093, 0.6985916205354639, 0.7125150102215845, 0.7259246884165583, 0.7357979964565586, 0.7447104164071985, 0.7547709055849023, 0.7634688664127041, 0.7716985610691277, 0.7794358166488441, 0.786973475604444, 0.7938920243366344, 0.7976858696422061, 0.8012020032148104, 0.8062316622283008, 0.811012322838242, 0.8151913857137835, 0.8195889543842625]
############## VALIDATION MEAN_IOU ############## 
[0.4732767588952008, 0.4922061825499815, 0.5558478201136869, 0.5961208518813638, 0.6295132461716147, 0.6570603847503662, 0.6782021522521973, 0.6935686469078064, 0.7064208458451664, 0.7195984195260441, 0.7310422027812284, 0.7406521790167865, 0.7498789429664612, 0.7594932878718657, 0.7674215120427749, 0.7756150645368239, 0.783230655333575, 0.7904371584162992, 0.7970225916189306, 0.7986565547830918, 0.8036592076806461, 0.8086754258941201, 0.8130716926911298, 0.8173820727011737, 0.8215780608794269]
############## TEST MEAN_IOU ############## 
0.822204138654651
