############## TRAIN LOSS ############## 
[0.1984188945309536, 0.13266268724928032, 0.09008259431937256, 0.04855014406446669, 0.04304844787898096, 0.030075555541426748, 0.026833037795448624, 0.024264258496161248, 0.02217977404644763, 0.022661286897051172, 0.019368285426517595, 0.018463676782777987, 0.017582812774423008, 0.01600466308662215]
############## VALIDATION LOSS ############## 
[0.43035625534899097, 0.6020379522267509, 0.4614291752085966, 0.6365945514510659, 0.6208620667457581, 0.35629891122088714, 0.7458473093369428, 0.4841888231389663, 0.19471239955986247, 0.19956951456911423, 0.5351502369431889, 0.2151461340048734, 0.41576773980084586, 0.39594386430347667]
############## TEST LOSS ############## 
0.58251348770026
############## TRAIN MEAN_IOU ############## 
[0.46286526765372304, 0.4731379755445429, 0.4854312249132105, 0.5369211805833353, 0.584512612304172, 0.6173362619168049, 0.6474579484076113, 0.6654669481354791, 0.6825447581909798, 0.6996004766709095, 0.7141135351077931, 0.72393807204994, 0.7358230287964279, 0.744812058435904]
############## VALIDATION MEAN_IOU ############## 
[0.4723517877214095, 0.4741205432835747, 0.5072477004107308, 0.565471631639144, 0.6023635408457588, 0.6337958048371708, 0.6577749743181116, 0.6749120144283071, 0.691930444801555, 0.7071961094351376, 0.7195282157729653, 0.7301179310854744, 0.740595561616561, 0.749272066004136]
############## TEST MEAN_IOU ############## 
0.7374503930409749
