############## TRAIN LOSS ############## 
[0.18103550364439552, 0.11718809222047394, 0.06602736361123421, 0.04329955839627498, 0.03501692295980614, 0.02985327474370196, 0.024680428269847825, 0.02272395422128407, 0.021776963755287027, 0.02035018227793075, 0.019174648348141362, 0.01876071509527596, 0.017627946466106822, 0.16151894445254192, 0.1588252684151804, 0.11708968918065767, 0.09685725779146762, 0.0679523523997616, 0.04614606698521891, 0.03432752307806466, 0.02928284857724164, 0.02578383492859634, 0.02556353947147727, 0.022101765120955737, 0.021743405220174306, 0.020402733928750496, 0.020125830319483538, 0.019353843495451117]
############## VALIDATION LOSS ############## 
[0.509256554000518, 0.5198684737962835, 0.6455727394889382, 0.5022430069306317, 0.3636797210749458, 0.6650145439540639, 0.35199230208116417, 0.49385738372802734, 0.3561715992058025, 0.2838698993710911, 0.5203544216997483, 0.6802327036857605, 0.4587652227457832, 0.2368654512307223, 0.25793736208887663, 0.3376368284225464, 0.23597093803041122, 0.18078111462733326, 0.1799644889200435, 0.1368654852404314, 0.2180462882799261, 0.11920361746759976, 0.09009372201912544, 0.12783205377704956, 0.20041509235606475, 0.11814508674775853, 0.13001346982577267, 0.15062428309636958]
############## TEST LOSS ############## 
0.14590245724627465
############## TRAIN MEAN_IOU ############## 
[0.4631818456424249, 0.48909389126945185, 0.5297526733295338, 0.5780683401468638, 0.6167605801208599, 0.647084611493188, 0.66840980584557, 0.6891187558303008, 0.7041375282648448, 0.7175982956950729, 0.7298665562191525, 0.7384834152621191, 0.7443275193910341, 0.7436091924035871, 0.7276220321655273, 0.7133168545929162, 0.7019746907659479, 0.6971333051050032, 0.6984624524374266, 0.7028532592025963, 0.7086613725971531, 0.7143614590167999, 0.7203804681429992, 0.7263759132978078, 0.7322417409033388, 0.7375033634739954, 0.742740390268532, 0.7476479757476497]
############## VALIDATION MEAN_IOU ############## 
[0.474354789537542, 0.5004307347185472, 0.5559609532356262, 0.5999826999271617, 0.6339324572507072, 0.6590153610005098, 0.6797948970514185, 0.6975379165481118, 0.7114529609680176, 0.7241569617215324, 0.7346551663735333, 0.7417479402878705, 0.7485232984318453, 0.7357498477487003, 0.720275787746205, 0.7070068156017977, 0.698383043794071, 0.697146335068871, 0.7004686804378734, 0.7057409882545471, 0.7115128566237057, 0.7174614177030676, 0.7233170481289134, 0.729365208569695, 0.7349199722794926, 0.7401683821397669, 0.7452189361347872, 0.7499700013329001]
############## TEST MEAN_IOU ############## 
0.7487039020567229
