############## TRAIN LOSS ############## 
[0.19880864180221752, 0.12672912689378937, 0.05579510414847047, 0.036706706483823223, 0.023795561802044913, 0.017506038291832886, 0.016397240002186515, 0.015059893796648327, 0.013514293801366678, 0.013082409922562137, 0.01696287782082485, 0.018294385999340464, 0.013666450140393666, 0.012826120789238327]
############## VALIDATION LOSS ############## 
[0.19256263620713177, 0.086363010985009814, 0.036492894567987495, 0.028883747099077001, 0.020971657105666751, 0.01785384293864755, 0.016908124308375752, 0.02740201332113322, 0.010665440794957034, 0.024886285940952161, 0.033784821848658955, 0.023647735552752718, 0.011962470817653573, 0.014119415105703999]
############## TEST LOSS ############## 
0.0567755956316
############## TRAIN MEAN_IOU ############## 
[0.46644817413510503, 0.47817467052388835, 0.53546825333221537, 0.61687323692682627, 0.67192387137864085, 0.71444434370543508, 0.74618276228775848, 0.77004431470020396, 0.78870432602392659, 0.80424292023117483, 0.81655583631347961, 0.82479881877834738, 0.83255446118277476, 0.84037030145928671]
############## VALIDATION MEAN_IOU ############## 
[0.47256507417734933, 0.49791118853232441, 0.58193837895112877, 0.64678080993540144, 0.69522647647296676, 0.73198466441210575, 0.75909233093261719, 0.7800536050516016, 0.79703155685873595, 0.81083685860914345, 0.8208133087438696, 0.82854932546615601, 0.83666999199811154, 0.84389025323531208]
############## TEST MEAN_IOU ############## 
0.84386297645
