############## TRAIN LOSS ############## 
[0.21003245723408623, 0.12808801722083543, 0.0885510240756982, 0.04903841980204389, 0.033525225781911125, 0.023356362107537082, 0.019485608397706133, 0.01686893161889669, 0.017491570812322804, 0.014537854610967476, 0.01331861549359117, 0.013984821717934432, 0.012586536049540784, 0.012723526023831722]
############## VALIDATION LOSS ############## 
[0.23534257271710565, 0.24316780006184296, 0.09968639515778598, 0.12423169306095909, 0.07887458757442586, 0.050001981722957944, 0.06258921894957037, 0.056194655378075206, 0.030916019616758123, 0.05363418205695994, 0.04865368543302312, 0.15119679447482615, 0.0434012044878567, 0.035639249007491505]
############## TEST LOSS ############## 
0.09584238393175783
############## TRAIN MEAN_IOU ############## 
[0.4610166380534301, 0.4768061525112874, 0.5082516923949525, 0.5610159732200004, 0.6143665289556658, 0.6572914405449016, 0.6926248371601105, 0.7207466388070906, 0.7431004071557844, 0.7612113114949819, 0.776716107452238, 0.789809907610352, 0.7996611667645944, 0.8094159324426908]
############## VALIDATION MEAN_IOU ############## 
[0.4728558361530304, 0.48794857193441954, 0.5317819819730871, 0.5903980065794552, 0.6374026572003084, 0.6765703979660483, 0.7078639093567344, 0.7328583878629348, 0.752491789705613, 0.7693964137750513, 0.7836911222513985, 0.7949125486261704, 0.8048431803198421, 0.8140084077330196]
############## TEST MEAN_IOU ############## 
0.8137643185528842
