############## TRAIN LOSS ############## 
[0.20964289094145233, 0.13033271460114298, 0.0732441201705385, 0.04706350567977171, 0.03026579803711659, 0.021401090409002593, 0.017599719337414246, 0.015971178944046434, 0.014452483517596044, 0.013770336587284063, 0.013460235972259496, 0.013042688741021463, 0.012481575485671291, 0.012760920223553438]
############## VALIDATION LOSS ############## 
[0.2472272787023993, 0.4319037724943722, 0.21320982102085562, 0.16869342765387366, 0.06687506858040304, 0.04659017000128241, 0.026342087918344664, 0.05103685816421228, 0.024032177513136584, 0.06699683692525416, 0.04233214324888061, 0.028527162202140865, 0.03659342623808805, 0.02523236195830738]
############## TEST LOSS ############## 
0.08779522217810154
############## TRAIN MEAN_IOU ############## 
[0.46100918223729004, 0.47640322229346715, 0.5114715103362057, 0.5712532183608493, 0.62277009438824, 0.665688143388645, 0.7004392928368336, 0.7285165899508709, 0.750207748767492, 0.7687288047494115, 0.7833350622976148, 0.7962894874650079, 0.8069050529518643, 0.8162110818398965]
############## VALIDATION MEAN_IOU ############## 
[0.47289757518207326, 0.4839368900832008, 0.5433143377304077, 0.5988947153091431, 0.6457816081888536, 0.6845506219302907, 0.715659639414619, 0.7401049978592816, 0.7601557409062105, 0.7764981774722829, 0.7901264218723073, 0.8018015237415538, 0.8118547551772174, 0.8206068277359009]
############## TEST MEAN_IOU ############## 
0.820684167471799
