############## TRAIN LOSS ############## 
[0.20524446062139562, 0.13575265395480232, 0.0878006961398028, 0.061377900224682445, 0.03728485968265984, 0.025764813747357677, 0.0197295161668916, 0.01719552297396837, 0.01610853922603702, 0.01437015472785444, 0.013424435221413905, 0.014192612690700067, 0.013207573544334722, 0.012874685674654069, 0.011957727731331377, 0.011659843513641405, 0.011692346004467155, 0.011100639287080313, 0.011051996252373667]
############## VALIDATION LOSS ############## 
[0.4152303758789511, 0.419109293643166, 0.36034712195396423, 0.12962866486871943, 0.07225582748651505, 0.04684312137610772, 0.07078214471831042, 0.027937619563411262, 0.02847869979108081, 0.023934322573682842, 0.027924754054230803, 0.04121409904430894, 0.034224068198133915, 0.02212508680189357, 0.03408019288497813, 0.05513680244193358, 0.07432815081932966, 0.031852268997360676, 0.02615397982299328]
############## TEST LOSS ############## 
0.09542310875699375
############## TRAIN MEAN_IOU ############## 
[0.46097761392593384, 0.47769441677106395, 0.49836762692477254, 0.5453771916595666, 0.5911697398971867, 0.6351085997916557, 0.6718154710692328, 0.7015967683212178, 0.726071456799636, 0.7461798851554459, 0.763185324701103, 0.7776888608932495, 0.7892528675697945, 0.7996708807107564, 0.8089841112897203, 0.8171384181525256, 0.8242692351341248, 0.8303415726970982, 0.836330375155887]
############## VALIDATION MEAN_IOU ############## 
[0.474246926167432, 0.4822976448956658, 0.5217062760801876, 0.5685253213433659, 0.6147785958121804, 0.6548631647053886, 0.6879387532963472, 0.7147610397899852, 0.7367537302129409, 0.7551958525882048, 0.770874584422392, 0.7836549702812644, 0.7947664506295148, 0.8045447293449851, 0.8132441113976872, 0.8209003280190861, 0.8274721398073084, 0.8335567853030037, 0.8391323440215167]
############## TEST MEAN_IOU ############## 
0.8376790534366261
