############## TRAIN LOSS ############## 
[0.2082759864829682, 0.12706565202490702, 0.07465754200175807, 0.0398346980580607, 0.02835726260987891, 0.020823222836731253, 0.02221522305311786, 0.018344781676156295, 0.015032110314161793, 0.013621734404886092, 0.012915675566103813, 0.013242442211186563, 0.012432897413099135, 0.012762868833551938, 0.011816083101203313, 0.011523469716209817, 0.011468572718267506, 0.010972362968164522, 0.010812476610865545, 0.01060649927554501]
############## VALIDATION LOSS ############## 
[0.23798509731012232, 0.6142402571790359, 0.14488327766166015, 0.07624995686552104, 0.05744895295185201, 0.042253002524375916, 0.03883928608368425, 0.044167105985038424, 0.13133708168478572, 0.03815468685591922, 0.033162764766637015, 0.05138497273711597, 0.02923587687751826, 0.02454430368893287, 0.024536098189213696, 0.10418889540083268, 0.05291590598576209, 0.040702616905464846, 0.030996910132029477, 0.11053885694812327]
############## TEST LOSS ############## 
0.2688518572034258
############## TRAIN MEAN_IOU ############## 
[0.46099302817035365, 0.47661824927136703, 0.5103268268946055, 0.5754616341075381, 0.6333162776521735, 0.6766552200188508, 0.7110756933689117, 0.7363010073030317, 0.7575781023180163, 0.774269840201816, 0.789047378945995, 0.8016934290125564, 0.8117494309270704, 0.8209887461082356, 0.8290412579033826, 0.8362029098175667, 0.8420111424214131, 0.8474338376844252, 0.8525411913523803, 0.8571764947594823]
############## VALIDATION MEAN_IOU ############## 
[0.472980995388592, 0.4851598090985242, 0.5425554408746607, 0.6078844210680794, 0.6570344391991111, 0.6957247958463781, 0.724236993228688, 0.7476460162331077, 0.7664616423494676, 0.7821075705920949, 0.7957293005550609, 0.8069047507117776, 0.8166780892540427, 0.8251932263374329, 0.8327983407413259, 0.8392323956770056, 0.8448748062638676, 0.8501702161396251, 0.8549686074256897, 0.8592160940170288]
############## TEST MEAN_IOU ############## 
0.8544508879834956
