############## TRAIN LOSS ############## 
[0.20751087528628273, 0.13842059822904096, 0.08973044408737002, 0.05182172755735952, 0.034472839856469956, 0.02283868723473436, 0.018262295467728697, 0.017734291321421798, 0.016661365485020185, 0.014485434666779396, 0.01358530402334558, 0.013101037585403066, 0.012481698030102495, 0.012548756842325265, 0.011899775296852395, 0.011674976611912653, 0.012290584842196188, 0.012271245337418607, 0.011321215500199312, 0.011381641558900073]
############## VALIDATION LOSS ############## 
[0.20684478475767024, 0.5345958260928884, 0.23452291593832128, 0.14963694793336532, 0.04265829022316372, 0.06707041272345711, 0.05743685715338763, 0.04582770124954336, 0.04842924392398666, 0.035482488572597504, 0.060259837876347935, 0.04132154430536663, 0.030485748149016324, 0.03249771761543611, 0.02431559847558246, 0.05383553268278346, 0.09821868863175898, 0.02839374399798758, 0.04002790262593942, 0.11175636684193331]
############## TEST LOSS ############## 
0.2517997600815513
############## TRAIN MEAN_IOU ############## 
[0.46098529527316223, 0.4757804040973251, 0.49171770948010524, 0.5394949212267592, 0.5949179650963964, 0.6417080453924231, 0.6792274761844326, 0.7089184208496196, 0.7321680292889878, 0.7518774722073529, 0.768242046639726, 0.78216026441471, 0.7937196646187756, 0.8041175885780437, 0.813185966498143, 0.8212547350574184, 0.8282212115622856, 0.8336973246690389, 0.8394219810898239, 0.8445204303071305]
############## VALIDATION MEAN_IOU ############## 
[0.47299179434776306, 0.47907430108855753, 0.5117768995902118, 0.5696156656040865, 0.6199149173848769, 0.662000480820151, 0.6953495144844055, 0.7214312062543982, 0.7426085261737599, 0.7605220780653112, 0.7755025274613324, 0.788143235094407, 0.7992420617271873, 0.8088688815341276, 0.817415665177738, 0.8249216290081248, 0.8311254943118376, 0.836728926967172, 0.8420968686833101, 0.8467710824573741]
############## TEST MEAN_IOU ############## 
0.8412766077301719
