############## TRAIN LOSS ############## 
[0.2091996720111048, 0.13985543275201642, 0.07838182644666852, 0.053297423958979746, 0.03923586632653668, 0.02924994268530124, 0.022164318496613083, 0.020052603395605408, 0.016954680042643402, 0.0155417667890622, 0.014440742264677947, 0.013959240136869453, 0.013265956621113661, 0.01324643350105632, 0.012520720351588082, 0.015300472411704628]
############## VALIDATION LOSS ############## 
[0.46729738046141234, 0.2833145138095407, 0.18000430569929235, 0.24348247138892903, 0.04755959068151081, 0.09548795486197752, 0.06790856228155248, 0.265067912199918, 0.037370147293104845, 0.05014563483350417, 0.028466109186410904, 0.04225951739970375, 0.04867961170042262, 0.03953146671547609, 0.02943105360164362, 0.042404707740334904]
############## TEST LOSS ############## 
0.1200269379286152
############## TRAIN MEAN_IOU ############## 
[0.4609678141974114, 0.4794743669194144, 0.5071949483575048, 0.560047438821277, 0.6060065619043402, 0.6456940987625638, 0.6780429949631562, 0.7051671421205675, 0.7253189956819689, 0.7448381403008023, 0.7610770447834118, 0.7754883105690414, 0.7871012977651648, 0.7973830925451743, 0.8065446808531478, 0.8145868560752353]
############## VALIDATION MEAN_IOU ############## 
[0.4748973478289211, 0.48452164320384755, 0.5335236051503349, 0.5854039051953484, 0.6276177763938904, 0.662913911482867, 0.6928881336660946, 0.7158572007628048, 0.7356832027435303, 0.7534370702855727, 0.7685651533743915, 0.7814935726277968, 0.7925720565459308, 0.8021859281203326, 0.810828868080588, 0.8177437852410709]
############## TEST MEAN_IOU ############## 
0.813264274597168
