############## TRAIN LOSS ############## 
[0.20984097912504868, 0.13728173882574649, 0.07916039092516577, 0.050407666285094375, 0.032731174692712924, 0.022509592371313152, 0.02014055968941869, 0.017222133477696695, 0.01573178474162076, 0.014324645083901045, 0.013499474901756322, 0.013509637197932682, 0.01240571476267399, 0.013145398197544587, 0.012289180206386623, 0.011756435735151172, 0.011322254535263858]
############## VALIDATION LOSS ############## 
[0.24600865735727198, 0.4276277615743525, 0.1850427029763951, 0.056891169837292505, 0.11722181255326551, 0.05648851197432069, 0.035166608279242235, 0.3754946817370022, 0.028435401618480682, 0.02963969681192847, 0.04396538743201424, 0.01830027296262629, 0.02788458808380015, 0.02228676900267601, 0.02896971912945018, 0.040306767120080834, 0.059637765235760636]
############## TEST LOSS ############## 
0.15191775939681312
############## TRAIN MEAN_IOU ############## 
[0.4610127170343657, 0.4757041544527621, 0.5011838444986859, 0.5564166186629115, 0.6112336113646224, 0.6539480911718832, 0.6895541299033809, 0.7179099724099443, 0.7370960921854586, 0.7563929743057972, 0.7723729755427386, 0.7857927059805071, 0.7972252191724004, 0.8072760564249915, 0.8159182401927741, 0.8236673272944786, 0.830482995187914]
############## VALIDATION MEAN_IOU ############## 
[0.4728938604102415, 0.47984927892684937, 0.5291130647939795, 0.5862229361253626, 0.6341595264042125, 0.6735517557929543, 0.7047714626087862, 0.7282665687448838, 0.7473805231206557, 0.7648874731624827, 0.7794553076519686, 0.7917098823715659, 0.8026003837585449, 0.8117754880119773, 0.8199707970899694, 0.8272274802712833, 0.8336029613719267]
############## TEST MEAN_IOU ############## 
0.83060188257333
