############## TRAIN LOSS ############## 
[0.21096577938344027, 0.1347840563268275, 0.07797855868734219, 0.04700832957452213, 0.03213278594351298, 0.023515773937106133, 0.019089652149862534, 0.017350496170488564, 0.01555686948720265, 0.014066783044285871, 0.013545354633164164, 0.013126557988643244, 0.012448632303071586, 0.01274375628831016, 0.01236389863078256, 0.1148629397141269, 0.06402670456146872, 0.02957897481030306, 0.021216561413697294, 0.01701551118261508, 0.014911238475375482, 0.013984979747014271, 0.014408095689440096, 0.014385198658281887, 0.012820437512788418, 0.012655434777607789, 0.012446898369219256, 0.0124323038145195, 0.011758370350140173, 0.011808437307843485, 0.01186097733600921, 0.011410164640511613, 0.011670998115142857]
############## VALIDATION LOSS ############## 
[0.22780977803118088, 0.4325318248832927, 0.12793879167122, 0.20153370061341455, 0.040327394929002315, 0.043095135075204516, 0.044747363995103276, 0.7553866084884194, 0.03610552628250683, 0.023956694256733444, 0.05420207188409917, 0.030180567108532962, 0.060335026506115406, 0.023834500461816788, 0.027250191087231916, 0.2143484240069109, 0.038237517151762455, 0.02186188901610234, 0.024915850556948605, 0.01918645772863837, 0.018895575228859398, 0.023299068212509155, 0.03253901344450081, 0.018358482267050183, 0.020406230845872092, 0.021055993678815225, 0.034607933724627775, 0.016135927180156988, 0.01704398148200091, 0.03210584994624643, 0.018961251768119195, 0.01698632724583149, 0.020681837025810692]
############## TEST LOSS ############## 
0.07659726269317396
############## TRAIN MEAN_IOU ############## 
[0.46103502810001373, 0.47629191142481725, 0.5086344363721641, 0.5642671464262782, 0.6142078879717234, 0.6578029804938549, 0.6927897978473354, 0.7206852653542081, 0.7371685649897601, 0.7564228893937291, 0.7723891976717356, 0.7857222122115057, 0.7970398221466992, 0.8068291150234841, 0.8156325696287928, 0.8187289044663713, 0.8048774680575809, 0.8050450722913485, 0.8094923423754202, 0.8145934907165734, 0.8198643689220017, 0.8249334821829925, 0.8295450863000509, 0.8336911402844094, 0.8377810241402807, 0.8415758408404685, 0.8451293513581559, 0.8483923754176578, 0.8515418067171767, 0.8545423947476052, 0.8572964668273926, 0.8599184638745075, 0.8624615250407038]
############## VALIDATION MEAN_IOU ############## 
[0.47284043711774487, 0.48553309019874125, 0.5363205951802871, 0.5914943568846759, 0.6378100058611702, 0.6767043331090141, 0.7079470122561735, 0.7296265994801241, 0.7474114439066719, 0.7649071847691256, 0.7793731303776011, 0.7915927171707153, 0.8022321848308339, 0.8114711922757766, 0.8196820897214553, 0.8104502663892859, 0.8036822080612183, 0.8071795456549701, 0.8120106353479273, 0.8172592135036693, 0.8224523207720589, 0.8273529164931354, 0.8317046130404753, 0.8357403208227718, 0.8397097272031447, 0.8433973403537974, 0.8467962671728695, 0.8499983443933374, 0.8530893010251662, 0.8559709997738109, 0.8586333078496596, 0.8612387706251705, 0.8636412445236655]
############## TEST MEAN_IOU ############## 
0.8631181102810483
