############## TRAIN LOSS ############## 
[0.20436724547196078, 0.12052001285593252, 0.06938479566392866, 0.048049078146750863, 0.028433122521115316, 0.021904836874455214, 0.019138481996550754, 0.01606018899159657, 0.01623587339889963, 0.014124456239310471, 0.013262174601943509, 0.01280979606373286, 0.01259552495478577, 0.012410345581687382, 0.01210726222426102]
############## VALIDATION LOSS ############## 
[0.22021202567745657, 0.29377832132227283, 0.14736827156122992, 0.10979847303208183, 0.08785257619969986, 0.027641677023733362, 0.05600145809790667, 0.025133406195570442, 0.023369968156604207, 0.02210068373995669, 0.032253591015058404, 0.03059607437428306, 0.036772929351119435, 0.034034764942000896, 0.028374287135460797]
############## TEST LOSS ############## 
0.07633852091702548
############## TRAIN MEAN_IOU ############## 
[0.46109075159639923, 0.4773688227743716, 0.5158578624596467, 0.5791306423174368, 0.6311883902227556, 0.6742520074586611, 0.7087191415799631, 0.7353222990358198, 0.7568688054342527, 0.7746713628640046, 0.7895310343922796, 0.8021276544880223, 0.8124078850488405, 0.8213549594621401, 0.829337352030986]
############## VALIDATION MEAN_IOU ############## 
[0.47304907616447, 0.48883550307329965, 0.5515771613401526, 0.606722800170674, 0.654863764257992, 0.6930816243676579, 0.723045149270226, 0.7470665293581346, 0.7662739858907812, 0.7825655341148376, 0.7961405340362998, 0.8074930170003105, 0.817120818530812, 0.8255781776764813, 0.8330495182205649]
############## TEST MEAN_IOU ############## 
0.8323085904121399
