############## TRAIN LOSS ############## 
[0.20168369887648402, 0.11913091437639417, 0.07100714979743636, 0.045305202387877413, 0.0311086642228671, 0.02289452197382579, 0.018491337163927587, 0.016589191263994656, 0.015721304889617337, 0.014298819238319993, 0.013891862208225034, 0.013476255777719858, 0.01281990690433697, 0.012495486606919282]
############## VALIDATION LOSS ############## 
[0.26511228610487547, 1.3127745880800135, 0.20397243517286637, 0.14807708035497105, 0.10669691203271642, 0.04672289245268878, 0.04399570537840619, 0.058588175212635714, 0.027508833829094383, 0.09052743412115995, 0.10230610212858986, 0.05476386976592681, 0.058321619296775144, 0.03227965205031283]
############## TEST LOSS ############## 
0.09240460973232985
############## TRAIN MEAN_IOU ############## 
[0.46108971213972244, 0.48040292109992055, 0.5036093717491305, 0.5578744218156144, 0.60713712508614, 0.647476706955884, 0.6818873729254749, 0.7098431144211743, 0.7321229955634555, 0.751100858321061, 0.7661762140892647, 0.7791407309673928, 0.7901655677202586, 0.8000688649512626]
############## VALIDATION MEAN_IOU ############## 
[0.4731021348167868, 0.4902977960951188, 0.5319707218338462, 0.5844777927679174, 0.6288262114805334, 0.6659753112231984, 0.6969143011990715, 0.7218061159638798, 0.7421600082341362, 0.7591468236025642, 0.7729353904724121, 0.7848369233748492, 0.7953817108098198, 0.8048145525595721]
############## TEST MEAN_IOU ############## 
0.8047016194372466
