############## TRAIN LOSS ############## 
[0.20823547707216158, 0.13400359356121436, 0.10774801847701138, 0.05684027065699165, 0.03686074395286473, 0.025432973659622507, 0.021198585742732156, 0.01869321077105564, 0.01635646611779324, 0.01455433138117597, 0.013607951082490586, 0.013691482989973313, 0.013656276920055216, 0.013780286252448285, 0.012436909953484664, 0.01202579992949157]
############## VALIDATION LOSS ############## 
[0.23795772563008702, 0.27850498522029205, 0.12398269027471542, 0.49444034870933085, 0.10376834825557821, 0.09937804937362671, 0.07810564602122587, 0.19812067466623642, 0.06457618580144994, 0.0532425232231617, 0.03744534666047377, 0.040895385777249056, 0.0575605118099381, 0.05740060328560717, 0.040859333075144715, 0.039215808405595666]
############## TEST LOSS ############## 
0.11940381533720276
############## TRAIN MEAN_IOU ############## 
[0.46099249776956197, 0.47599214758421926, 0.48805002183527557, 0.5256085568988645, 0.5768888061111038, 0.6239282102198214, 0.6619075303142136, 0.6927439538208214, 0.7155972485606735, 0.736552045151994, 0.7540845403800139, 0.769234103930963, 0.7812547804536046, 0.7917808713139715, 0.8011780147616928, 0.8097340827052658]
############## VALIDATION MEAN_IOU ############## 
[0.4729935877463397, 0.4816800899365369, 0.4981781104031731, 0.5535067950977999, 0.6024461213280173, 0.644655844744514, 0.6785069528748008, 0.7049382364048677, 0.7267068904988906, 0.7458381687893587, 0.7620320810991175, 0.7755075412638047, 0.7868875054752126, 0.7966708295485553, 0.8056428572710823, 0.8137170637355131]
############## TEST MEAN_IOU ############## 
0.8126217256892811
