############## TRAIN LOSS ############## 
[0.1923037089810178, 0.14444544065643, 0.09482940809952246, 0.05675731619467606, 0.04574576657064058, 0.03373392414603684, 0.027158839061755587, 0.024318795701539195, 0.022628423178920876, 0.022038930183830293, 0.02049057906795595, 0.019239276848934794, 0.021272493878731858, 0.017297307167806336, 0.017476266161916224, 0.016706477838090143, 0.015473879936679796, 0.015789148454378184, 0.2078866493963712, 0.15369105439733816, 0.1330976570780213, 0.12119121698511613, 0.11591509044975848, 0.11138974462409278]
############## VALIDATION LOSS ############## 
[0.5414694126914529, 0.5561828052296358, 0.6089610422358793, 0.6660372509675867, 0.9498595630421358, 0.6283192844951854, 0.7602289003484389, 1.229998742832857, 0.5145241442848655, 0.5979442351004657, 0.8366684072157916, 0.6887729623738457, 0.4921891934731427, 0.14531765527584972, 0.24227296692483566, 0.47753919924006744, 0.4604994304039899, 1.417496365659377, 0.1886485105051714, 0.23264100008151112, 0.27166518130723166, 0.25336941200144153, 0.25571751945159016, 0.20462986563934998]
############## TEST LOSS ############## 
0.18993025331786184
############## TRAIN MEAN_IOU ############## 
[0.46289862571535884, 0.47342394815908895, 0.4918400298904728, 0.53193120295937, 0.5720629071867144, 0.6013184793897577, 0.6283905691391712, 0.6496930275414441, 0.6624376814107638, 0.6774481736324929, 0.6907865662832517, 0.7002559674752725, 0.7095714654471423, 0.718294587489721, 0.7289146764858349, 0.7374929777673773, 0.7439057367878992, 0.7505252369352289, 0.7438317247339197, 0.7319839089303404, 0.7211471900746629, 0.7113744769547437, 0.7027060590885781, 0.6950839121599455]
############## VALIDATION MEAN_IOU ############## 
[0.47267527264707226, 0.47585175668492036, 0.5073932269040276, 0.5552316343083101, 0.588448868078344, 0.6160395741462708, 0.6401689122704899, 0.6571333548601936, 0.6706569825901705, 0.6845720094792983, 0.6959562161389519, 0.7054751445265377, 0.7140853580306558, 0.7237571407766903, 0.7333611249923706, 0.740888774394989, 0.7473407177364125, 0.7518593248199014, 0.7379037737846375, 0.7265618899289299, 0.7162011791678036, 0.7069729180896983, 0.6988206400590784, 0.6918014568441054]
############## TEST MEAN_IOU ############## 
0.6875065236380606
