############## TRAIN LOSS ############## 
[0.20033929627892133, 0.1493972542922239, 0.0907296569564858, 0.06168167574985607, 0.047682207027399864, 0.034837193485047366, 0.028890610471166468, 0.024824862544601027, 0.022972088206458737, 0.021803680706668545, 0.0206777339650167, 0.022543949779827852, 0.023566156046817433, 0.020543337283605658, 0.017804096843040473, 0.016752950759050814, 0.01563522230984794, 0.015714874604364503, 0.015251965425606515, 0.014624162589678087, 0.015400403682645914, 0.020055492232377466, 0.01500642964163342, 0.014007031659570497]
############## VALIDATION LOSS ############## 
[0.4389510207316455, 0.6641352562343373, 0.3256770495106192, 0.3570329336559071, 0.5049216607037712, 0.3526245583506191, 0.573789400212905, 0.6635108660249149, 0.46056901181445403, 0.6782774118816152, 0.5564443539170658, 0.21921110153198242, 0.4897584634668687, 0.14344991831218495, 0.15508189008516424, 0.6215268829289604, 0.5337226601207957, 0.39822547050083384, 0.15935917330138824, 0.1659595102948301, 0.9145099064883064, 0.40838421267621655, 0.33144910721217885, 0.18376333923900828]
############## TEST LOSS ############## 
0.25679016384211456
############## TRAIN MEAN_IOU ############## 
[0.4627869660789902, 0.47414102344899567, 0.4942170466120179, 0.5389307890389416, 0.5783690922969097, 0.6095885489438031, 0.6379820237288604, 0.659852394381085, 0.6771687462523177, 0.6928828141173801, 0.7047711796051747, 0.7148323018808622, 0.7256550225051673, 0.733714983269975, 0.7437528210717279, 0.7525943872090932, 0.7582068717157519, 0.7637460570077639, 0.7690489880136542, 0.7753779203505129, 0.7812779279979499, 0.7827777483978787, 0.7864585462454203, 0.7905583172231108]
############## VALIDATION MEAN_IOU ############## 
[0.47246918958776135, 0.4783264573882608, 0.5158054302720463, 0.5603704242145314, 0.5951654770795036, 0.6247807600918938, 0.6498492675669053, 0.6694453148280873, 0.6857029795646667, 0.699378532521865, 0.7104492958854226, 0.7204439920537612, 0.7297507524490356, 0.7387682865647709, 0.7482979963807499, 0.7555947794633753, 0.7611605700324563, 0.7665618938558242, 0.7722707215477439, 0.7784221382702098, 0.7824854605338153, 0.7846429908976835, 0.7885354617062736, 0.7928634391111486]
############## TEST MEAN_IOU ############## 
0.7900869008266564
