############## TRAIN LOSS ############## 
[0.18609740867002592, 0.11707658481758994, 0.06428562623222132, 0.0465916156315723, 0.03232155046803323, 0.02821552671643125, 0.02377966106743426, 0.022130862042005803, 0.02380028463950431, 0.01993763937640029, 0.021238312553110962, 0.019361919748622017, 0.018789881915860885, 0.017296353040414082, 0.015186511861110056, 0.016405507588658382, 0.015272555004402593, 0.014417694931900179, 0.014097123180289526, 0.015694991370814072, 0.014273561172288013, 0.015488336070415538, 0.014861949102802051, 0.014129993027529202, 0.013606603232187193, 0.013121914093357485, 0.013254998679700735, 0.013057841478872139, 0.012865945205998581, 0.012770013103412615, 0.0161241775353414, 0.014397743516727476, 0.01295653180647138, 0.012890431910400858, 0.012595594074023334, 0.012434225365821575, 0.012337510077584837, 0.012127676878023791, 0.012114499456475716, 0.012140531011076795, 0.011995861602544382]
############## VALIDATION LOSS ############## 
[0.5797169243588167, 0.6185672213049496, 0.9905914348714492, 0.7582235897288603, 0.6662196937729331, 0.5790758658857906, 0.5295804440975189, 0.9203579215442433, 0.41049925194067116, 0.3263695695820977, 0.33632997905506806, 0.2597723752260208, 0.24011429355424993, 0.35596920637523427, 0.6023596209638259, 0.1849262460189707, 0.23703903836362503, 0.3619878993314855, 0.27003423256032605, 0.19660472606911378, 0.04536049287108814, 0.357627016656539, 0.4389694403199589, 0.2019968348390916, 0.2321798144017949, 0.4990755635149339, 0.1736819814233219, 0.1778043377048829, 0.120436731068527, 0.23642170516883626, 0.03355288626078297, 0.1115664261228898, 0.14846142337602727, 0.06449385228402474, 0.05729124454014441, 0.047399945776252186, 0.0486504420199815, 0.09652199815301334, 0.07959272953517296, 0.06686881622847389, 0.06569741885451709]
############## TEST LOSS ############## 
0.08381708548827604
############## TRAIN MEAN_IOU ############## 
[0.4629430637971775, 0.47778977212068197, 0.5165784145529205, 0.5611956514216758, 0.600900229570028, 0.6338863219763782, 0.6600520498043781, 0.6813887542969471, 0.6949460425892392, 0.7084197530875335, 0.7217220575422854, 0.7319121658802032, 0.7420579476936443, 0.75146475998131, 0.7588782020517297, 0.7654048768249718, 0.7727840140059188, 0.7793061491605398, 0.7845255096216459, 0.7897064879133895, 0.7946498522887359, 0.800119343641642, 0.8035222589969635, 0.8061752818726204, 0.8100921801618628, 0.8134947548041472, 0.8157996656121435, 0.8190963332717484, 0.822162403448208, 0.8253483272887565, 0.8277318759544475, 0.8306023534890767, 0.833228279609938, 0.8354917144453203, 0.8380522139974542, 0.8405203150736319, 0.8428932194774216, 0.8451644794361012, 0.8471684270613903, 0.8491284895587612, 0.8510651830080393]
############## VALIDATION MEAN_IOU ############## 
[0.4739103369853076, 0.4862357448129093, 0.5425308872671688, 0.5828869132434621, 0.6194750912049237, 0.6480706579544965, 0.6717382704510408, 0.6892977356910706, 0.7020068484194139, 0.7155857436797198, 0.7270742058753967, 0.7373372526729808, 0.7469134330749512, 0.755361069651211, 0.7624473326346454, 0.7691502290613511, 0.7761420502382166, 0.782083602512584, 0.7872946332482731, 0.7922047587002025, 0.7974702750935274, 0.8019239201265222, 0.8049581717042362, 0.808147619752323, 0.8117995367330664, 0.8147531537448659, 0.8174789337550893, 0.82065950421726, 0.8237668942002689, 0.8266303048414343, 0.8290932318743538, 0.8318934195181903, 0.8343791681177476, 0.8367493503233966, 0.8392577066141016, 0.8416860559407402, 0.8440143010195564, 0.8461690790512982, 0.8481465893633225, 0.8500878320020788, 0.8519846236004549]
############## TEST MEAN_IOU ############## 
0.8515353813315882
