############## TRAIN LOSS ############## 
[0.1835211277813525, 0.12245680291104961, 0.0792140121496207, 0.04553140264407203, 0.034473931366527405, 0.0302107633796294, 0.026596014488589118, 0.02297285201682432, 0.02099978512253713, 0.023421911799625772, 0.020433827970378304, 0.018691527543941867, 0.016973018016968225, 0.015995824973828888, 0.020690028807400045, 0.019437092507409083, 0.01545401755720377, 0.01511326028235458, 0.014194632666437206, 0.014154753528182974, 0.013786988370623943, 0.013615103570643711, 0.014141260394574823, 0.013675476927813646, 0.013438022141722409, 0.013117303757148015, 0.012881496782741836, 0.012820335872773383, 0.012819421836300878, 0.012711791290171645, 0.012770354256940048, 0.012907391414046288, 0.012846849764370033, 0.029974252696627297, 0.016496773041482712, 0.01428099162247334, 0.013312530112326951, 0.01260390697122627, 0.013026806670618622, 0.013093539337451393, 0.012255918738004324, 0.012454315780888538, 0.01231778963670336]
############## VALIDATION LOSS ############## 
[0.2729491994661443, 0.8504475670702317, 0.7320874543750987, 1.0940133122836841, 0.7593472740229439, 0.49404026480282054, 0.6866256840088788, 0.7763073549551123, 0.5627351753851947, 0.47469628909054923, 0.19389688355081222, 0.6008806894807255, 0.8461117884692024, 0.5923149796093211, 0.5286163792890661, 0.10215592515819213, 0.4403157865299898, 0.11952361508327372, 0.17845477076137767, 0.22419081277707043, 0.11333709473119062, 0.13792796783587513, 0.24987362588153167, 0.1450982440043898, 0.1306771026814685, 0.09581552095272962, 0.13818691539413788, 0.3221662763287039, 0.2320797101539724, 0.07423658603254486, 0.1915522805031608, 0.42652726699324217, 0.019319359815734273, 0.10259004506994696, 0.0744256556910627, 0.12876013491083593, 0.06664691471001681, 0.1125970325049232, 0.21570602672941544, 0.053725541733643585, 0.06713863681344424, 0.07545681232038666, 0.06195082164862577]
############## TEST LOSS ############## 
0.08342459084409656
############## TRAIN MEAN_IOU ############## 
[0.4632346654260481, 0.47651197298153025, 0.49608003811256307, 0.5434969744166812, 0.5822963440740431, 0.615523636341095, 0.6407871536306433, 0.6605877860172374, 0.6761444758724522, 0.6909632207574071, 0.7033241052885313, 0.7158513914894413, 0.7248404477093671, 0.7315376682861431, 0.738679284985001, 0.7447718253006806, 0.7534911366733344, 0.7599335594757183, 0.7672994442888208, 0.7738817648307698, 0.7797390713885024, 0.7855451107025146, 0.7907523939738402, 0.7950357392027572, 0.7994165976305265, 0.8035112772438977, 0.8075463087172121, 0.8112199072902267, 0.8140204653546617, 0.8169338099054388, 0.8201523544015111, 0.8229489890304772, 0.8248636585635107, 0.8269812859393455, 0.8287353588117136, 0.8310609186017835, 0.8332818674074637, 0.8356498375132277, 0.8377899825572968, 0.8395247588286529, 0.841650510961945, 0.8436806822145307, 0.8455863184220082]
############## VALIDATION MEAN_IOU ############## 
[0.473885376663769, 0.4799054685760947, 0.5189574010231915, 0.5660326480865479, 0.6009039738598991, 0.6293302318629097, 0.6517143214450163, 0.6692349665305194, 0.6844939834931317, 0.6975555630291209, 0.7098990222987007, 0.720693455022924, 0.7285365322056938, 0.735546325936037, 0.7417550016851986, 0.7490633831304663, 0.7568235747954425, 0.7636051423409406, 0.7706153743407306, 0.7768470680012423, 0.7826557439916274, 0.7881593143238741, 0.7929124621783986, 0.7972403624478508, 0.8014745221418493, 0.8055281393668231, 0.8094047728706809, 0.8126697715590981, 0.8155024893143598, 0.8185493665582994, 0.8215697653153363, 0.8239346882876228, 0.8263264964608585, 0.827626975143657, 0.8298647263470817, 0.8321453017346999, 0.8344316237113055, 0.8367126023068148, 0.8386568356962765, 0.8405587357633254, 0.8426552414894104, 0.8446178366156185, 0.8464844857945162]
############## TEST MEAN_IOU ############## 
0.8460633364590732
