############## TRAIN LOSS ############## 
[0.19659747817629092, 0.1311533256257708, 0.08825947042252566, 0.049251355759396744, 0.04102612895941412, 0.030270438968531183, 0.02670956468461333, 0.023959747893182008, 0.021702795100675243, 0.020198918816104933, 0.019886737047518428, 0.01744777388316957, 0.016824526636785752, 0.01643842417193023, 0.015149005726483223, 0.020694710314273834, 0.015402889760160769, 0.016993456645994574, 0.015084280179360428, 0.014254324270311642, 0.014230237896176608, 0.014323018755562402, 0.014325338239605362, 0.013284345553885843, 0.013396435505332979, 0.013086548723230089, 0.01327056618961128, 0.013251285194545178]
############## VALIDATION LOSS ############## 
[0.4344523163402782, 0.7302525709657108, 0.4899100345723769, 0.833777087576249, 1.1485579224193798, 0.7399542647249558, 0.46519232497495766, 1.1474303287618302, 0.4763634064618279, 0.4006195752059712, 0.49290794134140015, 0.4599206219701206, 0.327210957513136, 0.4067051305490382, 0.6673839618177975, 0.792662732741412, 1.0767273061415727, 0.15116173642523148, 0.3260101903887356, 0.6155016282025505, 0.640417705563938, 0.7114513095687417, 0.20206498836769776, 0.3518062216394088, 0.24756762473022237, 0.31254276107339296, 0.622476083390853, 0.21599099390646992]
############## TEST LOSS ############## 
0.38536440955870077
############## TRAIN MEAN_IOU ############## 
[0.4627537248102394, 0.4737744935460993, 0.48915120556547836, 0.5378805640581492, 0.5813609120008107, 0.6089504852488234, 0.6343092902286632, 0.6559978385229368, 0.6717139796630757, 0.6876946752135819, 0.7018428936197951, 0.7131854642081905, 0.723937731336903, 0.7341722024453653, 0.7427735803900538, 0.7489427312000377, 0.7539738344179617, 0.7573566267619262, 0.7641400187402159, 0.7697065472602844, 0.7738144776305637, 0.7773656837038092, 0.7802714061092686, 0.7851169971195427, 0.7891560720430838, 0.7930139351535488, 0.796484635488407, 0.7988771208234735]
############## VALIDATION MEAN_IOU ############## 
[0.4725317201193641, 0.47627504783518176, 0.5114864110946655, 0.5629880813991323, 0.5967568229226505, 0.623026826802422, 0.6461509045432595, 0.6647363585584304, 0.6802379559068119, 0.6953361910932204, 0.7078675242031321, 0.7189627289772034, 0.7293201755074894, 0.7386688590049744, 0.7464055489091312, 0.7514800043667064, 0.7559953682562884, 0.7607634698643404, 0.7670161163105684, 0.7718912888975704, 0.7757796259487376, 0.7789848166353562, 0.782708581756143, 0.7871794840868782, 0.7911219526739681, 0.7948261709774241, 0.7977680108126473, 0.8005731140865999]
############## TEST MEAN_IOU ############## 
0.796672256787618
