############## TRAIN LOSS ############## 
[0.19904752951618787, 0.13869601321985592, 0.082654764233912159, 0.043501800354066734, 0.026973702756033557, 0.021719899047417817, 0.016466537569146102, 0.016558728923366683, 0.015134732405705427, 0.013838980733920392, 0.013214806840452994, 0.012738224609780151, 0.01370486179429635, 0.012791113669958871]
############## VALIDATION LOSS ############## 
[0.22326852994806626, 0.16392601018442826, 0.052145550137057024, 0.13561480580007329, 0.024890476728186887, 0.016953975290936583, 0.017327022026566899, 0.02336477575933232, 0.015286879641387393, 0.017121694461606881, 0.022760262712836266, 0.016447440474568045, 0.02940470040501917, 0.015444111791165435]
############## TEST LOSS ############## 
0.0547795249883
############## TRAIN MEAN_IOU ############## 
[0.46645491308457143, 0.47502474506964554, 0.5030586085206753, 0.5681135626258077, 0.62922970547869395, 0.67611807262575307, 0.71214070473168345, 0.74005876682900096, 0.76118339839819316, 0.77894486486911774, 0.79360216936549621, 0.80605222486160899, 0.81617356272968089, 0.82476476116760356]
############## VALIDATION MEAN_IOU ############## 
[0.47306614763596477, 0.48410268215572133, 0.53435303183162919, 0.60194275309057799, 0.65524479922126322, 0.69555583420921774, 0.72741392430137186, 0.7513088338515338, 0.77058364012662106, 0.78669270347146425, 0.80009403298882875, 0.81137430667877197, 0.82065683953902302, 0.82885451877818384]
############## TEST MEAN_IOU ############## 
0.828873940309
