############## TRAIN LOSS ############## 
[0.1852339304278831, 0.10147797057052722, 0.049915139940944875, 0.03193627619436262, 0.025960853077924333, 0.01846507020810669, 0.016113648147045356, 0.014444975855735105, 0.013530992408836814, 0.013440948590082494, 0.018571057177551493, 0.029961372348102363, 0.014132259369550927, 0.01302056828815792, 0.012235069644285014, 0.011923195498466894, 0.012021430283533158, 0.011223199170057636, 0.01119822682498174]
############## VALIDATION LOSS ############## 
[0.2063143665299696, 0.0880060452310478, 0.05209522036945119, 0.054110834046321755, 0.025324774412986112, 0.021922432379249263, 0.018814618534901562, 0.018015509580864626, 0.020006210159729507, 0.017221565193989697, 0.09750639778726242, 0.024150539408711827, 0.01791313153636806, 0.01678966117255828, 0.018956391907790127, 0.018844298908815664, 0.021150884656783414, 0.019007401979144883, 0.01883572542711216]
############## TEST LOSS ############## 
0.08012384087073081
############## TRAIN MEAN_IOU ############## 
[0.46696643188998505, 0.4911060935339412, 0.5635792161967303, 0.6423017982695554, 0.689952319135537, 0.7283989819320472, 0.757979751841442, 0.7804389785270434, 0.7981835897709872, 0.8126174743111069, 0.8243528093035156, 0.8254124002682196, 0.832698853032009, 0.8404028041137231, 0.8471570844585831, 0.8532093042457426, 0.8585607316848394, 0.8633441767982535, 0.8676867388390206]
############## VALIDATION MEAN_IOU ############## 
[0.4773880874409395, 0.5219455256181604, 0.607916369157679, 0.6693801599390367, 0.7111425855580498, 0.7446164243361529, 0.7700806715909172, 0.7899901656543508, 0.8059429456205929, 0.8188323063008925, 0.8268161977038664, 0.828754673985874, 0.8367468854960274, 0.8439418848823098, 0.8503323267487919, 0.8560506035299862, 0.8610849450616276, 0.8656606358640334, 0.8697489394861109]
############## TEST MEAN_IOU ############## 
0.8685277472842824
