############## TRAIN LOSS ############## 
[0.18621251339445244, 0.11478273313794587, 0.05603963271337184, 0.03282932332414832, 0.02442599100539008, 0.018722584729108052, 0.01564956206601818, 0.015075139562926582, 0.013820773531758302, 0.01324323909294263, 0.012937063980545546, 0.012421122126004382, 0.023433467338641954, 0.18652516477615447]
############## VALIDATION LOSS ############## 
[0.18907427261857426, 0.1790437417871812, 0.047412510961294174, 0.03194007891065934, 0.019198607160326314, 0.019035188042942214, 0.023662159657653642, 0.01957821402260486, 0.014263354625333758, 0.07929300451103378, 0.01919072702088777, 0.023589374168830758, 0.16917622089385986, 0.13733345226329916]
############## TEST LOSS ############## 
0.16798693691239214
############## TRAIN MEAN_IOU ############## 
[0.4669323722655709, 0.48714864314407913, 0.5396669849350646, 0.617139948783694, 0.6727736153312631, 0.7135185397960044, 0.7450131020835928, 0.7688525331181448, 0.7874721900836842, 0.8029442034863137, 0.8146905882938488, 0.8254480184735479, 0.8341160025951024, 0.8231578751190288]
############## VALIDATION MEAN_IOU ############## 
[0.47674325634451475, 0.5010790544397691, 0.5821418972576365, 0.6481651172918432, 0.6951367469394908, 0.7307100716759177, 0.7580316487480613, 0.7787956770728616, 0.7957593202590942, 0.8092039437854991, 0.8202575971098507, 0.8299664714757133, 0.8359174798516666, 0.8107381217619952]
############## TEST MEAN_IOU ############## 
0.7999379616795164
