############## TRAIN LOSS ############## 
[0.18835371888771252, 0.11956430395209305, 0.07021105040267513, 0.03830239553054845, 0.029451661101366218, 0.0206100424355198, 0.016924326396169694, 0.015480206750736043, 0.01522987528162933, 0.013787398004677851, 0.013464068990779688, 0.013278980270607045, 0.012388237862142961, 0.02873737658877429, 0.015356937174785984, 0.013098132412729634, 0.01210873669667824, 0.0115280425635393, 0.011446277714787505, 0.011265795010871984]
############## VALIDATION LOSS ############## 
[0.15622206207583933, 0.1156723473001929, 0.10786881100605517, 0.03170420240391703, 0.02527894835700007, 0.021025331416989073, 0.02593805076663985, 0.0232305473593228, 0.017963013009113425, 0.02676620279603145, 0.016734096879029974, 0.025745535598081702, 0.02049045231850708, 0.02604121928486754, 0.014453503029311405, 0.01806936944451402, 0.015620518366203588, 0.021433287026251063, 0.02589759060784298, 0.029737642363590354]
############## TEST LOSS ############## 
0.07290291238689062
############## TRAIN MEAN_IOU ############## 
[0.46694605998896266, 0.48138685524463654, 0.5275668203830719, 0.595857560634613, 0.6538661839188756, 0.6944587476350166, 0.7282307739998843, 0.7539013749038851, 0.7738158046393782, 0.7902547310332995, 0.803659854305757, 0.815294138080365, 0.8247681018468496, 0.8319096351797516, 0.8358519012863571, 0.8422325019900864, 0.8481017258521673, 0.8534024269194216, 0.8582401549493944, 0.8625284385036778]
############## VALIDATION MEAN_IOU ############## 
[0.4768720128956963, 0.5001416627098533, 0.5627668464885038, 0.6282553813036751, 0.6757405645707074, 0.7129671643762028, 0.7421680092811584, 0.7647094621377832, 0.7825137657277724, 0.7974217428880579, 0.8097509566475364, 0.8202015827683842, 0.8292469347224516, 0.8328022010186139, 0.839153437053456, 0.8452773374669692, 0.8509042298092562, 0.8559932778863346, 0.8604994486359989, 0.8645898384206435]
############## TEST MEAN_IOU ############## 
0.8637779066056916
