############## TRAIN LOSS ############## 
[0.18635284805015936, 0.10552126868955188, 0.05313017106036077, 0.0303737838072954, 0.02246649399701808, 0.016609923262778367, 0.025442769426877634, 0.022439045526364165, 0.014968922654343015, 0.013813061479202195, 0.012792137177736574, 0.012215693119435093, 0.012297659826062218, 0.011856478698727852, 0.011600155842717032, 0.011725889260855478, 0.0113824857524722, 0.01082586223964353, 0.011017059646169277, 0.011157072410365013]
############## VALIDATION LOSS ############## 
[0.18311010476420908, 0.15342021251426025, 0.08989685817676432, 0.03886312898248434, 0.024006430881426614, 0.0253585629603442, 0.0532345596481772, 0.03554554798585527, 0.024049430811668143, 0.02189943243694656, 0.02727662426803042, 0.043064221849336344, 0.021522879710092264, 0.022289448089021092, 0.016107279095141327, 0.032418113311423975, 0.03461608192061677, 0.02039541243849432, 0.022084782940938193, 0.032136796864078325]
############## TEST LOSS ############## 
0.07655634889096925
############## TRAIN MEAN_IOU ############## 
[0.466937243737079, 0.48793332137771556, 0.5567081135672491, 0.631768034519376, 0.6854484886736483, 0.7256231485186396, 0.755539264630627, 0.7719173717337686, 0.7887983140913216, 0.8036616907731907, 0.8158850919555973, 0.8264722570374206, 0.8350402567837689, 0.8427428236684283, 0.8494928003968419, 0.8553990145792832, 0.8605481627825144, 0.8651725814954655, 0.8694938554151638, 0.8732372022963859]
############## VALIDATION MEAN_IOU ############## 
[0.4767817153650172, 0.5154071415171904, 0.5980191616451039, 0.6620680514503928, 0.7073799476904028, 0.7421922298038707, 0.7643247211680693, 0.7807374316103318, 0.7966933601042804, 0.8101023681023541, 0.8213849102749544, 0.8309367088710561, 0.8390988672480864, 0.8463051003568313, 0.8526354572352242, 0.8580956318799187, 0.8629756990601035, 0.8674827533609727, 0.8714788696345162, 0.8750183442059685]
############## TEST MEAN_IOU ############## 
0.8738185127576192
