############## TRAIN LOSS ############## 
[0.18912342603544932, 0.1505017155227629, 0.09344695790393932, 0.0569214477908571, 0.038327458874649695, 0.03181693219655269, 0.02089406845688417, 0.019668994657066022, 0.016854783016684895, 0.014757237271279902, 0.013745330500642996, 0.01315301568624941, 0.04892424487106099, 0.04467340065418063, 0.02030249431137801, 0.014963911204422647, 0.013948087917162559, 0.013597325648407679, 0.012796108368658335, 0.012136221542400686, 0.012211013015837886, 0.012296558146969089]
############## VALIDATION LOSS ############## 
[0.1421567753833883, 0.11084503943429273, 0.07703836481360828, 0.05287859413553687, 0.03570565899067065, 0.08331348703188055, 0.0375836977516027, 0.021654233555583394, 0.02118852246990975, 0.02661427658270387, 0.02625160916324924, 0.016779689446968192, 0.19409908967859604, 0.04511821730171933, 0.018823501434834564, 0.02089762326110812, 0.014298866612508017, 0.014568743022049175, 0.02101967204362154, 0.016425696913810336, 0.019355233046500123, 0.016995620749452534]
############## TEST LOSS ############## 
0.053373499700065816
############## TRAIN MEAN_IOU ############## 
[0.4669503672300158, 0.47907071218297287, 0.493618541674034, 0.5416993365899937, 0.5959392145678803, 0.6399993687062651, 0.6757277230153212, 0.7055791962791134, 0.7296186262691343, 0.7499693475059561, 0.7667312924120877, 0.7812003900070448, 0.791944215829308, 0.7864407518425504, 0.7923500368723998, 0.8004535899774449, 0.8083619394817868, 0.8153872896690626, 0.8219889958162565, 0.827773616523356, 0.8332866675950386, 0.8382070688782511]
############## VALIDATION MEAN_IOU ############## 
[0.47693386849235087, 0.48392152610947103, 0.514429418479695, 0.5709170734181124, 0.6206530507873086, 0.6584835297921124, 0.6919645912507001, 0.7183703043881584, 0.7404124316047219, 0.7588556864682365, 0.7742405148113475, 0.7874273833106545, 0.7886626650305355, 0.7885365135529462, 0.7963598791290732, 0.8045851623310762, 0.8121189685428843, 0.818892124821158, 0.8250179501140819, 0.8306514410411611, 0.8358208326732411, 0.840534203192767]
############## TEST MEAN_IOU ############## 
0.8409747759501139
