############## TRAIN LOSS ############## 
[0.1860350855198261, 0.10937504019789598, 0.05279071208693691, 0.03384604444098029, 0.02255288286864556, 0.018846411286299495, 0.0157782901833589, 0.014244306285085308, 0.01387047889088658, 0.013652382437391457, 0.01296043154670278, 0.01242155412123916, 0.029090291656855796, 0.014769507833202748, 0.01274401175072165]
############## VALIDATION LOSS ############## 
[0.3348156108575709, 0.1321178889449905, 0.04803113639354706, 0.026210312676780364, 0.025670135941575554, 0.02763425339670742, 0.02882453503415865, 0.01724815839791999, 0.023742255261715722, 0.012389396043384777, 0.02710110349032809, 0.014570697210729122, 0.027644720585907206, 0.01973598702427219, 0.02488320183885448]
############## TEST LOSS ############## 
0.07327712722348445
############## TRAIN MEAN_IOU ############## 
[0.46694574424543894, 0.487220338470227, 0.5550625211483723, 0.6323022987391498, 0.685282929120837, 0.7244357660010055, 0.754019600314063, 0.7767032646649593, 0.794626879933718, 0.8091587774656914, 0.8211085083516868, 0.8312867316039833, 0.8381395054024618, 0.8420691147849366, 0.8484914045076113]
############## VALIDATION MEAN_IOU ############## 
[0.47721918540842395, 0.514432381181156, 0.5984289891579572, 0.6611248465145335, 0.7071233321638668, 0.7406264578594881, 0.7663041458410376, 0.7863897365682265, 0.8023960134562325, 0.8154657553224003, 0.8263815150541418, 0.8356415909879348, 0.8390192073934218, 0.8454056171809926, 0.8514967665952795]
############## TEST MEAN_IOU ############## 
0.8504230007980809
