############## TRAIN LOSS ############## 
[0.1884612981733438, 0.10808169152084235, 0.05875717160115774, 0.03345247341722653, 0.031377490119052096, 0.02502722614067229, 0.026026993744528375, 0.021757829223281226, 0.01963069973626753, 0.017342279381999694, 0.01949261506780277, 0.020095215603784734, 0.015848111166190858, 0.015596405499161699, 0.0152191961612049, 0.014751097080423622, 0.014545632390985015, 0.013907501492901025, 0.013627474982845219]
############## VALIDATION LOSS ############## 
[0.2654112796573078, 0.18976734841571136, 0.06156554215532892, 0.04919042591662968, 0.048254882259403956, 0.04922586038489552, 0.02565525663907037, 0.021230289274278807, 0.03150528450222576, 0.02808519096716362, 0.03264389165184077, 0.021289782817749417, 0.019644961473258102, 0.016139065271572155, 0.021686442388112053, 0.018698052777086988, 0.02003929966731983, 0.020961113849326092, 0.019197906257913393]
############## TEST LOSS ############## 
0.035928058443647444
############## TRAIN MEAN_IOU ############## 
[0.465471975505352, 0.4865584806413264, 0.5442023587387961, 0.6163240719485927, 0.6688158363103867, 0.7039174437522888, 0.7290750508372849, 0.7507419094846055, 0.7686477537090713, 0.7824940653266134, 0.7951540322722616, 0.8041070643309001, 0.8128249963393083, 0.8207598811871296, 0.827944479278616, 0.8341152277347204, 0.8396992228321127, 0.844784140586853, 0.8493093618670026]
############## VALIDATION MEAN_IOU ############## 
[0.4742511388133554, 0.510009229183197, 0.5832941602258122, 0.646246587528902, 0.687809004503138, 0.7184840230380788, 0.7406629429144018, 0.7601319867021897, 0.7758486200781429, 0.789163912043852, 0.7996316937839284, 0.808490605915294, 0.8170343076481539, 0.8245306470814873, 0.8311656082377714, 0.8370611422202167, 0.84228896744111, 0.8471164142384249, 0.8515202017391429]
############## TEST MEAN_IOU ############## 
0.8524990143197956
