############## TRAIN LOSS ############## 
[0.17695190269197966, 0.09086679088304171, 0.04325213109621325, 0.031227341299322812, 0.029747671667939506, 0.025622710315007215, 0.023048565524781274, 0.02349412125988385, 0.020119545446406747, 0.017086135333630483, 0.01745993796597562, 0.020051926862121233, 0.016304391659670382, 0.016266866697225015, 0.01591383774349516, 0.02002983311870815, 0.01638699120313332, 0.01453975121792708, 0.01400281090251598, 0.014003054396173841, 0.013858836509186673, 0.013999424333608634, 0.01367077902525764, 0.01448531520578104, 0.03299363864258536, 0.016405429917614203, 0.0140094584061739, 0.01327037117821542, 0.013113244074849865, 0.013006490563998956, 0.019395722692983376, 0.013882083683022978, 0.01304848408452361]
############## VALIDATION LOSS ############## 
[0.23315255431567922, 0.1271733952795758, 0.15857255590312622, 0.12501408422694488, 0.10625727069290246, 0.03130997311981285, 0.07292589331593584, 0.13215421446982553, 0.03212590471786611, 0.02906767908922013, 0.02335996153380941, 0.06100114193909308, 0.020073470851296887, 0.023603950408013427, 0.0376936771961696, 0.02433245618115453, 0.016257941311992267, 0.017906717654755887, 0.016069145845797134, 0.014616782256566426, 0.01548607146148296, 0.013263548012165463, 0.01790341975934365, 0.6788899775813607, 0.01858203825266922, 0.016303815002388814, 0.012855475384961157, 0.012419694295043455, 0.012843765729271314, 0.014911100624457878, 0.015794234487282878, 0.013159414095913662, 0.013257296372424154]
############## TEST LOSS ############## 
0.03280403713385264
############## TRAIN MEAN_IOU ############## 
[0.4659951558789691, 0.5079242844839353, 0.5821193613716074, 0.6453777817455498, 0.6881323746732764, 0.7184890130081693, 0.7432184062294058, 0.7624439013165396, 0.7759217760852866, 0.7895667585166725, 0.8014483447815921, 0.810897624170458, 0.8182497278258607, 0.8256630083999118, 0.8322088714386966, 0.837441174967869, 0.8418331806724136, 0.8466642623817598, 0.8510455360283723, 0.8551003767831905, 0.8588120800417822, 0.8620695552310428, 0.8651716825929848, 0.8679557156723898, 0.8667115246927416, 0.8681158745611036, 0.8704067996224841, 0.8726817454035217, 0.8748381170066627, 0.8768982432178549, 0.8784420228487736, 0.8798118306172861, 0.881477499330366]
############## VALIDATION MEAN_IOU ############## 
[0.48236585715237784, 0.5409761071205139, 0.6194396404659047, 0.6699178885011112, 0.704215498531566, 0.732003902687746, 0.7540001203032101, 0.7694852737819448, 0.7830875200383803, 0.795893949620864, 0.8064119465210858, 0.814344090573928, 0.8221482318990371, 0.8290748596191406, 0.8350650317528668, 0.8395467190181508, 0.8442534629036399, 0.848916165968951, 0.8531758048955131, 0.8570104171248043, 0.8604941508349251, 0.8636456166996676, 0.8665942584767061, 0.868192574557136, 0.8671082924394047, 0.8692181285689858, 0.8715408724897048, 0.8737718357759363, 0.8758769841755137, 0.8778776561512667, 0.8790097972925972, 0.8806629952262429, 0.8823173817466287]
############## TEST MEAN_IOU ############## 
0.8826325160084348
