############## TRAIN LOSS ############## 
[0.1817291468079831, 0.09463363829245036, 0.04943118111633167, 0.035158583208465495, 0.02951424022054149, 0.03290319559164345, 0.022366738837287837, 0.020877446718136402, 0.021429372882168438, 0.018231134974976648, 0.017216925996959814, 0.016786883865181054, 0.01562569966866962, 0.02004845962683494, 0.023421906929060415, 0.017431421340694902, 0.015478004578727524, 0.015111319239352, 0.014389845278315447, 0.014303695092707671, 0.014122383495968944, 0.03717651009572217, 0.01747410621405957, 0.01467588624438724, 0.014039427425863373, 0.013472234071987504, 0.014187281790843888, 0.013618786652522112, 0.013287415677631224, 0.01288156716681614, 0.013721736975492456, 0.01329075120943221, 0.014531273847898922, 0.014035077526460629, 0.012890106208647627, 0.012495188674939846, 0.013116437539055541, 0.013277608133550431, 0.012910241110099328, 0.012291100288338557, 0.012270869297050947, 0.012592858134617878, 0.019138049526215607, 0.014923897014956016, 0.012501838966272771, 0.012089478506429776]
############## VALIDATION LOSS ############## 
[0.14171705263502457, 0.1426104460568989, 0.15233932216377818, 0.1039375719778678, 0.04750258519369013, 0.1388810189331279, 0.037881955285282695, 0.0911437681711772, 0.03794165163793985, 0.057499718687990135, 0.03790595344103435, 0.027366585426909083, 0.09221593926058096, 0.020016963045824978, 0.02169429472483256, 0.01695343235726742, 0.020199948100044447, 0.033006222644711244, 0.01631080638617277, 0.025359950576196697, 0.018593449775567827, 0.025628166821073082, 0.019863932037397343, 0.015030454488142449, 0.017693190205403986, 0.015600080793613897, 0.01601454842945232, 0.014766361235695727, 0.013820456532651888, 0.015169223441797145, 0.013591960045125554, 0.014146919115720427, 0.016653665368828702, 0.015866265303510076, 0.01337816599099075, 0.012678662945023355, 0.027065031613935444, 0.018243616693379247, 0.013340549516108106, 0.012371534810346715, 0.01206529893748024, 0.017204917172956115, 0.027019852991489804, 0.012421110206667115, 0.012477371293832274, 0.012847836348502076]
############## TEST LOSS ############## 
0.03217815305247451
############## TRAIN MEAN_IOU ############## 
[0.46596722244410904, 0.49246252791301626, 0.5625864553290445, 0.6269466937393755, 0.6706377235618798, 0.7039791103955861, 0.7247986845873498, 0.7472660013952771, 0.7632805415101953, 0.7772090153114216, 0.7891265049174025, 0.799526422410398, 0.8088908775432689, 0.8152187458566718, 0.8216740919931514, 0.8267790369085364, 0.8326768754301844, 0.8379166661887556, 0.8423561163850732, 0.8468013711877771, 0.850744945374695, 0.8523385238808554, 0.8535711024258588, 0.8566181873147553, 0.859624799844381, 0.8624044910476014, 0.8649866963560516, 0.8673813250419256, 0.8696809306338027, 0.8718960325460177, 0.8739360881012839, 0.8758160310822565, 0.8775465713964926, 0.879144227585277, 0.8807199911491291, 0.882276876955419, 0.8837745318541655, 0.8850340778763229, 0.8862912433372961, 0.8875465574296745, 0.8888135882648261, 0.8900005390515199, 0.8908692171444764, 0.8913514658405974, 0.8923234979848604, 0.8933399794874964]
############## VALIDATION MEAN_IOU ############## 
[0.47573833605822397, 0.5255410601111019, 0.599662233801449, 0.6514357854338253, 0.6902788000948289, 0.7145264569450828, 0.7371540315010968, 0.7560459936366362, 0.7705372291452744, 0.7834755357574014, 0.7945466707734501, 0.804310027290793, 0.8124737248701208, 0.818527712541468, 0.82399500468198, 0.8298482929959017, 0.83533736186869, 0.8402096278527204, 0.8446882016518537, 0.8488350685905007, 0.8525427965556874, 0.8523868778172661, 0.8550548062605017, 0.8581332073492163, 0.8610159228829777, 0.8637294874471777, 0.8661923373446745, 0.8685481337939992, 0.8707958284546348, 0.8729780947460848, 0.8748835886225981, 0.8767496768166038, 0.8783383299322689, 0.8799243709620308, 0.8815056190771215, 0.8830413047005149, 0.8844033970552332, 0.8856809559990378, 0.8869100248112398, 0.8881955777897554, 0.8894254530177397, 0.8905405296998865, 0.8910118271322811, 0.8918241823420805, 0.8928328647333033, 0.8938399413052727]
############## TEST MEAN_IOU ############## 
0.8938244620958964
