############## TRAIN LOSS ############## 
[0.1721152812242508, 0.07640652425234785, 0.041446953539963104, 0.03090434637222741, 0.02717173661457727, 0.02334395847660867, 0.021608038534838205, 0.026621467232502794, 0.02437158498434803, 0.018184617249848874, 0.016838882266342437, 0.016521960421389825, 0.01561244497566509, 0.017174134461989475, 0.019089160465031257, 0.016898983567197982, 0.014999737025465112, 0.014034459952617416, 0.013890797303788163, 0.013898821188942404, 0.01583831643723455, 0.014739144908113254, 0.019212869055745367]
############## VALIDATION LOSS ############## 
[0.23580475940423853, 0.08526948028627564, 0.06719333349781878, 0.05089245648945079, 0.13830087684533177, 0.26410333242486506, 0.026081716614391875, 0.22723751208361456, 0.04525531833881841, 0.028069671681698632, 0.023854672634864554, 0.02342426886453348, 0.02457653813283233, 0.019275314119808814, 0.02256365295718698, 0.01829447556177483, 0.017329889212680215, 0.015779827118796462, 0.01819962350761189, 0.018973288865869537, 0.0196050918825409, 0.01833276590332389, 0.016054414185311866]
############## TEST LOSS ############## 
0.028231016727107944
############## TRAIN MEAN_IOU ############## 
[0.4670200055918178, 0.515030941044962, 0.604667492009498, 0.6680168300061613, 0.7103980054726472, 0.7366225312690478, 0.7550903486238943, 0.7730882514167476, 0.7793424983282347, 0.7917537882521346, 0.8031540807034518, 0.812888932389182, 0.8213176131248474, 0.8286215969034143, 0.8344447177809637, 0.8392679699369379, 0.8443696394159987, 0.8491354101413006, 0.8534213083015906, 0.8574049835269516, 0.8607269726894997, 0.8636192022948652, 0.8659073557402637]
############## VALIDATION MEAN_IOU ############## 
[0.48201777128612294, 0.563143344486461, 0.6411968294311973, 0.6918351615176481, 0.7247703005285824, 0.7470334733233732, 0.7657513758715462, 0.7769395428545335, 0.7859514776398154, 0.7977016498060787, 0.8082145101883832, 0.8172123362036312, 0.8251802079817828, 0.831624406225541, 0.8368265909307143, 0.8419155758969924, 0.8467825195368599, 0.8513421907144434, 0.8555155010784373, 0.8592087871888104, 0.8621441721916199, 0.8650559011627647, 0.8670373348628774]
############## TEST MEAN_IOU ############## 
0.8675133593154676
