############## TRAIN LOSS ############## 
[0.17942115951430154, 0.08049574785085546, 0.04316959515012599, 0.032980272766655765, 0.029437035548727255, 0.022686162648873555, 0.029542981351197168, 0.020492628002790985, 0.019658800142162758, 0.017765813780873007, 0.01765897372938894, 0.01635457606470162, 0.017060347999496437, 0.042774441516706466, 0.14828604726573905, 0.03894526934301531, 0.029603364436912374, 0.02361273259629269]
############## VALIDATION LOSS ############## 
[0.3147084274712731, 0.17095479325336568, 0.11937070594114416, 0.09864911732866484, 0.05639378622393398, 0.13413036373608253, 0.0523983449127306, 0.050708378610365534, 0.025933055207133293, 0.06812473222175065, 0.03625728420036681, 0.057475389474455046, 0.015507586601683322, 0.1533009633421898, 0.08421872906825122, 0.03339611108907882, 0.04669197287191363, 0.038569579503553754]
############## TEST LOSS ############## 
0.0440263946738207
############## TRAIN MEAN_IOU ############## 
[0.46686293426397685, 0.5145339855068439, 0.5921722851894997, 0.6540455157692368, 0.6939516558840468, 0.7249148572618896, 0.745443120196059, 0.7637215965502971, 0.7797576241396569, 0.792895999711913, 0.8034869537160203, 0.8128601377074783, 0.8207940088736044, 0.8277934628563959, 0.8149806828917684, 0.8080308235980369, 0.8112164864668975, 0.815252796620936]
############## VALIDATION MEAN_IOU ############## 
[0.4837974239798153, 0.5573150690864114, 0.6281247349346385, 0.6764795114012325, 0.7102489506497103, 0.7378049282466664, 0.7546987638754004, 0.772183292052325, 0.786509724224315, 0.7985665622879478, 0.8082530218012193, 0.8170124958543217, 0.8245363761396969, 0.8262094154077417, 0.8077684711007511, 0.8095462848158443, 0.8131251440328711, 0.8174078885246726]
############## TEST MEAN_IOU ############## 
0.8179400306759459
