############## TRAIN LOSS ############## 
[0.17142702848021243, 0.08095287900367701, 0.040796283380808054, 0.031620093772338854, 0.026279309336599464, 0.02481293196890604, 0.022746996538763917, 0.024918933392728906, 0.018473594959170836, 0.01685876809878627, 0.016791557814498002, 0.016091399634181446, 0.015182926665639153, 0.016378731979686464, 0.015543178790500638, 0.016358548577094602, 0.015341584284387127, 0.05236248745004068]
############## VALIDATION LOSS ############## 
[0.2658440426868551, 0.07848042030544843, 0.06722236950607861, 0.14734211914679585, 0.03699281745973755, 0.03292337355806547, 0.027980860021403608, 0.02661472756196471, 0.049067326109198964, 0.03302523532115361, 0.028746801072402912, 0.045153120532631874, 0.01813455405371154, 0.02198700174031889, 0.022338811664239448, 0.025893504101344767, 0.023756420924602187, 0.02661400378736503]
############## TEST LOSS ############## 
0.04527714295369206
############## TRAIN MEAN_IOU ############## 
[0.46660110314150116, 0.5128432228355795, 0.6047826179781476, 0.668987951165921, 0.7046603491982898, 0.7357546377020914, 0.758468597321897, 0.7759636096857689, 0.7888118173625018, 0.8014082232037106, 0.8120809531695133, 0.8208431996203758, 0.828649765736348, 0.8355824065369528, 0.8416020334572405, 0.8465691245085484, 0.8509387792767705, 0.8501285129302257]
############## VALIDATION MEAN_IOU ############## 
[0.48422865306629853, 0.5622550985392403, 0.6420254391782424, 0.6888345795519212, 0.722336611327003, 0.7483860043918386, 0.7682850395931917, 0.7822679000742295, 0.7955022278954001, 0.8070205660427318, 0.8165597424787634, 0.8248607586411869, 0.8323619786430808, 0.8387333996155683, 0.8442584837184233, 0.8488198027891272, 0.8531149730962866, 0.8500225649160498]
############## TEST MEAN_IOU ############## 
0.8498225074825865
