############## TRAIN LOSS ############## 
[0.1647822677434699, 0.0640917724703212, 0.04046058377905472, 0.03152808994432357, 0.02724588681893373, 0.02404349863000617, 0.024708953654594922, 0.01978362463351742, 0.017719949205481523, 0.018216427654732723, 0.01829574816243572, 0.017428177465508517, 0.01602338539826608, 0.015295534747073779, 0.02711618461683896, 0.018754321207116183, 0.015319519393095697, 0.014414250668188607, 0.013832290115690715]
############## VALIDATION LOSS ############## 
[0.15637572065872304, 0.09876021545599489, 0.042122142389416695, 0.036455289570285994, 0.03131802089731483, 0.04547066493507694, 0.03103088362909415, 0.019225362167858025, 0.03184096361784374, 0.18090265375726364, 0.02367993285331656, 0.02482765288475682, 0.01669661224107532, 0.013465975904289414, 0.018444173476275277, 0.01645473256597624, 0.0165624782881316, 0.013626396875171101, 0.01635386753717766]
############## TEST LOSS ############## 
0.03388892059976405
############## TRAIN MEAN_IOU ############## 
[0.4698774665594101, 0.5629036511118347, 0.6477721559034811, 0.700001741986017, 0.7361239279444153, 0.7610929157282855, 0.779157663116584, 0.7949317955487484, 0.808268824541891, 0.8187455841012903, 0.8253537492977606, 0.83292543686725, 0.8390831749986958, 0.8452304384192905, 0.8498305694476979, 0.8522778072872678, 0.8564581113892633, 0.8605058877854734, 0.8642313065561088]
############## VALIDATION MEAN_IOU ############## 
[0.5071980865562663, 0.6120457263553843, 0.6778925096287447, 0.7201677560806274, 0.7499962238704457, 0.771588970633114, 0.7872708264519187, 0.8018537864965551, 0.81391060702941, 0.8224102784605587, 0.8291944265365601, 0.8360252520617317, 0.8423193798345678, 0.848155372283038, 0.8504876424284542, 0.8543797310660867, 0.8585245924837449, 0.8624214880606708, 0.8660262823104858]
############## TEST MEAN_IOU ############## 
0.8659633466691682
