############## TRAIN LOSS ############## 
[0.17487420136662754, 0.09343143046607037, 0.047169379751525214, 0.03966287799758484, 0.028801691712106805, 0.026153589674347156, 0.022237027929214812, 0.020450256060104113, 0.02125620118631805, 0.01735597521041495, 0.01839673551227394, 0.01741240860428661, 0.01566458848065923, 0.017892082703199138, 0.0180156390698677, 0.015566026650343996, 0.015824401713404303, 0.017018332806843763, 0.017935144400375115, 0.014578222888647704, 0.013788751121987967, 0.013807488212085052, 0.013263079897827795, 0.013400457535140417, 0.014036455748577576, 0.015325955879824186, 0.01601846656145377, 0.021214159686949004, 0.01371592459445064, 0.013055710008720288, 0.012966256207987867, 0.0131376951215537, 0.013413370838640509, 0.012647790318304623, 0.0126052457694518, 0.012540295842808444, 0.013840783157738278]
############## VALIDATION LOSS ############## 
[0.15748065885375528, 0.10598408912911135, 0.07119438665754654, 0.06782925676773577, 0.06114244866458809, 0.03749526253737071, 0.043417521642849725, 0.0425510127645205, 0.02605923084432588, 0.047323239528957534, 0.024141621502006754, 0.020982493947753134, 0.024201898232978934, 0.02616302006165771, 0.045827980591532064, 0.01694791027180412, 0.06998816121588736, 0.0218058126321172, 0.0171145359875963, 0.015760857995380375, 0.014768004526986796, 0.013758701628402752, 0.021461654673604405, 0.016275619759279138, 0.015402944594183388, 0.013013270656194757, 0.025232850519173285, 0.012859597391284564, 0.012998569948489176, 0.015999604153501636, 0.01367745756664697, 0.012605945798842347, 0.014366168693146286, 0.01484430200584671, 0.01423195335904465, 0.012831272803904378, 0.012769700438879868]
############## TEST LOSS ############## 
0.032755400217843775
############## TRAIN MEAN_IOU ############## 
[0.4670683389177194, 0.4952351571740331, 0.5706914453893095, 0.6364462629363343, 0.6781074718849079, 0.7097118641879108, 0.7355195416792019, 0.7566498989188993, 0.7728529427502606, 0.7867609701446585, 0.7980785341681661, 0.8080447453099329, 0.8166990928553246, 0.8243500888347626, 0.8300131072063703, 0.8355497089592187, 0.8409897685050964, 0.8446092118282575, 0.8485685993690748, 0.8524488947681479, 0.8562372963170748, 0.8596247333932567, 0.8628542201744543, 0.8658466302865261, 0.8686213251706716, 0.8709162167600684, 0.8732300404761288, 0.8743677199692339, 0.8761677568828737, 0.8781351048398662, 0.8800261503941303, 0.8817752333911689, 0.8833976001352877, 0.8849545161466341, 0.8864661406826329, 0.8878726117514275, 0.8891702878314096]
############## VALIDATION MEAN_IOU ############## 
[0.47898419464335723, 0.5288605725063997, 0.6092554365887362, 0.6581701706437504, 0.6961217242128709, 0.7239235814879922, 0.7469959083725425, 0.7654037966447718, 0.7798225073253408, 0.7929090261459351, 0.8032345806851107, 0.8124210343641394, 0.8208153493264142, 0.8273436392054838, 0.8328221300069023, 0.8384123339372522, 0.8429790875490974, 0.8468020137618569, 0.850488049142501, 0.8543735427014968, 0.8579900124493767, 0.8612680259872886, 0.864379437530742, 0.8672721841756035, 0.8698434794650358, 0.8720691344317268, 0.8740552979357102, 0.8751923722379348, 0.8771574953023125, 0.8791023352566887, 0.8809270017287311, 0.882623248240527, 0.8841796131695018, 0.8857282645562116, 0.8871829860350665, 0.888567352996153, 0.8897576858015621]
############## TEST MEAN_IOU ############## 
0.8898810989928968
