############## TRAIN LOSS ############## 
[0.1824092626873706, 0.10665019956492894, 0.04962405395014463, 0.03318916543739269, 0.030939529008055862, 0.02841283618220808, 0.022052040326761436, 0.020596333222488897, 0.02689447910902468, 0.018327176753381216, 0.01748844522139611, 0.019946380285546184, 0.017254211549722665, 0.016829251157547777, 0.029319947683000686, 0.033152924164676585, 0.018206437609183626, 0.016996913614708023, 0.015430495583427113, 0.014850042348198995, 0.01745639755579366, 0.014610278744225364, 0.013683443225139903, 0.013556314078537194, 0.013495327395110114, 0.01346150684057156, 0.018688636734402058]
############## VALIDATION LOSS ############## 
[0.21152305778335123, 0.13658488147399006, 0.09857238938703257, 0.11252315473907135, 0.0355268221019822, 0.05763119250974234, 0.0397091170444208, 0.2447078964289497, 0.04204119709046448, 0.02566139295916347, 0.018411966725526488, 0.038357466130572206, 0.02036840479601832, 0.016090754693483606, 0.06119101779425845, 0.019826382453389028, 0.017708077068057132, 0.01529404241591692, 0.015257668955361141, 0.015520463122383636, 0.014633068130077684, 0.012480427483644555, 0.015316505505539039, 0.014723361360237879, 0.012873206342406133, 0.018239817417719784, 0.015467907959485756]
############## TEST LOSS ############## 
0.03163334208004402
############## TRAIN MEAN_IOU ############## 
[0.4663019953547297, 0.48883225728531143, 0.556371612323297, 0.623579120313799, 0.6706109961142411, 0.7060859940342001, 0.730582832484632, 0.7527567897294019, 0.762191471618575, 0.7762201214964325, 0.7891733308096189, 0.7999596744775772, 0.808046201999123, 0.8161341942645408, 0.8232833251759812, 0.8230614621897001, 0.8272751666404106, 0.8326107130662815, 0.8373732997758968, 0.8418796529641023, 0.8457914413632573, 0.8493322713955028, 0.8529634922742844, 0.8563440478331333, 0.859474857513969, 0.8623541408293957, 0.8645820045793379]
############## VALIDATION MEAN_IOU ############## 
[0.4780511119786431, 0.5143116887877969, 0.5948392643648035, 0.6501136913019068, 0.6899074035532334, 0.7191412939744837, 0.74260014295578, 0.7594118784455692, 0.7693747878074646, 0.7829994769657359, 0.7948006496709936, 0.8038661760442397, 0.812385850092944, 0.8199712108163273, 0.8232683679636787, 0.8247327524072984, 0.8300142147961784, 0.8350012968568241, 0.8397223248201258, 0.84404316369225, 0.847500906271093, 0.8511694985277513, 0.8546826453769908, 0.8579344749450684, 0.8609069620861727, 0.8636803416644826, 0.8655927952598123]
############## TEST MEAN_IOU ############## 
0.8660484104445486
