############## TRAIN LOSS ############## 
[0.18462758652261785, 0.08589797640672407, 0.04397528285689249, 0.031714337343048, 0.030924434207279135, 0.022945124265813344, 0.02184381430364541, 0.021403661718264827, 0.020794938142235216, 0.03504338450855701, 0.02768997721550231, 0.02241771817018555, 0.01700131785489518, 0.016406238126266445, 0.015589500572909979, 0.015109880223266176, 0.015276946998956436, 0.014540750523903282, 0.014394440644143804, 0.02348784076339389, 0.016912890937984794]
############## VALIDATION LOSS ############## 
[0.32389185270842386, 0.13664312397732453, 0.04938720593995908, 0.08981134205618325, 0.037028081879458004, 0.14908861697596662, 0.03472480358665481, 0.06790387603070806, 0.0509447664132013, 0.09971110391266205, 0.024118078872561455, 0.04871208461768487, 0.017938916571438313, 0.02231696935589699, 0.021681887426358813, 0.017414629377205584, 0.024365780190290773, 0.025248165981953636, 0.01742265365250847, 0.01741570305517491, 0.025893341366420772]
############## TEST LOSS ############## 
0.04907896014099771
############## TRAIN MEAN_IOU ############## 
[0.46506057719926575, 0.5036278824145729, 0.5914487395737622, 0.6548811902065534, 0.6971235190694397, 0.7274291861701656, 0.7483394593000412, 0.7680940434739396, 0.7823152759590665, 0.7915323046413628, 0.7971085797290545, 0.8056691450041693, 0.8133463033953229, 0.8212269157976717, 0.8280427274671761, 0.8341230677591788, 0.839708238034635, 0.8446545480070887, 0.8489411980719179, 0.8520029142901704, 0.8551991795365875]
############## VALIDATION MEAN_IOU ############## 
[0.47724387750906105, 0.5487082460347343, 0.6284309310071609, 0.6794482820174274, 0.7127924736808328, 0.7392413440872642, 0.7591784351012286, 0.7757203684133642, 0.788742556291468, 0.7938358012367698, 0.8015095030560213, 0.8092779692481545, 0.8174734431154588, 0.8247736727490145, 0.8312143543187309, 0.8370838165283203, 0.8422698729178485, 0.8468738373588113, 0.8511090699364158, 0.8535006572218502, 0.856642649454229]
############## TEST MEAN_IOU ############## 
0.8561982003125277
