############## TRAIN LOSS ############## 
[0.24623504925418543, 0.1695510648392342, 0.13046363116921605, 0.10772406571620219, 0.08019194651294399, 0.05794991321257643, 0.04541992672995941, 0.03227855174525364, 0.027499808501955623, 0.02110958763876477, 0.018142928847590008, 0.017485809311069345, 0.016099057613393745, 0.015142911113798618, 0.014506806443269188, 0.013950747160895451, 0.013036232139613177, 0.012613358454325714, 0.012656106336696728]
############## VALIDATION LOSS ############## 
[0.17135527817641988, 0.3578208123936373, 0.6063455273123348, 0.22550038730396943, 0.13743083880228155, 0.23887529881561503, 0.21700429127496831, 0.20138599679750555, 0.5174548468169045, 0.1315634837921928, 0.05478873717434266, 0.07181172379676033, 0.04835011021179311, 0.028664479141726214, 0.058972363524577194, 0.04991514498696608, 0.10042180646868314, 0.054622734732487625, 0.06844974835129346]
############## TEST LOSS ############## 
0.15273234717773668
############## TRAIN MEAN_IOU ############## 
[0.4484485613333212, 0.4724841158132295, 0.4755081502166954, 0.4852201358692066, 0.5025172475221995, 0.5342938320056813, 0.5668560459807113, 0.59755421329189, 0.6251961315000379, 0.6470339684873014, 0.669148456405949, 0.6894665956497192, 0.7058610964465786, 0.7211268189791087, 0.7347854214745599, 0.7465110018446639, 0.7571726489711452, 0.7663374929814726, 0.7752064547023257]
############## VALIDATION MEAN_IOU ############## 
[0.47161485517726226, 0.47330611067659717, 0.47944244391777935, 0.4912933111190796, 0.518128282883588, 0.5515742933048922, 0.5830210868050071, 0.6124969861086678, 0.637021937791039, 0.6589265360551722, 0.6797904267030603, 0.6980279543820549, 0.7139721442671383, 0.728367055163664, 0.7409973004285026, 0.7521016843178693, 0.7621150788138894, 0.7711230937172385, 0.7793387244729435]
############## TEST MEAN_IOU ############## 
0.7780447692582102
