############## TRAIN LOSS ############## 
[0.2463307074598364, 0.16864516424971657, 0.19952644528569402, 0.13190705812460668, 0.10241671631465087, 0.08757729063162932, 0.05939621951531719, 0.04609131888561958, 0.039661861754752496, 0.03027907124645001, 0.023215492885257746, 0.021665328912235594, 0.01842665717609831, 0.01890650185177455]
############## VALIDATION LOSS ############## 
[0.1716138045577442, 0.3592358739937053, 0.23780668132445393, 0.23765568522845998, 0.5231795836897457, 0.13741984612801494, 0.2066349141737994, 0.15545600389733033, 0.06694067839313955, 0.08890819374252767, 0.06886897586724337, 0.08531984511543722, 0.09503032705363106, 0.09361184125437456]
############## TEST LOSS ############## 
0.1574943800993038
############## TRAIN MEAN_IOU ############## 
[0.44844756980200073, 0.4724541250112894, 0.4748019592182056, 0.4772127021003414, 0.48159559755711945, 0.49641774554510376, 0.5186829889142835, 0.547570125476734, 0.5755080983445451, 0.602176434284932, 0.6257654412372692, 0.648058388684247, 0.6665214412921184, 0.6834136247634888]
############## VALIDATION MEAN_IOU ############## 
[0.47161175573573394, 0.47320087517009063, 0.47665733449599323, 0.47861818530980277, 0.4887569231145522, 0.5054268205867094, 0.5332443503772512, 0.5623485270668479, 0.5890776479945463, 0.614507752306321, 0.6374475254732019, 0.6576280663995182, 0.6756028182366315, 0.6910655182950637]
############## TEST MEAN_IOU ############## 
0.691080139983784
