############## TRAIN LOSS ############## 
[0.24623621758576986, 0.16960268266297676, 0.14535672439111247, 0.11277777399565722, 0.07908081877473239, 0.062244180690597846, 0.04888166457011893, 0.034160068006934344, 0.02583971118705498, 0.02141596653775589, 0.018130517464030434, 0.01718026527983917, 0.016579863867042837, 0.016008309541723213, 0.014709078983680622, 0.014091757554057482, 0.013641741302971905, 0.012852459139115101, 0.01236348002645615, 0.012126424035208451, 0.011877875938709523, 0.011943736403073007]
############## VALIDATION LOSS ############## 
[0.17136014647343578, 0.35635193130549264, 0.5988235087955699, 0.1544561429935343, 0.23368672325330622, 0.2957180720918319, 0.26276404629735384, 0.146349855205592, 0.0850990033325027, 0.07614420924116583, 0.11158488252583672, 0.08322147805901135, 0.04719792437904021, 0.062002099173910474, 0.12801334700163672, 0.05770356865490184, 0.03618041864212822, 0.04406017284182941, 0.05966605859644273, 0.04311096427195212, 0.04473949924987905, 0.0751684869036955]
############## TEST LOSS ############## 
0.1811274544533455
############## TRAIN MEAN_IOU ############## 
[0.4484485476403623, 0.4724848826189299, 0.47521770805925934, 0.4801181288989815, 0.49454680568463094, 0.5224381266413508, 0.5541589437304316, 0.5851939771626447, 0.6143129387417355, 0.6409458550246986, 0.6643394779514622, 0.6845864637477977, 0.7015423823047329, 0.7169875873101724, 0.7303918132910857, 0.7419959661122915, 0.7528854608535767, 0.7626892569902781, 0.7718356573903883, 0.7798472288492564, 0.7873725762238374, 0.7941419337246869]
############## VALIDATION MEAN_IOU ############## 
[0.4716148095972398, 0.47328248269417705, 0.4759589100585264, 0.4845539401559269, 0.5082335261737599, 0.5384208384682151, 0.5703610988224254, 0.60080785260481, 0.6285329566282385, 0.6533633926335503, 0.6750331871649798, 0.6935071243959314, 0.7097416449995602, 0.724073424058802, 0.7365809503723594, 0.7477295924635494, 0.7581034513080821, 0.7676034254186294, 0.7761042889426736, 0.7838245419894948, 0.7909188551061294, 0.797266795354731]
############## TEST MEAN_IOU ############## 
0.7944184296058886
