############## TRAIN LOSS ############## 
[0.2462356215393221, 0.16957584325526212, 0.12173352994628854, 0.1108412303634592, 0.07631460698069753, 0.056363401582112185, 0.03897657134645694, 0.02979849646421703, 0.02486339012613973, 0.021477446236924547, 0.017375141180850363, 0.016140691734649038, 0.015437801569901608, 0.014884668754766116, 0.014054927672888781, 0.01352860202157014, 0.013011545181979198, 0.012382610336046767, 0.01228856378411119]
############## VALIDATION LOSS ############## 
[0.17135894649169026, 0.35712724398164186, 0.6019926632151884, 0.1280120378907989, 0.10251928471467074, 0.2516551903065513, 0.1951003083411385, 0.10641591557685066, 0.06197246843401123, 0.05557714840945076, 0.05957575887441635, 0.03970269968404489, 0.04585780203342438, 0.034230604110395205, 0.054471989326617294, 0.05081217297736336, 0.07719415908350664, 0.061527752262704516, 0.06762232017867706]
############## TEST LOSS ############## 
0.16227171804868815
############## TRAIN MEAN_IOU ############## 
[0.44844855327863953, 0.47248449438327067, 0.47581572790403626, 0.484278566933967, 0.5070063777872034, 0.5393313991056906, 0.5733770389814634, 0.605736708318865, 0.6346485695323428, 0.6597995033135285, 0.6821342271727484, 0.7018610899512833, 0.7182435264458528, 0.7329077027939461, 0.7459583604657972, 0.7573426623602171, 0.767591249298405, 0.7764449844489226, 0.7848062515258789]
############## VALIDATION MEAN_IOU ############## 
[0.4716148341403288, 0.473295097841936, 0.478976870284361, 0.49133095671148863, 0.5237692699712866, 0.5569033938295701, 0.5907460381002987, 0.6211965013952816, 0.648061587530024, 0.6715536152615267, 0.6924239256802727, 0.7104374661165125, 0.7260630691752714, 0.7397885322570801, 0.7519717321676367, 0.7627195119857788, 0.7723421419368071, 0.7809659417937783, 0.7887310210396262]
############## TEST MEAN_IOU ############## 
0.786225165381576
