############## TRAIN LOSS ############## 
[0.24623223212925163, 0.1695271204854991, 0.13211154132275968, 0.10477008972619031, 0.08577248826622963, 0.05800085434237042, 0.04313617471504856, 0.03149797802639974, 0.026366273847383423, 0.02015898422010847, 0.017678003204432694, 0.016742497808425814, 0.01553051672070413, 0.014740760866049174, 0.01432256045675761]
############## VALIDATION LOSS ############## 
[0.1713435798883438, 0.35755448481615854, 0.26383039705893574, 0.19705603666165294, 0.11482164921129451, 0.2923026663415572, 0.2757413720383364, 0.22641148023745594, 0.1490736656329211, 0.054505428408875185, 0.10595348258228864, 0.05770681842285044, 0.07704051321043688, 0.062185340944458455, 0.14136484352981343]
############## TEST LOSS ############## 
0.25327177928252653
############## TRAIN MEAN_IOU ############## 
[0.4484485766372165, 0.47248144810264175, 0.4751487261540181, 0.4841563105583191, 0.5018407710500665, 0.5317247751596812, 0.5657813613479202, 0.5981822094401797, 0.6260525068721255, 0.6514862566380888, 0.6747265055372909, 0.6947078398756079, 0.7114507942586332, 0.7265040793934384, 0.7398150192724692]
############## VALIDATION MEAN_IOU ############## 
[0.47161489199189577, 0.47348231077194214, 0.477677022709566, 0.49424875834408927, 0.5148937877486733, 0.5497535817763385, 0.582881327937631, 0.6132822667851168, 0.6395241302602431, 0.6638853900572833, 0.6852654534227708, 0.7034951693871442, 0.7194581627845764, 0.733581634128795, 0.7458180119009579]
############## TEST MEAN_IOU ############## 
0.7419650717215105
