############## TRAIN LOSS ############## 
[0.1846858121974914, 0.11245875330306254, 0.05852280370891094, 0.04420210169376554, 0.03881828206683601, 0.0319554565646392, 0.027361569766727118, 0.02683008605664646, 0.022958438567657797, 0.029544951837312698, 0.020419656360408645, 0.018653413759091415, 0.020324688545335923, 0.020383118855796318, 0.019863823232102534, 0.018287487541480612, 0.018081507040921867, 0.016382735769520304, 0.025450057668405846, 0.017656356329884933, 0.01586123158434733, 0.0160198182678836, 0.01742176053445652, 0.016415900185542717, 0.01923561566546014, 0.017035926061342598, 0.015011930843995599, 0.015136790875060199, 0.015103080145005757, 0.0209298035222198, 0.014476330835227477, 0.01546036237079927, 0.01513964372219283, 0.015072628217256369, 0.014601564732000551, 0.014999432350573893, 0.01590770088201221, 0.014572738844960055, 0.025877159442684428, 0.016254562868050777, 0.014084105214957768, 0.013942594614261677, 0.01623816644512788, 0.014548909947169139, 0.014591603995188608, 0.014282950885784771, 0.013564225066262339, 0.013435654446397707, 0.014759321609744802, 0.013622957172170113, 0.01789024530050999, 0.013976359504709221, 0.013578502671858127, 0.013519466244369149, 0.013412849977481397, 0.013747485826758936, 0.016030513519433805, 0.013895896886662068]
############## VALIDATION LOSS ############## 
[0.19480445761890972, 0.06016559763720222, 0.0570525206333282, 0.0849884754302455, 0.03588049084532494, 0.09224396918480303, 0.028332091575744105, 0.026801631493749572, 0.021427240295737397, 0.022445641832389666, 0.018648269476697725, 0.018357546680479075, 0.022088818617311178, 0.01934949157978682, 0.0175088913700379, 0.06492647619954511, 0.017050810244993542, 0.017396151206876133, 0.018759188237691335, 0.017007129613821413, 0.01746908772517653, 0.018193076812096087, 0.02239584944247469, 0.016143735164922533, 0.021909544404194344, 0.015985332653109058, 0.01722514150463337, 0.018510542727787706, 0.016113327806998118, 0.016826718958898212, 0.016402116634280366, 0.0184977435844713, 0.016828909580248828, 0.017228985743998896, 0.01591251492408999, 0.015914122190545586, 0.018193678090385364, 0.01472821450956604, 0.017688184424175645, 0.01617924984562777, 0.015650415966542913, 0.014888791883291275, 0.01901363097496477, 0.016668425032905505, 0.017421708529011582, 0.016038534683449304, 0.015722074737662777, 0.016963920989712954, 0.01642744979072435, 0.050868101399757115, 0.01607501986619158, 0.016588671096399717, 0.015323324571820158, 0.016763428983954238, 0.01643025772372151, 0.019047437765288586, 0.016693014026089917, 0.016798299467921548]
############## TEST LOSS ############## 
0.03875717151947696
############## TRAIN MEAN_IOU ############## 
[0.4697850954693717, 0.4852270222193486, 0.5701670195605304, 0.6310026793329565, 0.6727760493218362, 0.7053896398157686, 0.7286845331524944, 0.7489794483324429, 0.7651758521526784, 0.7786471614161053, 0.789256748449695, 0.7996483171308363, 0.8087598328386341, 0.815641819356798, 0.8220792014051128, 0.8281407858337368, 0.8320566234556405, 0.8370496536697354, 0.8408794682305138, 0.8441457368500598, 0.8479130270781817, 0.8514527756351609, 0.8544521253925186, 0.8572395070716068, 0.8599140720592963, 0.861903173832206, 0.8643544583438753, 0.8667102031879597, 0.8688331120186024, 0.8704271495073765, 0.8721599828552555, 0.8739264626223762, 0.8755584073227805, 0.8771107447845442, 0.8786339338298317, 0.8800674930617616, 0.8813145100264936, 0.8825262156692711, 0.8831811400952639, 0.8840480958287781, 0.8851559830678476, 0.8862868113829209, 0.887348365542051, 0.8881473761421066, 0.8891199805715062, 0.8900562214690286, 0.8909608226370167, 0.8918828166819908, 0.8927182220929378, 0.893517103281107, 0.8935281849122262, 0.8942167729407817, 0.894964401249413, 0.8956956539873604, 0.8964094412219417, 0.897102754126798, 0.8976496733255215, 0.8982458948283583]
############## VALIDATION MEAN_IOU ############## 
[0.4697850954693717, 0.4852270222193486, 0.5701670195605304, 0.6310026793329565, 0.6727760493218362, 0.7053896398157686, 0.7286845331524944, 0.7489794483324429, 0.7651758521526784, 0.7786471614161053, 0.789256748449695, 0.7996483171308363, 0.8087598328386341, 0.815641819356798, 0.8220792014051128, 0.8281407858337368, 0.8320566234556405, 0.8370496536697354, 0.8408794682305138, 0.8441457368500598, 0.8479130270781817, 0.8514527756351609, 0.8544521253925186, 0.8572395070716068, 0.8599140720592963, 0.861903173832206, 0.8643544583438753, 0.8667102031879597, 0.8688331120186024, 0.8704271495073765, 0.8721599828552555, 0.8739264626223762, 0.8755584073227805, 0.8771107447845442, 0.8786339338298317, 0.8800674930617616, 0.8813145100264936, 0.8825262156692711, 0.8831811400952639, 0.8840480958287781, 0.8851559830678476, 0.8862868113829209, 0.887348365542051, 0.8881473761421066, 0.8891199805715062, 0.8900562214690286, 0.8909608226370167, 0.8918828166819908, 0.8927182220929378, 0.893517103281107, 0.8935281849122262, 0.8942167729407817, 0.894964401249413, 0.8956956539873604, 0.8964094412219417, 0.897102754126798, 0.8976496733255215, 0.8982458948283583]
############## TEST MEAN_IOU ############## 
0.8983878672725022
