############## TRAIN LOSS ############## 
[0.48730738348587677, 0.24704779083798598, 0.11667860464218098, 0.09602209783436076, 0.08774086353914426, 0.08197154785162425, 0.07785346345170527, 0.07528099336300616, 0.0729665410881107, 0.07080597037801871, 0.0689446963789361, 0.06794432759587024, 0.06657585278279274, 0.0656984710713496, 0.06455111543245211, 0.06394483880895013, 0.07247399523233373, 0.4734558609255531, 0.8979175443853344, 0.8977546852233039, 0.8977970605934257, 0.8982118122313205, 0.8976171759737505, 0.8980503441296048, 0.8977956741058208, 0.8977578730733545, 0.897894553026302, 0.897942744329706, 0.8978117380945666, 0.8980468795425048, 0.8980166911155926, 0.8977074666821339, 0.897781968653739, 0.8975983407633664, 0.8979179540330225]
############## VALIDATION LOSS ############## 
[0.9404996667130321, 0.1181696458336185, 0.10463242072100733, 0.10887073929987702, 0.09955777490840238, 0.09339829928734723, 0.08983889265972025, 0.08969352931222495, 0.08444937376999388, 0.07514257075301572, 0.07950772030972968, 0.07611797034156088, 0.07615756301903258, 0.0711942922470032, 0.06571119037621162, 0.07023779985805352, 0.0706532773580037, 0.940523115735428, 0.940523115735428, 0.940523115735428, 0.940523115735428, 0.940523115735428, 0.940523115735428, 0.940523115735428, 0.940523115735428, 0.940523115735428, 0.940523115735428, 0.940523115735428, 0.940523115735428, 0.940523115735428, 0.940523115735428, 0.940523115735428, 0.940523115735428, 0.940523115735428, 0.940523115735428]
############## TEST LOSS ############## 
0.8556361830595768
############## TRAIN MEAN_IOU ############## 
[0.4698951475926348, 0.4719850088696222, 0.47770079520640074, 0.4997248671076319, 0.5210091671696654, 0.5386726862943925, 0.553373612396352, 0.5660650758324443, 0.5768759482884193, 0.5864938572720364, 0.5955045382987272, 0.6033323131971531, 0.6103499221640665, 0.6166481959658701, 0.6225855155839576, 0.6281795272150555, 0.6329823059810175, 0.6352323315165065, 0.6285184137187563, 0.6210691037478747, 0.6142997474552275, 0.6081168503911646, 0.6024514015193458, 0.5972402422009288, 0.592428845596743, 0.5879753371616742, 0.5838395267188012, 0.5799883503366161, 0.5763942203274718, 0.5730321361674918, 0.569879320559201, 0.566918038167395, 0.5641315559277663, 0.5615040790121835, 0.5590223671348246]
############## VALIDATION MEAN_IOU ############## 
[0.4698951475926348, 0.4719850088696222, 0.47770079520640074, 0.4997248671076319, 0.5210091671696654, 0.5386726862943925, 0.553373612396352, 0.5660650758324443, 0.5768759482884193, 0.5864938572720364, 0.5955045382987272, 0.6033323131971531, 0.6103499221640665, 0.6166481959658701, 0.6225855155839576, 0.6281795272150555, 0.6329823059810175, 0.6352323315165065, 0.6285184137187563, 0.6210691037478747, 0.6142997474552275, 0.6081168503911646, 0.6024514015193458, 0.5972402422009288, 0.592428845596743, 0.5879753371616742, 0.5838395267188012, 0.5799883503366161, 0.5763942203274718, 0.5730321361674918, 0.569879320559201, 0.566918038167395, 0.5641315559277663, 0.5615040790121835, 0.5590223671348246]
############## TEST MEAN_IOU ############## 
0.5564807796719098
