############## TRAIN LOSS ############## 
[0.1814257569510389, 0.10606310731387353, 0.06045319971750147, 0.03562774302790294, 0.031253600743733484, 0.0280099632386286, 0.025631149140027194, 0.026002025390085805, 0.02095747355010931, 0.025236472626938275, 0.025451209527222223, 0.022992520918755012, 0.018345968254531424, 0.019816517529942027, 0.017678943288046867, 0.017055710610621062, 0.01855602517366401, 0.017370760895475443, 0.01658713684452966, 0.021361305008155737, 0.01791211119318079, 0.015337527244244828, 0.01886880952395029, 0.015989477313039742, 0.015617332754757357, 0.017191806925840356, 0.01603423259803094, 0.015557597682607855, 0.019097019231569878, 0.015736002545554174, 0.01618827778404486, 0.014219025015958946, 0.01644077953706319, 0.014729077880835027, 0.014066721285957642, 0.015349431206846635, 0.014302433076417409, 0.014624214993615693, 0.014666915841836919, 0.016740862840182474, 0.013589077523483702, 0.014019516403529886, 0.015282180609951334, 0.01324806661216064, 0.01616279908816691, 0.013561418499726264, 0.01364138818554148, 0.013729434841373298, 0.014557279597103663, 0.019393798103608476, 0.014136160547668869, 0.013252569726187954]
############## VALIDATION LOSS ############## 
[0.16937530961106806, 0.08503206213023148, 0.05894099880813384, 0.031641068777032925, 0.050871455968887196, 0.052254664291645964, 0.09203179045489021, 0.03376246758681886, 0.022941338035332805, 0.022004366706253265, 0.10495264108712767, 0.019627085457756824, 0.018111091983668944, 0.017592736040515936, 0.018054915957298932, 0.016494873103083056, 0.018017990309197235, 0.019155066743420036, 0.017868228475837147, 0.022740382810725886, 0.01807462857743981, 0.01891988087171579, 0.02759870636623864, 0.021810491898042315, 0.01626652676393004, 0.017382389194715547, 0.01822669144865929, 0.01643929928175959, 0.0187185547935466, 0.01931328811299275, 0.017377881095835976, 0.015834883384990926, 0.01906689752221984, 0.015975932248265427, 0.01647126595672293, 0.017243045149371028, 0.01629184808709896, 0.016531355140328993, 0.020236143404070067, 0.01739532158107442, 0.016409122727482635, 0.018260435424927696, 0.016677573359772272, 0.017461202294547475, 0.016401211909182808, 0.01700614030272061, 0.01677376113594601, 0.017726605073274934, 0.01644135214497938, 0.017731180391730925, 0.0188899309210041, 0.016423927624618598]
############## TEST LOSS ############## 
0.029900883999888342
############## TRAIN MEAN_IOU ############## 
[0.46984273873202437, 0.48914689221629154, 0.5537542841724448, 0.6256333419063069, 0.6780134832805341, 0.7117816440693967, 0.7373762780481631, 0.7554017529562786, 0.7715927495344265, 0.7846758682448585, 0.7954246126585178, 0.8026945742669406, 0.8110681467496597, 0.818631265077505, 0.8252255715228416, 0.8312689012235349, 0.8364997393376118, 0.841334688502389, 0.8453587171462205, 0.8490961034287203, 0.851837529792442, 0.8552046411477767, 0.8580135602403332, 0.8606433234773241, 0.8632089045939145, 0.8656549726252083, 0.8677806102477752, 0.8698467590787389, 0.8717641799568056, 0.8731361459772866, 0.8747961573504113, 0.8765305824376441, 0.8781703546777502, 0.8795481784655167, 0.881034560031719, 0.8824015373850728, 0.8837070161694879, 0.8849432377127914, 0.8861260199332023, 0.8869971102690911, 0.888100860623626, 0.8891936907091657, 0.8901109947814597, 0.8910863219617723, 0.8919764755813925, 0.8927725711921314, 0.8936601132154465, 0.8944934575675844, 0.8952784471146695, 0.895904102438205, 0.8964231924430744, 0.8971588834448978]
############## VALIDATION MEAN_IOU ############## 
[0.46984273873202437, 0.48914689221629154, 0.5537542841724448, 0.6256333419063069, 0.6780134832805341, 0.7117816440693967, 0.7373762780481631, 0.7554017529562786, 0.7715927495344265, 0.7846758682448585, 0.7954246126585178, 0.8026945742669406, 0.8110681467496597, 0.818631265077505, 0.8252255715228416, 0.8312689012235349, 0.8364997393376118, 0.841334688502389, 0.8453587171462205, 0.8490961034287203, 0.851837529792442, 0.8552046411477767, 0.8580135602403332, 0.8606433234773241, 0.8632089045939145, 0.8656549726252083, 0.8677806102477752, 0.8698467590787389, 0.8717641799568056, 0.8731361459772866, 0.8747961573504113, 0.8765305824376441, 0.8781703546777502, 0.8795481784655167, 0.881034560031719, 0.8824015373850728, 0.8837070161694879, 0.8849432377127914, 0.8861260199332023, 0.8869971102690911, 0.888100860623626, 0.8891936907091657, 0.8901109947814597, 0.8910863219617723, 0.8919764755813925, 0.8927725711921314, 0.8936601132154465, 0.8944934575675844, 0.8952784471146695, 0.895904102438205, 0.8964231924430744, 0.8971588834448978]
############## TEST MEAN_IOU ############## 
0.8975646902816464
