############## TRAIN LOSS ############## 
[0.18133639118021672, 0.12204120877861709, 0.07048037174149407, 0.04921967618645647, 0.0340350268404461, 0.031752763889721584, 0.02737983973405265, 0.027386957960966806, 0.025229358614573406, 0.022596168538937263, 0.020235609213364317, 0.019973652663342823, 0.021832251278389884, 0.02609363235564701, 0.018913399565520253, 0.01817492592182044, 0.01754679341867633, 0.022799737125882662, 0.020701978633574605, 0.016564588874226082, 0.016622749404501386, 0.016271957265515183, 0.02264642507322384, 0.018831217312778405, 0.0162105610736264, 0.016830372829661443, 0.01933884426300112, 0.015451423872864243, 0.015718102172491148, 0.014743854333950744, 0.015385282534250134, 0.015966635997887484, 0.024443371080885734, 0.02189490009468418, 0.01491550542755044, 0.01480046837713343, 0.016081870863369357, 0.014689219508294922, 0.014691592307671116, 0.01720695056520436, 0.01431853032533524, 0.014016779885587475, 0.014334153167395811, 0.022463294351263693, 0.014742546832306427, 0.014292422223464912, 0.01442826282010657, 0.013563435290560446, 0.020295475643948308, 0.014271209036369246, 0.01585284865179166, 0.014033337830836457, 0.013879934132050907, 0.013478301306095746, 0.014811272174958978, 0.014551025639636325, 0.013330212056422857, 0.02050648254278401]
############## VALIDATION LOSS ############## 
[0.14469699926820456, 0.18203428942783206, 0.06879700428130579, 0.10577522594408661, 0.07126340434393462, 0.03933355201254873, 0.04540983631330378, 0.028921391047975597, 0.02519048390654372, 0.018836315027346798, 0.017859997392139015, 0.04804000935024198, 0.038976666791474116, 0.019878238530866073, 0.015953585980277435, 0.02511109912987141, 0.02097503106821986, 0.0165221308467581, 0.01636768890289115, 0.01634362395670192, 0.017402012188754538, 0.017951031745064492, 0.035741607932483446, 0.016536273482237376, 0.016472043798250312, 0.01811210142320716, 0.017682929632856566, 0.016293997351335836, 0.01567968138603165, 0.016036417065918736, 0.016079957272820904, 0.01590344719314838, 0.07920801018675168, 0.016068321807930868, 0.015156459350905874, 0.014977291888356501, 0.015122850836419007, 0.014711263735650801, 0.016459280780206125, 0.015945873446945175, 0.015517428526472227, 0.015035147573251058, 0.016142209758982062, 0.016219401449038117, 0.01539891932214446, 0.015618035697615613, 0.015116410937123731, 0.015231126161547853, 0.015878216546101897, 0.015375363124607532, 0.01543700389618821, 0.016722394838271773, 0.01557839569617428, 0.014963633116042497, 0.019234232097754583, 0.016165290872438575, 0.01542663576957934, 0.017162583284445254]
############## TEST LOSS ############## 
0.029583466425538062
############## TRAIN MEAN_IOU ############## 
[0.4697813284960953, 0.4777588638233709, 0.5172452007059578, 0.5781461207179336, 0.6296127065344974, 0.6705178210327217, 0.6998949338186968, 0.7230700739063658, 0.7428898482440828, 0.7585428272550171, 0.7723381336744841, 0.7842340031722644, 0.7935241436636126, 0.7998590582125896, 0.8073497019909524, 0.8142185650161795, 0.82028381607017, 0.8250779363217654, 0.8295858444662781, 0.8338991390155243, 0.8382373166245383, 0.8420510739088058, 0.8455753349237614, 0.8478781411776671, 0.8508452292498168, 0.8536622926995561, 0.8558756631236892, 0.8583292824191016, 0.8606826433458844, 0.8629124731093913, 0.8650118956963221, 0.8669005577360187, 0.8686981288430927, 0.8679654915053565, 0.8695354221371917, 0.8712013622930458, 0.8727052107050612, 0.8741703861737037, 0.8755893362266524, 0.876743792547836, 0.8779980287895547, 0.8792621475887729, 0.8804603462015186, 0.8811769870755909, 0.8820688237209577, 0.8831408321857452, 0.8841534607313775, 0.8851585004243765, 0.8859355910135819, 0.8866165793156838, 0.8874357929369351, 0.888294029611725, 0.8890969178698085, 0.8899313702776626, 0.8907011739305548, 0.8913647568709141, 0.8921027477528598, 0.8925390874480342]
############## VALIDATION MEAN_IOU ############## 
[0.4697813284960953, 0.4777588638233709, 0.5172452007059578, 0.5781461207179336, 0.6296127065344974, 0.6705178210327217, 0.6998949338186968, 0.7230700739063658, 0.7428898482440828, 0.7585428272550171, 0.7723381336744841, 0.7842340031722644, 0.7935241436636126, 0.7998590582125896, 0.8073497019909524, 0.8142185650161795, 0.82028381607017, 0.8250779363217654, 0.8295858444662781, 0.8338991390155243, 0.8382373166245383, 0.8420510739088058, 0.8455753349237614, 0.8478781411776671, 0.8508452292498168, 0.8536622926995561, 0.8558756631236892, 0.8583292824191016, 0.8606826433458844, 0.8629124731093913, 0.8650118956963221, 0.8669005577360187, 0.8686981288430927, 0.8679654915053565, 0.8695354221371917, 0.8712013622930458, 0.8727052107050612, 0.8741703861737037, 0.8755893362266524, 0.876743792547836, 0.8779980287895547, 0.8792621475887729, 0.8804603462015186, 0.8811769870755909, 0.8820688237209577, 0.8831408321857452, 0.8841534607313775, 0.8851585004243765, 0.8859355910135819, 0.8866165793156838, 0.8874357929369351, 0.888294029611725, 0.8890969178698085, 0.8899313702776626, 0.8907011739305548, 0.8913647568709141, 0.8921027477528598, 0.8925390874480342]
############## TEST MEAN_IOU ############## 
0.8928129529712177
