############## TRAIN LOSS ############## 
[0.16958300539015517, 0.08054049738036755, 0.05460148237158989, 0.04427055099366552, 0.033645480512515515, 0.03101536381658301, 0.028024023903223377, 0.02483590708118402, 0.026903403137374233, 0.02357315629833957, 0.021779700713064353, 0.020190034226854205, 0.01819001479118408, 0.02318995502339005, 0.018696118596634986, 0.01855040103383782, 0.018367163110671245, 0.023212114973822272, 0.018466550755620776, 0.01722795882698585, 0.01569953622130744, 0.019512185030344135, 0.015761671699520603, 0.018502015820788302, 0.015957762434531154, 0.0160327071010928, 0.02205873949338917, 0.015292687993129581, 0.015107581864933375, 0.016318771007013514, 0.015497408414507067, 0.014897290493732923, 0.016339681377667968, 0.016830975997370778, 0.014593873387999699, 0.01493697053202751, 0.014274899777798989, 0.0153963097071208, 0.020108960811698995, 0.014383146686160617, 0.016011588456610486, 0.014188466675428522, 0.013652842144192373, 0.013708593615389487, 0.014549518430129381, 0.014177417368177106, 0.013445528989593784, 0.021131584592801227, 0.01373059220789294, 0.013511673961073865, 0.014206821120948204, 0.013350475496121656, 0.013503197399135847, 0.013905284107979471, 0.013530043213363938, 0.013911102324208195, 0.016862445946956926, 0.01359029519471323, 0.013293595257244568, 0.013358397304703406, 0.012814138833221534, 0.015215490646041543, 0.013322458141284098, 0.012880644896581585, 0.012868119543208531, 0.013840064021752443]
############## VALIDATION LOSS ############## 
[0.139054673121256, 0.08832136147162493, 0.08187113768037628, 0.07924934502179716, 0.043093316877881684, 0.0437120690978333, 0.03750919486742978, 0.03305818600689664, 0.02665969543159008, 0.03201644087904224, 0.018289118238231716, 0.018202326680515326, 0.01716864319956478, 0.026323992923340377, 0.017610500840579763, 0.01860150006398851, 0.017147670481719224, 0.020207985815610372, 0.01791176777880858, 0.017525846385123098, 0.01877394740871501, 0.01887756483811958, 0.017812437934837506, 0.018581248075683034, 0.016858188170647503, 0.016368849942570225, 0.017519164524570693, 0.017014565731526588, 0.01654576066443149, 0.0167881022937888, 0.01698186864857288, 0.01706830869136634, 0.042765121980040684, 0.017080065104927794, 0.015757425140370342, 0.015809161670725134, 0.01610755288115173, 0.01589726598695943, 0.018470561328143172, 0.01569330545288383, 0.01634201632958709, 0.015311503737215317, 0.017240045368488804, 0.01676186109326926, 0.017201883814242834, 0.014835340263066338, 0.01600636624931997, 0.017624719118626387, 0.016089809095194817, 0.015032519467686321, 0.01612201185586552, 0.01620063292520011, 0.016456853406613365, 0.016242960796636695, 0.016081705575297568, 0.016893215486597196, 0.016180017250863946, 0.016042498871684074, 0.016417521659248306, 0.01590522513359639, 0.015950623283381846, 0.016247684711261708, 0.01607936922022525, 0.016718649200401177, 0.01668824987741662, 0.016251120780247683]
############## TEST LOSS ############## 
0.03554036266951248
############## TRAIN MEAN_IOU ############## 
[0.4701685866525581, 0.5246473934736338, 0.6095325685030705, 0.6595354693698453, 0.6954366943320712, 0.7252777244325157, 0.7477926050757503, 0.7653775659498868, 0.7793846372011546, 0.791377678916261, 0.8013547358212171, 0.8104252522593146, 0.818532065228299, 0.8252651512891322, 0.8306906353514474, 0.8363033225675961, 0.8409496088017214, 0.8450605690747768, 0.8481304454910863, 0.8516892515592747, 0.8551398209623389, 0.8580304170782501, 0.8608076636855667, 0.8632359463083852, 0.8656539398807663, 0.8679961430596875, 0.8695345433714153, 0.8714686605307433, 0.8734151543797674, 0.875191393065023, 0.876819158862303, 0.8784666423862045, 0.8799880863846959, 0.8809722024309743, 0.8823833049417616, 0.8836929697442699, 0.8849686413734883, 0.8861120992952639, 0.8868638767046971, 0.887819476090036, 0.8887995716419306, 0.8897523839731474, 0.8907621469315108, 0.8917317358223168, 0.8926319916237582, 0.8934410300340738, 0.8942902709718223, 0.8947018900433102, 0.8953961657511221, 0.896179401525506, 0.8968806422508515, 0.8976065025136277, 0.8983027117477881, 0.8989697372591173, 0.8996087867128957, 0.9002092421591819, 0.9007192678279705, 0.9011623296920244, 0.9017366562877689, 0.9023015875000138, 0.9028444907686732, 0.9033564401639474, 0.9037555017181345, 0.9042813534940686, 0.904758728705011, 0.9052148982211277]
############## VALIDATION MEAN_IOU ############## 
[0.4701685866525581, 0.5246473934736338, 0.6095325685030705, 0.6595354693698453, 0.6954366943320712, 0.7252777244325157, 0.7477926050757503, 0.7653775659498868, 0.7793846372011546, 0.791377678916261, 0.8013547358212171, 0.8104252522593146, 0.818532065228299, 0.8252651512891322, 0.8306906353514474, 0.8363033225675961, 0.8409496088017214, 0.8450605690747768, 0.8481304454910863, 0.8516892515592747, 0.8551398209623389, 0.8580304170782501, 0.8608076636855667, 0.8632359463083852, 0.8656539398807663, 0.8679961430596875, 0.8695345433714153, 0.8714686605307433, 0.8734151543797674, 0.875191393065023, 0.876819158862303, 0.8784666423862045, 0.8799880863846959, 0.8809722024309743, 0.8823833049417616, 0.8836929697442699, 0.8849686413734883, 0.8861120992952639, 0.8868638767046971, 0.887819476090036, 0.8887995716419306, 0.8897523839731474, 0.8907621469315108, 0.8917317358223168, 0.8926319916237582, 0.8934410300340738, 0.8942902709718223, 0.8947018900433102, 0.8953961657511221, 0.896179401525506, 0.8968806422508515, 0.8976065025136277, 0.8983027117477881, 0.8989697372591173, 0.8996087867128957, 0.9002092421591819, 0.9007192678279705, 0.9011623296920244, 0.9017366562877689, 0.9023015875000138, 0.9028444907686732, 0.9033564401639474, 0.9037555017181345, 0.9042813534940686, 0.904758728705011, 0.9052148982211277]
############## TEST MEAN_IOU ############## 
0.9053607648069208
