############## TRAIN LOSS ############## 
[0.16852336154562664, 0.12394550083591058, 0.08009600030417713, 0.04751642263989459, 0.03611600954349883, 0.03175166517764599, 0.029085556333590938, 0.03164062041764122, 0.022562979082346196, 0.024427240045304905, 0.020969835173984704, 0.02015257676851491, 0.019640226309347125, 0.03204637649521517, 0.018923083692054928, 0.01909841657385465, 0.017251594881485175, 0.02333366619564618, 0.0180496786336146, 0.016917449064544395, 0.015748799911192577, 0.0229323714085842, 0.016372777833886496, 0.016791855078138126, 0.017090194224356883, 0.016090559494956438, 0.016294599577327266, 0.01854391827464087, 0.01655852569708693, 0.01553433702740533, 0.015389862363352566, 0.015793684399886022, 0.01871269720193284, 0.015176327165472112, 0.014280740512526586, 0.014463421783246402, 0.014908724919125135, 0.01683468875335739, 0.014500595310908483, 0.01848403602284757, 0.014338162690946446, 0.015405686814201626, 0.014116456058046251, 0.015352731850103114, 0.01494974722044316, 0.013822483324114367, 0.014254956904731624, 0.01382884686982662, 0.013614243217628566, 0.017647115737073928, 0.013934230400844023, 0.013333434414439457, 0.014255776302364596, 0.0140109315885835, 0.013565125798613572, 0.013444671433037231, 0.013597512325882358, 0.014400024449207342, 0.01390959284591346, 0.015858176289134666, 0.014360711868010202, 0.014149702762658414, 0.013673629756463138, 0.01299365984287998, 0.012787633144709928, 0.01806764828454418, 0.013634043331556904, 0.013005645019851776, 0.013083854863637228]
############## VALIDATION LOSS ############## 
[0.12159082103593677, 0.08968530412690312, 0.048151875882610384, 0.07627863542852449, 0.06295395476341832, 0.03896170398037808, 0.13769921448593045, 0.025399547097656655, 0.02247293687918607, 0.03805301754790194, 0.02738617548682526, 0.01812627345926183, 0.02070698835978321, 0.020064133018547415, 0.018696215770700398, 0.018053270282917748, 0.016807883763320597, 0.018901498970009534, 0.02239118647925994, 0.01602176051385993, 0.0179670154135309, 0.020068481559956483, 0.01652993722910098, 0.01810006337130771, 0.016466322327580524, 0.016062739752598254, 0.01723780128739628, 0.01940830749477826, 0.017097328077344334, 0.016423928861816723, 0.016710760081004278, 0.0166943564408404, 0.018372588393771472, 0.016092001497015066, 0.016586225968329052, 0.01591131440820355, 0.01571287126645592, 0.016572234403415053, 0.01695756103806928, 0.015601857003810652, 0.04087762994801297, 0.0168876905569478, 0.016103648434520935, 0.016379408789433392, 0.017655528323980523, 0.015748820568927947, 0.015405239856929756, 0.01666960097374577, 0.015242622749806912, 0.015392438955970254, 0.01583692566126439, 0.015951312809050374, 0.01964312117072005, 0.016895201134805877, 0.015917872946125036, 0.01583329979878138, 0.016334998147452578, 0.016055409778274743, 0.02049847637010994, 0.01697016084639757, 0.016326313190089137, 0.01763410696431118, 0.017042925252633935, 0.01604354053315725, 0.016056077627866875, 0.01783413567361148, 0.016987440345224505, 0.017045975480155618, 0.01583340442648121]
############## TEST LOSS ############## 
0.03041932061502729
############## TRAIN MEAN_IOU ############## 
[0.47023586593232714, 0.4792027570105888, 0.5181078106701911, 0.5855852201715246, 0.6385274870438619, 0.6773926851985691, 0.7071826304938342, 0.7245949324186858, 0.7439604394876205, 0.7600767954781249, 0.7728715338953981, 0.7842696541332984, 0.7944079640212359, 0.801136493817106, 0.8077489618245546, 0.8144389365438942, 0.8207601543750849, 0.8260746563340092, 0.8303571986454027, 0.834824400307896, 0.839156125311379, 0.8426691002405442, 0.8457195471535932, 0.8490319815841881, 0.8518861279831277, 0.854692812304239, 0.8572401436599525, 0.8594636329122491, 0.8615746857883694, 0.86371663293323, 0.8657321799714286, 0.8676494616377461, 0.869344113109348, 0.8707935261028307, 0.8725077523304535, 0.8741380314569216, 0.8756463856578948, 0.8769542334584502, 0.8782358013831817, 0.8792650488851307, 0.880495877953263, 0.881437577642836, 0.8825998374739209, 0.8836804878067326, 0.8846689339156624, 0.8856768434917605, 0.8866956513207238, 0.8876444822227633, 0.8885783163813857, 0.8893888693403553, 0.890124635116474, 0.8909821290153641, 0.891783766112886, 0.8925041011324873, 0.8932393189217593, 0.8939760010521691, 0.8946785955010234, 0.8953326704265835, 0.8959466655243624, 0.8964606562444756, 0.8969727468651694, 0.8975505933568284, 0.8980988854760522, 0.8986754518102955, 0.8992571916666117, 0.8997494684414821, 0.9001340978854412, 0.9006582042118451, 0.9011702682520892]
############## VALIDATION MEAN_IOU ############## 
[0.47023586593232714, 0.4792027570105888, 0.5181078106701911, 0.5855852201715246, 0.6385274870438619, 0.6773926851985691, 0.7071826304938342, 0.7245949324186858, 0.7439604394876205, 0.7600767954781249, 0.7728715338953981, 0.7842696541332984, 0.7944079640212359, 0.801136493817106, 0.8077489618245546, 0.8144389365438942, 0.8207601543750849, 0.8260746563340092, 0.8303571986454027, 0.834824400307896, 0.839156125311379, 0.8426691002405442, 0.8457195471535932, 0.8490319815841881, 0.8518861279831277, 0.854692812304239, 0.8572401436599525, 0.8594636329122491, 0.8615746857883694, 0.86371663293323, 0.8657321799714286, 0.8676494616377461, 0.869344113109348, 0.8707935261028307, 0.8725077523304535, 0.8741380314569216, 0.8756463856578948, 0.8769542334584502, 0.8782358013831817, 0.8792650488851307, 0.880495877953263, 0.881437577642836, 0.8825998374739209, 0.8836804878067326, 0.8846689339156624, 0.8856768434917605, 0.8866956513207238, 0.8876444822227633, 0.8885783163813857, 0.8893888693403553, 0.890124635116474, 0.8909821290153641, 0.891783766112886, 0.8925041011324873, 0.8932393189217593, 0.8939760010521691, 0.8946785955010234, 0.8953326704265835, 0.8959466655243624, 0.8964606562444756, 0.8969727468651694, 0.8975505933568284, 0.8980988854760522, 0.8986754518102955, 0.8992571916666117, 0.8997494684414821, 0.9001340978854412, 0.9006582042118451, 0.9011702682520892]
############## TEST MEAN_IOU ############## 
0.9014638637051438
