############## TRAIN LOSS ############## 
[0.17539696759955437, 0.09616899336604318, 0.04933244474064391, 0.03584693076177123, 0.028958919749653957, 0.030975718319684535, 0.02302049546552872, 0.03371314290776715, 0.02253225248890115, 0.021069797130851158, 0.01956082732880253, 0.019220932006630376, 0.020819331203620915, 0.018146545514002913, 0.019932484147526946, 0.02299761163964364, 0.017425933939316688, 0.018402640576430318, 0.01713690202030865, 0.016723944886056875, 0.015856413353184187, 0.018521735787093808, 0.015362601532435112, 0.016547881063390606, 0.015254069422529003, 0.022480643421478638, 0.01948894147010235, 0.015468230485173597, 0.014854435842779994, 0.015262193525281341, 0.014448274899722991, 0.021705075973636464, 0.014931739452410372, 0.016504058833569625, 0.015595280074489277, 0.014795681656503983, 0.01419965247964478, 0.014073470494130979, 0.017912936177962618, 0.014840141305571992, 0.01390286451147928, 0.014425604718240179, 0.014433562151745785, 0.017880848770686384, 0.014692832755138847, 0.014295485167741054, 0.013990528305241553, 0.015175087298245614, 0.01381238393521205]
############## VALIDATION LOSS ############## 
[0.19332135600202224, 0.09111145693881839, 0.06034386731392028, 0.041286792350458165, 0.03546374767799588, 0.02295941423953456, 0.05063940433091393, 0.02628664791985762, 0.01927550000083797, 0.019155860988094527, 0.018582617562702474, 0.018539545181043008, 0.016883143812746686, 0.017810406601604295, 0.02169736994284333, 0.017301466507727608, 0.018271644261903038, 0.019374798380715007, 0.017516145555704247, 0.017829218578031835, 0.016708614596841382, 0.016836012266211065, 0.016265313410401053, 0.0180788652094848, 0.015424985429454668, 0.032476394939437214, 0.01730202129293306, 0.01591034560902592, 0.014964896573812938, 0.016295244145736684, 0.016588815675098813, 0.016925820637969116, 0.015415246739947036, 0.016453015914771194, 0.01602435934667786, 0.01656284894995099, 0.015936863722790982, 0.015654212334101983, 0.019747559784674178, 0.016210939479517003, 0.01545928120521792, 0.016481144372008594, 0.016099705356264524, 0.016346507267478633, 0.01688958465249515, 0.015599961881069284, 0.016466127964211444, 0.01757177559421489, 0.015517771787320575]
############## TEST LOSS ############## 
0.03137312189045578
############## TRAIN MEAN_IOU ############## 
[0.46995854679797144, 0.4982599498586612, 0.5755765490435265, 0.6488980914021397, 0.697816546704318, 0.7299700607587626, 0.7532084464758366, 0.7705795954208117, 0.7823739425019101, 0.7952601447835699, 0.8060724685589472, 0.8150545860732998, 0.8225413458841341, 0.8294166648710096, 0.8351564432855125, 0.839290228110176, 0.8439761578768223, 0.8483828308883014, 0.8519042592059385, 0.8554695334520426, 0.8587768510118261, 0.861554600365527, 0.8642863768178064, 0.8668832980297707, 0.8691970117994257, 0.8712059319824785, 0.872127395626661, 0.8739777406056722, 0.8758626995054452, 0.877611392253154, 0.8792798260042259, 0.8801892415897267, 0.8814720279193139, 0.8827176312874029, 0.8839864831518482, 0.8851908947433438, 0.8864255963682054, 0.8875885162804578, 0.8886071710704683, 0.8894786411846006, 0.890511858167949, 0.8915050138492842, 0.892379689995233, 0.8931725963547423, 0.8938037440315023, 0.8946119725435704, 0.8954042645993533, 0.8960733715746854, 0.8968019286791483]
############## VALIDATION MEAN_IOU ############## 
[0.46995854679797144, 0.4982599498586612, 0.5755765490435265, 0.6488980914021397, 0.697816546704318, 0.7299700607587626, 0.7532084464758366, 0.7705795954208117, 0.7823739425019101, 0.7952601447835699, 0.8060724685589472, 0.8150545860732998, 0.8225413458841341, 0.8294166648710096, 0.8351564432855125, 0.839290228110176, 0.8439761578768223, 0.8483828308883014, 0.8519042592059385, 0.8554695334520426, 0.8587768510118261, 0.861554600365527, 0.8642863768178064, 0.8668832980297707, 0.8691970117994257, 0.8712059319824785, 0.872127395626661, 0.8739777406056722, 0.8758626995054452, 0.877611392253154, 0.8792798260042259, 0.8801892415897267, 0.8814720279193139, 0.8827176312874029, 0.8839864831518482, 0.8851908947433438, 0.8864255963682054, 0.8875885162804578, 0.8886071710704683, 0.8894786411846006, 0.890511858167949, 0.8915050138492842, 0.892379689995233, 0.8931725963547423, 0.8938037440315023, 0.8946119725435704, 0.8954042645993533, 0.8960733715746854, 0.8968019286791483]
############## TEST MEAN_IOU ############## 
0.8971705484871912
