############## TRAIN LOSS ############## 
[0.2462133443033373, 0.1717486061357163, 0.16140905566312172, 0.1433610354323645, 0.10329779418739113, 0.0912803707493318, 0.0654825406098688, 0.04698541715137056, 0.034391348879482295, 0.027116066297969303, 0.02220193462798724, 0.01905558877498717, 0.017719008330557798, 0.015846291380758222, 0.015011762092645103, 0.01450553594308125, 0.014171962198373434, 0.013927065440126368]
############## VALIDATION LOSS ############## 
[0.17126114929423614, 0.3773536892498241, 0.17982239582959345, 0.20480059262584238, 0.13695739735575282, 0.1265090633841122, 0.24960572491673863, 0.19574585995253393, 0.13896710381788366, 0.0913553312420845, 0.10768385275321848, 0.06746247103985618, 0.03276205347741351, 0.05560167747385362, 0.03491084299543325, 0.050503762329325956, 0.08349743485450745, 0.03508218334001653]
############## TEST LOSS ############## 
0.11686401498137099
############## TRAIN MEAN_IOU ############## 
[0.4484487755878552, 0.47248486570409826, 0.47410252368127975, 0.47621489134994716, 0.4795471220403104, 0.4938967308482608, 0.5136215477376371, 0.5428002847207559, 0.5719205882098224, 0.5994967302760562, 0.624380615917412, 0.6470387900197828, 0.6666852316340884, 0.6847814434283489, 0.7006318005355628, 0.7148031076869449, 0.7273454086200611, 0.737992151363476]
############## VALIDATION MEAN_IOU ############## 
[0.47161538986598744, 0.47310709778000326, 0.47626636133474465, 0.4761737900621751, 0.48526855251368356, 0.5034155109349419, 0.528084537562202, 0.5581698838402244, 0.5864527681294609, 0.6128436677596149, 0.6362052384544822, 0.6572816897841061, 0.6762635918224559, 0.6931777245858136, 0.708091981270734, 0.7213748272727517, 0.7330925254260793, 0.7435610329403597]
############## TEST MEAN_IOU ############## 
0.7435484676650076
