############## TRAIN LOSS ############## 
[0.2462459343510705, 0.17075194498977145, 0.13161604368203395, 0.10608103186697573, 0.09563687584690146, 0.06046726423743609, 0.04745604349551974, 0.03389291571000138, 0.026105975052593527, 0.021084265179328016, 0.01843270828091615, 0.017259250772563187, 0.01628541503403638, 0.015181566789947651, 0.014475999903437254, 0.014166770704291962, 0.013807896449155099, 0.01292783412075526, 0.012518084456993116]
############## VALIDATION LOSS ############## 
[0.1713959267910789, 0.3191027623765609, 0.5246962379006779, 0.2817023869823007, 0.13368941843509674, 0.21277650314218857, 0.21805737649693208, 0.12767232121790156, 0.06327610660125227, 0.06413540594718035, 0.04487559966304723, 0.1017772805164842, 0.049487845862613004, 0.03596177478046978, 0.045867940520539004, 0.0488297610598452, 0.08041274898192462, 0.05259775326532476, 0.07182222648578532]
############## TEST LOSS ############## 
0.16312955243117883
############## TRAIN MEAN_IOU ############## 
[0.44844846387167236, 0.47249676569088084, 0.4744407816513165, 0.48576099324870753, 0.5000078275397017, 0.5254236266419694, 0.5583118490270667, 0.5895628929138184, 0.6182874022303401, 0.6449600522582596, 0.6680029888410826, 0.6885989131154241, 0.7051944249385113, 0.7205783692566124, 0.7342763269269789, 0.7462605092976544, 0.7569506103928024, 0.7661689374897931, 0.7750436325330992]
############## VALIDATION MEAN_IOU ############## 
[0.4716145816971274, 0.47317538191290465, 0.4774792667697458, 0.49439043332548704, 0.509236051755793, 0.5428271749440361, 0.5747469768804663, 0.6050359431435081, 0.6324111573836383, 0.6573060891207527, 0.678788472624386, 0.6973424764240489, 0.7133582655121299, 0.7278227104860193, 0.7405956001842723, 0.7518619859919828, 0.7618802084642298, 0.7709323939155129, 0.7791996072320377]
############## TEST MEAN_IOU ############## 
0.7773576407721549
