############## TRAIN LOSS ############## 
[0.2462489637168678, 0.17067378235829844, 0.135828524022489, 0.10532725320474522, 0.07644575250309867, 0.053775921161915805, 0.0378068558670379, 0.02822811106169546, 0.02313663765183977, 0.01885790324996452, 0.016904375289340277, 0.01608524043616411, 0.015101952352435203, 0.014742155106285133, 0.013513568310520134, 0.013361744784020088, 0.013185573087350742, 0.012401007178768114, 0.01229873949007408, 0.011859300319810171, 0.011634775487756406, 0.011618857737630606]
############## VALIDATION LOSS ############## 
[0.1714023413027034, 0.322638543213115, 0.28995925012756796, 0.1849887300940121, 0.1674384825369891, 0.2508634723284665, 0.25291578822276173, 0.14655074827811299, 0.1167665439493516, 0.06876341516480726, 0.12288347324904274, 0.05727166025077596, 0.06733002163031522, 0.049654472838429844, 0.05065069961197236, 0.06682627560461268, 0.04529230691054288, 0.07244366758009967, 0.058019680135390335, 0.12083606421947479, 0.06830911908079595, 0.16042480310972998]
############## TEST LOSS ############## 
0.3225148493141839
############## TRAIN MEAN_IOU ############## 
[0.44844844051309535, 0.4724956646158889, 0.4749673282777941, 0.4815287114800634, 0.508398026227951, 0.5413080244450956, 0.5765659196956737, 0.6095011798111168, 0.6385826500686439, 0.6639315469844921, 0.6863631541664535, 0.7052861532649478, 0.7214297233401118, 0.7359029699016262, 0.7488064024899457, 0.7602350921244234, 0.7703051083796734, 0.7792239688538216, 0.7874083438435117, 0.7947665195207338, 0.8013272269352062, 0.8074556476361042]
############## VALIDATION MEAN_IOU ############## 
[0.4716145361171049, 0.47317254367996664, 0.47709938883781433, 0.49215324661310983, 0.524035236414741, 0.5597003698348999, 0.594135673607097, 0.6251614584642298, 0.65210680400624, 0.6759657123509575, 0.6963783327270957, 0.7137689625515657, 0.7291963205618017, 0.7427177008460549, 0.75486058697981, 0.7655302075778737, 0.775056309559766, 0.7836506647222182, 0.7913294890347649, 0.7982781494365019, 0.804556082276737, 0.8101987172575558]
############## TEST MEAN_IOU ############## 
0.8051673303950917
