############## TRAIN LOSS ############## 
[0.24633463250624166, 0.17004290082164714, 0.14423693535295692, 0.10683777606165087, 0.07827394818131989, 0.05993337174122398, 0.044604550241618544, 0.03240266714144398, 0.02564688349092329, 0.02102553935067074, 0.018940452939352474, 0.016956426731839374, 0.01623135422532623, 0.015122384713912333, 0.014179202174214093, 0.013703113144918068, 0.013469160584783231, 0.012816947180073004, 0.01265074368062857, 0.012254011188004468, 0.012120876826245236, 0.01197990942494692, 0.011435819084982615, 0.01126411567265923]
############## VALIDATION LOSS ############## 
[0.17162544850040884, 0.3442811667919159, 0.1549380798550213, 0.25943152255871715, 0.22275473177433014, 0.15640327246750102, 0.18533532672068653, 0.1537548014346291, 0.07133656696361654, 0.11812610003878088, 0.052931143737891144, 0.056911895818570084, 0.05229845511562684, 0.042295666082816964, 0.0542011624749969, 0.06508075533544316, 0.08917117951547399, 0.07056198356782689, 0.03534800756503554, 0.04856976735241273, 0.05081123245113036, 0.0629365746589268, 0.04459884894244811, 0.04643167511505239]
############## TEST LOSS ############## 
0.12988516434349798
############## TRAIN MEAN_IOU ############## 
[0.4484475222793785, 0.47245368280926264, 0.4755022179436039, 0.48121462319348307, 0.4997102287975517, 0.5318639455614863, 0.5659597789919054, 0.5976767088915851, 0.6260399190155236, 0.6523697150720132, 0.6744565512682941, 0.6946883330474029, 0.7114866520907428, 0.7266512432613889, 0.7401340636047157, 0.7518911039507067, 0.7623355904140988, 0.7714005354288462, 0.7800370035944758, 0.787867592798697, 0.7949417072373468, 0.8014306587141913, 0.8072801715618855, 0.8128502062849097]
############## VALIDATION MEAN_IOU ############## 
[0.4716116382795222, 0.47301194247077494, 0.47701653838157654, 0.4896235220572528, 0.5148479202214409, 0.5493845308528227, 0.5825396986568675, 0.6128951837034786, 0.6399244841407327, 0.664341481292949, 0.684990735615001, 0.7034814077265122, 0.7195262172642876, 0.7337827752618229, 0.7463516592979431, 0.7573753034367281, 0.7671695176292869, 0.7760324933949638, 0.7841954652000876, 0.7916245109894696, 0.7983402750071358, 0.8044740101870369, 0.8101874800289378, 0.8155475960058325]
############## TEST MEAN_IOU ############## 
0.8140739039941267
