############## TRAIN LOSS ############## 
[0.24624041004760847, 0.1696872227900737, 0.14111243611251986, 0.1150205089031039, 0.07383800519479287, 0.056271706883971755, 0.042038802208529936, 0.02922857562835152, 0.023710148685888666, 0.019534517885059922, 0.017769843490945327, 0.016836926315885944, 0.015763095957604615, 0.014800152464492901, 0.013992271637795744, 0.013325032375350192, 0.012823747835952687, 0.012298604146250197, 0.012368995469768305]
############## VALIDATION LOSS ############## 
[0.17136133155402014, 0.3540383296854356, 0.46713895131559935, 0.1548312543069615, 0.2111853177056593, 0.10587737314841326, 0.2360548701356439, 0.11564060475896387, 0.10142499076969483, 0.04480880849501666, 0.045497324536828435, 0.05815106235882815, 0.053341127932071686, 0.03685736042611739, 0.1011846175088602, 0.04730874606791664, 0.06469500196330688, 0.054305194493602306, 0.052367522874299216]
############## TEST LOSS ############## 
0.12823469636566712
############## TRAIN MEAN_IOU ############## 
[0.4484485162271036, 0.4724847408565315, 0.4759175769380621, 0.47949890752096436, 0.5010160393006092, 0.536649945619944, 0.5715520059740221, 0.6039755296062779, 0.6333125346415752, 0.6590680367237812, 0.682099611372561, 0.7019159246135402, 0.7181159757279061, 0.7326694630287789, 0.7458085546622405, 0.7568021722742029, 0.7671800014135, 0.7762363536937816, 0.784694404215426]
############## VALIDATION MEAN_IOU ############## 
[0.47161471493103924, 0.4733477234840393, 0.4768526221022886, 0.48686520141713757, 0.5191071103600895, 0.5547621460521922, 0.588731141651378, 0.6197909397237441, 0.6470528525464675, 0.6713814945781932, 0.6924946413320654, 0.7103931518161998, 0.7258564549333909, 0.7396514170310077, 0.7516704236759859, 0.7622683854664073, 0.7720374850665822, 0.7807983685942257, 0.7886825484388015]
############## TEST MEAN_IOU ############## 
0.7869159676811912
