############## TRAIN LOSS ############## 
[0.246180361992604, 0.17006202464973605, 0.12904824074861165, 0.09750236852748974, 0.07098328755111308, 0.0479091222624521, 0.08021457040229359, 0.04379834773371349, 0.03119647120301788, 0.02639002211996027, 0.021904399996069638, 0.019203921805161075, 0.018268887079446704, 0.016527390258537757, 0.015625872548568894, 0.015013021165253344, 0.014046189249367328, 0.013594864515235295, 0.013122775793276928]
############## VALIDATION LOSS ############## 
[0.17112851756460526, 0.34264280690866356, 0.4072054536903606, 0.16627233606927536, 0.3122470571714289, 0.20275322216398575, 0.06197067043360542, 0.07367856975863962, 0.07709572595708511, 0.08604997790911618, 0.04125536298927139, 0.027368104194893557, 0.02830360347733778, 0.02176880244823063, 0.03805021941661835, 0.0281418535639258, 0.029759363216512343, 0.029563574010834974, 0.040250257315004576]
############## TEST LOSS ############## 
0.11856760662613493
############## TRAIN MEAN_IOU ############## 
[0.4484490341431386, 0.47248584032058716, 0.4755296344692643, 0.4876270890235901, 0.5144168122394664, 0.5512830598934276, 0.5799615898647824, 0.5971815988824174, 0.6220378650201334, 0.6455458080446398, 0.6662040675008619, 0.6859371678249256, 0.7027118528211439, 0.7179364400940973, 0.7316608638376803, 0.7434313587240271, 0.7543072748828579, 0.763889808912535, 0.7729151699994061]
############## VALIDATION MEAN_IOU ############## 
[0.471616210306392, 0.47296058956314535, 0.47859204166075764, 0.5002433131722843, 0.5328116627300487, 0.5707766098134658, 0.5849796989384819, 0.6100425054045284, 0.6344684783150168, 0.6565784286050236, 0.6764330828891081, 0.6946805435068467, 0.7107716237797457, 0.7251674638074987, 0.7378980973187614, 0.7491085704635171, 0.7594324490603279, 0.768714519108043, 0.7771256741355447]
############## TEST MEAN_IOU ############## 
0.7762475566430526
