############## TRAIN LOSS ############## 
[0.18191572278738022, 0.08879967580071173, 0.04839922682180799, 0.03350015203594356, 0.025442596159976075, 0.0254727404791157, 0.02573460102005786, 0.02161504963186343, 0.019515353481511812, 0.017020719446795615, 0.01660769455122283, 0.016177089444386797, 0.01655511840913646, 0.015947460042740648, 0.014876026493446852, 0.017433317211406254, 0.01427291117835085, 0.01795827633562825, 0.015553819465551627, 0.04287613499154513, 0.15134290784496712, 0.06498264051294206, 0.03038348533162797, 0.023602114461765095, 0.020497438365694235, 0.01907024668479288, 0.01753837861611533, 0.01647695281379227, 0.017296290827436826, 0.016170510468450753, 0.016863572332580144, 0.015792554455205193, 0.014523416018189007, 0.014411861205951788, 0.013909866410383099, 0.013909545837196748, 0.013781197290439662]
############## VALIDATION LOSS ############## 
[0.2311090187114828, 0.20066175609827042, 0.11880571680033908, 0.1098193307133282, 0.18446877116666122, 0.08081441076801103, 0.02932526247904581, 0.10465199522235814, 0.029715817832552335, 0.02562383803374627, 0.021067443878992516, 0.016476877280237043, 0.019944468129645374, 0.02233868683962261, 0.01690913545077338, 0.016267337425447562, 0.01353919637553832, 0.024956857073394692, 0.01722233506905682, 0.1968099014724002, 0.1356450972311637, 0.06195388800081085, 0.02966603050556253, 0.030533165944849745, 0.026895226801142973, 0.0237610249177498, 0.028866200214799714, 0.02588064059176866, 0.023168122724575156, 0.04865880042095395, 0.018801921321188703, 0.015854835510253906, 0.01527432385174667, 0.016056582222090048, 0.016714238616473535, 0.016077309545567808, 0.016925584552261758]
############## TEST LOSS ############## 
0.03666823465715755
############## TRAIN MEAN_IOU ############## 
[0.4608958841779748, 0.5025960579514503, 0.576654879628001, 0.6383933477305077, 0.6819046320947441, 0.7122680202529237, 0.7370390807454651, 0.757561874148008, 0.7723858880030142, 0.786812378345309, 0.798919551678606, 0.8093856407983883, 0.8184647954799034, 0.826087404344533, 0.8328429790767463, 0.8386017684195493, 0.8436918129792085, 0.848417024757411, 0.8520071933398375, 0.8558334361862492, 0.845280563106408, 0.8318857296898559, 0.8304823532297805, 0.8327954544408901, 0.8355727066864839, 0.8383862058053145, 0.8413045796993617, 0.8441358655691147, 0.8469079543609876, 0.8493899811764021, 0.8515699860211965, 0.8538743599846557, 0.8561755688609304, 0.8584143213323645, 0.8605283502791379, 0.862582159203452, 0.8645302609011933]
############## VALIDATIONMEAN_IOU ############## 
[0.4608958841779748, 0.5025960579514503, 0.576654879628001, 0.6383933477305077, 0.6819046320947441, 0.7122680202529237, 0.7370390807454651, 0.757561874148008, 0.7723858880030142, 0.786812378345309, 0.798919551678606, 0.8093856407983883, 0.8184647954799034, 0.826087404344533, 0.8328429790767463, 0.8386017684195493, 0.8436918129792085, 0.848417024757411, 0.8520071933398375, 0.8558334361862492, 0.845280563106408, 0.8318857296898559, 0.8304823532297805, 0.8327954544408901, 0.8355727066864839, 0.8383862058053145, 0.8413045796993617, 0.8441358655691147, 0.8469079543609876, 0.8493899811764021, 0.8515699860211965, 0.8538743599846557, 0.8561755688609304, 0.8584143213323645, 0.8605283502791379, 0.862582159203452, 0.8645302609011933]
############## TEST MEAN_IOU ############## 
0.8660056114196777
