############## TRAIN LOSS ############## 
[0.20341783938174313, 0.12665323842618917, 0.08661693744864818, 0.06836234901503131, 0.04279069435103117, 0.037334825208007884, 0.02791069582658442, 0.026976286622418744, 0.024234876923917514, 0.02167609825453444, 0.022052428313858202, 0.020190479661765938, 0.01964158588718321, 0.018045580316637014, 0.030208709077104122, 0.02244861318251571, 0.017298473548647518, 0.01625007965186661, 0.0162494315363064, 0.01572502458568763, 0.01541682067830619, 0.016732218901853304, 0.015028706780081062, 0.015356093236069018, 0.01427065092453582, 0.016763308812310366, 0.013965574977290188, 0.01387517384215686, 0.019775670062675065, 0.01742079165902593, 0.013875462007834702, 0.017578631910067553, 0.014535648606692415, 0.015968883142655564, 0.013910588100426705, 0.018602377027147322, 0.016691387961366894, 0.01467616794744154, 0.013551852247375692, 0.013387467800262006, 0.013017550403428441, 0.012975445901345764, 0.012547493106811433, 0.012531361637032917, 0.018145995541802934, 0.01569226322494246, 0.013009073335450847, 0.012756892844933915, 0.012817067021780924, 0.012710341192605728, 0.015876346981983532, 0.013110334805615648, 0.013522421617086071, 0.013184754470539456]
############## VALIDATION LOSS ############## 
[0.17828762662761352, 0.23289365803494172, 0.15724727993502335, 0.10029379694777377, 0.3022356638137032, 0.057510572321274704, 0.11803462334415492, 0.03527398440329468, 0.087094392737045, 0.08151188777650104, 0.12839460109963136, 0.03282307176028981, 0.03692474884583669, 0.029306032201823068, 0.037982395685770935, 0.018632906078196624, 0.019267902901286587, 0.016266581575002742, 0.01989586651325226, 0.022171891677905533, 0.017891097485142594, 0.016645395224366116, 0.018993396339390206, 0.01618746470879106, 0.014687040628974928, 0.01601150056675953, 0.018794591620783594, 0.017622720915824175, 0.03976814881624544, 0.01587488126995809, 0.014505681116133928, 0.016249639310819262, 0.014922753907740116, 0.012655797030995874, 0.013757791671463671, 0.013993583866121137, 0.014740786159082371, 0.01661193006507614, 0.016005491810467315, 0.0162424922318143, 0.015381379217347679, 0.014075039091574796, 0.013078465345589554, 0.01281003002077341, 0.019204742549096838, 0.016103827230194035, 0.014746610842206898, 0.015605513609069236, 0.017905027660376886, 0.017461931195986623, 0.017112527015235496, 0.01565738734515274, 0.013856431661064135, 0.01442642230540514]
############## TEST LOSS ############## 
0.036390515518459406
############## TRAIN MEAN_IOU ############## 
[0.45978059770690427, 0.4747063084631353, 0.5020140260457993, 0.5401601936366107, 0.585416923906352, 0.6207815791304047, 0.6545327587707622, 0.6802359227393124, 0.7025916056858527, 0.7205070522991387, 0.7360424222172918, 0.7489525140137285, 0.7610448558588285, 0.7715181076043361, 0.7804144463829092, 0.7850171190661352, 0.7924636509772893, 0.7996715025321858, 0.8061611241585499, 0.8120194290940826, 0.8174359117810791, 0.8224057490761215, 0.8268364096010054, 0.8310617925347509, 0.8349722414403349, 0.8384234724012581, 0.8418304545653833, 0.8450491231035542, 0.8478322697652353, 0.8498742407238161, 0.8524506220946441, 0.854719541362814, 0.8569183502648328, 0.8590016304641157, 0.8610557430499309, 0.8629170422618454, 0.864488651623597, 0.8660896537271706, 0.8678521179669613, 0.8695256375783199, 0.8711617999785656, 0.87273415963392, 0.8742453246503263, 0.8756990710625777, 0.8769998373212041, 0.8777989483362919, 0.8789844718333837, 0.8802195739101719, 0.8813925361311113, 0.8825135295455521, 0.8835412187350763, 0.8844525234119313, 0.8854263489310806, 0.8863424094947608]
############## VALIDATIONMEAN_IOU ############## 
[0.45978059770690427, 0.4747063084631353, 0.5020140260457993, 0.5401601936366107, 0.585416923906352, 0.6207815791304047, 0.6545327587707622, 0.6802359227393124, 0.7025916056858527, 0.7205070522991387, 0.7360424222172918, 0.7489525140137285, 0.7610448558588285, 0.7715181076043361, 0.7804144463829092, 0.7850171190661352, 0.7924636509772893, 0.7996715025321858, 0.8061611241585499, 0.8120194290940826, 0.8174359117810791, 0.8224057490761215, 0.8268364096010054, 0.8310617925347509, 0.8349722414403349, 0.8384234724012581, 0.8418304545653833, 0.8450491231035542, 0.8478322697652353, 0.8498742407238161, 0.8524506220946441, 0.854719541362814, 0.8569183502648328, 0.8590016304641157, 0.8610557430499309, 0.8629170422618454, 0.864488651623597, 0.8660896537271706, 0.8678521179669613, 0.8695256375783199, 0.8711617999785656, 0.87273415963392, 0.8742453246503263, 0.8756990710625777, 0.8769998373212041, 0.8777989483362919, 0.8789844718333837, 0.8802195739101719, 0.8813925361311113, 0.8825135295455521, 0.8835412187350763, 0.8844525234119313, 0.8854263489310806, 0.8863424094947608]
############## TEST MEAN_IOU ############## 
0.8868077993392944
