############## TRAIN LOSS ############## 
[0.20347286836319678, 0.15606122267608707, 0.11620094211822427, 0.07101254843527803, 0.0465352932318441, 0.03473686534483489, 0.03175943641847855, 0.028049679215040965, 0.02470806471349017, 0.02406525917703638, 0.01981987964009514, 0.01831740516275671, 0.020369468401563732, 0.01855199826830948, 0.01623185446825684, 0.01913835568278021, 0.017489524123988843, 0.0161954873851878, 0.015542901360203285, 0.01743864218666646, 0.02747361046085889, 0.016747379823386466, 0.015272646289746705, 0.014597027005652923, 0.01441350652257333, 0.01432813031322046, 0.014232064751480278, 0.01406679641946244, 0.03297263169912873, 0.02755827101803309, 0.015671723512806802, 0.014861317961854307, 0.014182558745724728, 0.013403200383952542, 0.013376460394922745, 0.013498466833167383, 0.013620240670452649, 0.013128133729805012, 0.013133247864331949, 0.012901021425637442, 0.018756396747571794, 0.013861605777984133, 0.012947151629329735, 0.015378085773664753, 0.012775494842915921]
############## VALIDATION LOSS ############## 
[0.22007614111199097, 0.31542204495738535, 0.17819636052145676, 0.1403588589061709, 0.045612417818868864, 0.06262200654429548, 0.08412071799530703, 0.06313970115254908, 0.030027939938008785, 0.04984030675362138, 0.03135183935656267, 0.026915002395124996, 0.043467374847215766, 0.019431942717774826, 0.018888858311316547, 0.0253302129533361, 0.016309412990641946, 0.016461292090003982, 0.01914700060425436, 0.02890975641853669, 0.0198374238303479, 0.0158959165598978, 0.014981164953068775, 0.014412383494131705, 0.013380813220625414, 0.016467549016370493, 0.02654742227648111, 0.015794744057690397, 0.04318723400287768, 0.023369672160376522, 0.018812788732569006, 0.017595522050910136, 0.014636406565413755, 0.01684047610444181, 0.015160381602232946, 0.019982750801479116, 0.017187956117970103, 0.01843394719831207, 0.016807799364494926, 0.016054224140722963, 0.015953999450978112, 0.018984292825574383, 0.01887275221045403, 0.015184124082546024, 0.013867991483386825]
############## TEST LOSS ############## 
0.02804411972562472
############## TRAIN MEAN_IOU ############## 
[0.4593045138628096, 0.4726431240906587, 0.48319599435136124, 0.5184976162539946, 0.5678493505394137, 0.6123868637793773, 0.6462889309670474, 0.6749452312250395, 0.698021533521446, 0.7179649794423902, 0.7338306158781052, 0.7488370731070235, 0.7612548909477286, 0.7713478731142508, 0.7813051334909491, 0.7902040243954271, 0.7972165708606308, 0.8041898652508452, 0.8105444420833845, 0.8161768015172031, 0.8208503139180106, 0.8245050061393429, 0.8289235806142962, 0.8330820033679137, 0.8369877781416919, 0.8406053656661833, 0.8439890110009426, 0.8470737551515167, 0.8497173717698535, 0.8486130483247138, 0.8505311668724627, 0.8529726464200664, 0.8553437272439132, 0.8576582690348497, 0.8598847892638799, 0.8619802964700235, 0.8639373424890879, 0.8658104003281206, 0.867617191092388, 0.8693449932175714, 0.8707657947733596, 0.8720986259144705, 0.8735537678003311, 0.8748684851704417, 0.8762019510204727]
############## VALIDATIONMEAN_IOU ############## 
[0.4593045138628096, 0.4726431240906587, 0.48319599435136124, 0.5184976162539946, 0.5678493505394137, 0.6123868637793773, 0.6462889309670474, 0.6749452312250395, 0.698021533521446, 0.7179649794423902, 0.7338306158781052, 0.7488370731070235, 0.7612548909477286, 0.7713478731142508, 0.7813051334909491, 0.7902040243954271, 0.7972165708606308, 0.8041898652508452, 0.8105444420833845, 0.8161768015172031, 0.8208503139180106, 0.8245050061393429, 0.8289235806142962, 0.8330820033679137, 0.8369877781416919, 0.8406053656661833, 0.8439890110009426, 0.8470737551515167, 0.8497173717698535, 0.8486130483247138, 0.8505311668724627, 0.8529726464200664, 0.8553437272439132, 0.8576582690348497, 0.8598847892638799, 0.8619802964700235, 0.8639373424890879, 0.8658104003281206, 0.867617191092388, 0.8693449932175714, 0.8707657947733596, 0.8720986259144705, 0.8735537678003311, 0.8748684851704417, 0.8762019510204727]
############## TEST MEAN_IOU ############## 
0.877279871521574
