############## TRAIN LOSS ############## 
[0.18673793148450754, 0.11173552969420278, 0.05931633793925111, 0.04635174450389034, 0.03143530634131182, 0.03095136145507363, 0.024136675622414897, 0.021134277818271437, 0.02159491942792728, 0.019799751267340536, 0.017089402860005362, 0.01639829868626957, 0.015918193806617242, 0.016943525834436958, 0.015268028937154324, 0.014735229354276246, 0.01497275330050773, 0.015400088816956693, 0.026350834929208096, 0.014933348356469258, 0.014133674983010703, 0.013553480498140326, 0.014078831680848993, 0.013816977121137284, 0.013545146520325058, 0.013604666911871047, 0.013214455901745808, 0.01535230629599175, 0.013834128027303598, 0.013863393055224741, 0.012762034053889077, 0.040082239621394386, 0.016322070049952616, 0.013885970073248688, 0.015867739371527488, 0.013528816307567665, 0.012987278823463901, 0.01260270525361537, 0.01322230278212275, 0.012427957574333492, 0.012448202680192283, 0.0126540222129709, 0.012804757378919906, 0.013130045656391696, 0.012595518916920834, 0.012166318892677492, 0.01197451596916024, 0.013409259401865908, 0.012151737357615619, 0.012134670339700943, 0.012448171314128951, 0.012262920669682726, 0.011860881604858348, 0.011593063956604817, 0.03611358138732612, 0.020149206302153902, 0.015138427462630175, 0.014607046019738994, 0.013049673295353312, 0.012987229856662452, 0.01293958446036118, 0.014277131749770126, 0.012894843242483566, 0.012833567808155675]
############## VALIDATION LOSS ############## 
[0.22047123312950134, 0.13083473417688818, 0.07514947367941632, 0.049225313917678946, 0.09185980019323967, 0.03696079848005491, 0.024795209441114876, 0.03287863205460941, 0.020565245957935557, 0.023051503059618613, 0.01910267529242179, 0.016785781666198197, 0.01955745612983318, 0.023955579271868747, 0.02064775420791086, 0.024627217639456776, 0.014634960906251389, 0.020697154625154594, 0.01634183802696712, 0.018620842273401862, 0.015630886999561507, 0.01569946573170669, 0.013107622809269848, 0.012595104245359407, 0.012466172413790928, 0.014754172578892288, 0.014791414634708096, 0.01689774584134712, 0.025051733588471133, 0.012350134250214872, 0.013685720945324968, 0.018669017645366052, 0.013681429821778746, 0.01331410085891976, 0.01495775958413587, 0.014457606929628289, 0.013773189830210279, 0.01473873182583381, 0.014214904978871346, 0.01334127367419355, 0.01339647502583616, 0.013977373758440508, 0.016036744037752643, 0.01219890225569115, 0.015043686746674426, 0.013286857975318152, 0.015916368102326113, 0.014514162342118867, 0.01439417411080178, 0.012280527036637068, 0.015689216937650654, 0.01356470089077073, 0.014565991073408547, 0.016201031586045727, 0.03145797956077492, 0.014606955461204052, 0.013685376438147882, 0.013119425624608994, 0.012911363285692298, 0.013527875656590742, 0.012971936670296332, 0.013559931122204837, 0.013173655606806278, 0.01319069615291322]
############## TEST LOSS ############## 
0.03460274995727972
############## TRAIN MEAN_IOU ############## 
[0.45979287002134966, 0.4809356515069266, 0.5302839007329296, 0.5999713427311665, 0.6468178694312637, 0.6808868731195862, 0.7094405873401745, 0.7339228874928242, 0.7528952867598147, 0.7685944035246566, 0.7819434058021855, 0.7938881806425147, 0.8040868954078572, 0.8127008571818068, 0.8200632873419169, 0.8267495108617319, 0.8327176949462375, 0.8381350559962762, 0.8412340122300226, 0.845017167764741, 0.8491039135166116, 0.852970260220605, 0.8564790390633248, 0.85967179649585, 0.8626833606410671, 0.86546382871834, 0.8680202727382248, 0.8702738820701033, 0.8723222842893085, 0.8743281195292602, 0.8763463170947255, 0.8767454326152802, 0.877044822718646, 0.8786245258273305, 0.8801455795764923, 0.8815339771476952, 0.8830331100805385, 0.8844806475413812, 0.8858414481620531, 0.8871418801513878, 0.8884090845649307, 0.8896186375940168, 0.8907365198876407, 0.8917847416690878, 0.8928259876934258, 0.8938240795522123, 0.8948269321306331, 0.8957078211210869, 0.8965651235870413, 0.8974396844167967, 0.8982654858279873, 0.8990709390994664, 0.8998465695091196, 0.9006238446847813, 0.9008123544422356, 0.9000416514841286, 0.9003882589372428, 0.9008717367777953, 0.901426902493915, 0.9020117807227213, 0.9025893887958011, 0.9031242575194385, 0.9036055658314679, 0.9041477836467124]
############## VALIDATIONMEAN_IOU ############## 
[0.45979287002134966, 0.4809356515069266, 0.5302839007329296, 0.5999713427311665, 0.6468178694312637, 0.6808868731195862, 0.7094405873401745, 0.7339228874928242, 0.7528952867598147, 0.7685944035246566, 0.7819434058021855, 0.7938881806425147, 0.8040868954078572, 0.8127008571818068, 0.8200632873419169, 0.8267495108617319, 0.8327176949462375, 0.8381350559962762, 0.8412340122300226, 0.845017167764741, 0.8491039135166116, 0.852970260220605, 0.8564790390633248, 0.85967179649585, 0.8626833606410671, 0.86546382871834, 0.8680202727382248, 0.8702738820701033, 0.8723222842893085, 0.8743281195292602, 0.8763463170947255, 0.8767454326152802, 0.877044822718646, 0.8786245258273305, 0.8801455795764923, 0.8815339771476952, 0.8830331100805385, 0.8844806475413812, 0.8858414481620531, 0.8871418801513878, 0.8884090845649307, 0.8896186375940168, 0.8907365198876407, 0.8917847416690878, 0.8928259876934258, 0.8938240795522123, 0.8948269321306331, 0.8957078211210869, 0.8965651235870413, 0.8974396844167967, 0.8982654858279873, 0.8990709390994664, 0.8998465695091196, 0.9006238446847813, 0.9008123544422356, 0.9000416514841286, 0.9003882589372428, 0.9008717367777953, 0.901426902493915, 0.9020117807227213, 0.9025893887958011, 0.9031242575194385, 0.9036055658314679, 0.9041477836467124]
############## TEST MEAN_IOU ############## 
0.9043860298214537
