############## TRAIN LOSS ############## 
[0.21524107395797162, 0.1566707765230456, 0.11710390146519686, 0.06812415204036075, 0.045607747409392045, 0.03361443158969082, 0.02813822719444697, 0.0314014422631747, 0.027693609449055953, 0.022800905655163364, 0.020536423365056917, 0.018079842459662137, 0.018070387959203404, 0.017246152038333584, 0.015783327603335114, 0.030815718088273866, 0.01728284130237896, 0.0166023386346579, 0.015590381141550638, 0.014601038910473723, 0.014625786039097284, 0.01422754066014612, 0.01487755829569053, 0.01400473720167537, 0.015953183469891146, 0.014814531754677158, 0.015794473297491268, 0.013507409505797801, 0.013704451858191876, 0.021338755365561794, 0.014470009583149207, 0.01334068860946777, 0.013433255736615407, 0.012988111086038721, 0.015020967832439253, 0.013036497104032015, 0.012768807540949736, 0.012438442982808762, 0.012668086945809223, 0.012463814160484518, 0.012335057826586874, 0.012267530263351227, 0.012407623089824777, 0.021663233121806704, 0.013882119718284623, 0.012690617095653873, 0.012232576682534371, 0.012324191475714985, 0.012404467573867657, 0.012370723639489026, 0.01226093406109391, 0.011838020948768669, 0.012073010470516779, 0.01473283682433838, 0.01353225449251162, 0.012383527691929123]
############## VALIDATION LOSS ############## 
[0.18519738360362895, 0.20777406236704657, 0.3172382344217861, 0.1653722511494861, 0.07570416589870173, 0.13981204830548344, 0.06915194672696731, 0.06666682079872664, 0.17932018374695496, 0.1257843537365689, 0.03374879659317872, 0.06338121309219037, 0.032808444681851304, 0.024869293084039408, 0.041808787678532744, 0.025907585945199516, 0.018815167960436904, 0.033411047202261054, 0.022449119263054693, 0.021757253253942028, 0.02449685359811958, 0.056938337271704394, 0.0394633740241475, 0.0381711604183211, 0.013999743167968356, 0.11180678820785354, 0.014247705639504334, 0.016879943582941506, 0.01780344406142831, 0.031486439929508114, 0.019228487138581628, 0.018430574632742825, 0.015555419493466616, 0.0131968644392841, 0.016393313156988693, 0.012798615840866286, 0.01462280043565175, 0.015401018838233808, 0.015469512190012372, 0.014155931305140257, 0.014621902366771418, 0.014943835626849356, 0.014707308919990765, 0.014140112407724647, 0.01779124778969323, 0.01362180507139248, 0.01411872570786406, 0.014944182325373678, 0.01635220233241425, 0.012836061308489126, 0.01707166912691558, 0.01298574947149438, 0.013640268705785275, 0.01741700981031446, 0.013914155390332727, 0.013941100168534937]
############## TEST LOSS ############## 
0.035694822827071856
############## TRAIN MEAN_IOU ############## 
[0.46145078992924177, 0.47316315286868327, 0.47727598733193166, 0.5042409814290099, 0.5578932282892434, 0.6042375749832875, 0.6389681761329239, 0.6682487154329145, 0.6886360234505421, 0.7056825354292586, 0.7213657268801251, 0.7372593758879481, 0.7501773918802673, 0.761914490042506, 0.7726750474523854, 0.7805189740013432, 0.7871192927296097, 0.7946811278124113, 0.8011303954833263, 0.8074224067700876, 0.8131978491673598, 0.8184228382400565, 0.8230329848624565, 0.8272715831125105, 0.8311254720430117, 0.8349269483540509, 0.8372816572318206, 0.8406617456191295, 0.8438974204095634, 0.8465637552577097, 0.848544366859101, 0.8512336394271335, 0.8537630555597512, 0.8562026966262508, 0.8584167586790549, 0.8604464385960553, 0.8625302351004368, 0.864521772474856, 0.8664268553256989, 0.8682226276880985, 0.8699647828533843, 0.8716272441922007, 0.8732095505740192, 0.8742591803138321, 0.8753793308058301, 0.8767036235815769, 0.8780295985776025, 0.8793172300667376, 0.8805235567930583, 0.8816966547353847, 0.882837223040091, 0.8839419548575943, 0.8850126459791854, 0.8860142404163206, 0.8867951623491339, 0.8876909400160248]
############## VALIDATIONMEAN_IOU ############## 
[0.46145078992924177, 0.47316315286868327, 0.47727598733193166, 0.5042409814290099, 0.5578932282892434, 0.6042375749832875, 0.6389681761329239, 0.6682487154329145, 0.6886360234505421, 0.7056825354292586, 0.7213657268801251, 0.7372593758879481, 0.7501773918802673, 0.761914490042506, 0.7726750474523854, 0.7805189740013432, 0.7871192927296097, 0.7946811278124113, 0.8011303954833263, 0.8074224067700876, 0.8131978491673598, 0.8184228382400565, 0.8230329848624565, 0.8272715831125105, 0.8311254720430117, 0.8349269483540509, 0.8372816572318206, 0.8406617456191295, 0.8438974204095634, 0.8465637552577097, 0.848544366859101, 0.8512336394271335, 0.8537630555597512, 0.8562026966262508, 0.8584167586790549, 0.8604464385960553, 0.8625302351004368, 0.864521772474856, 0.8664268553256989, 0.8682226276880985, 0.8699647828533843, 0.8716272441922007, 0.8732095505740192, 0.8742591803138321, 0.8753793308058301, 0.8767036235815769, 0.8780295985776025, 0.8793172300667376, 0.8805235567930583, 0.8816966547353847, 0.882837223040091, 0.8839419548575943, 0.8850126459791854, 0.8860142404163206, 0.8867951623491339, 0.8876909400160248]
############## TEST MEAN_IOU ############## 
0.8881891893618035
