############## TRAIN LOSS ############## 
[0.20730428135878332, 0.15187660604715347, 0.11217893395774267, 0.06290013462657461, 0.040166768069202836, 0.03159151829124705, 0.0261952626028073, 0.02360937641178434, 0.02143005934241857, 0.019182251725421363, 0.01846759855067609, 0.01748397883745162, 0.020797734837853223, 0.025426723421677143, 0.016633092797034094, 0.01656021485168084, 0.015132909775963304, 0.015881652440372353, 0.015107795161925055, 0.014226945349946618, 0.01428924040000483, 0.02584987030226133, 0.015975199479332847, 0.01413661308548841, 0.013751577208372386, 0.013426633086055517, 0.014556526294531854, 0.014052686366453968, 0.01305612552332113, 0.013387977287198443, 0.012918128820790633, 0.013197851735418913, 0.01813691545819008, 0.014730906485252687, 0.01343365608261445, 0.014128541441734982, 0.02143204096717307, 0.01298716919798706, 0.013303136909254701, 0.012594328016495786, 0.012718673505996531, 0.012594322856465305, 0.01248682672283738, 0.012367193319683743, 0.01228184179981818, 0.01219053817850009, 0.012066880684673181, 0.027367627845976402, 0.013116299775680778, 0.012742152063150864, 0.01223346110231973, 0.012228552768057262, 0.012127886721360925, 0.011889363248908037, 0.012156445350548302, 0.012063970795606036, 0.011821105560237492, 0.011688317055813968, 0.012674235575203155, 0.012670331480409447, 0.012668518616968917, 0.01373268904579753, 0.012302442132872907, 0.012237899792003067, 0.011618738084704289, 0.012312149292336323, 0.012618959522680254]
############## VALIDATION LOSS ############## 
[0.16355937719345093, 0.27861518106039834, 0.2669762110008913, 0.14125572933870204, 0.18123959574629278, 0.19025084288681254, 0.12795790197218165, 0.1344748264288201, 0.11580068990588188, 0.5553139290388893, 0.05099907583173584, 0.5708144394790425, 0.03368997053407571, 0.023538825211717802, 0.01895784879760707, 0.01664118397542659, 0.016332354889634776, 0.014935326762497425, 0.031031362986301676, 0.013388264157316265, 0.021529323832296273, 0.015648522496442583, 0.0271158952759031, 0.020072866477729642, 0.016281218843205887, 0.026185010148979285, 0.016305653898812392, 0.018297482802368262, 0.020051764817360568, 0.014106144197285175, 0.02511106971103479, 0.01789792936623973, 0.021920378758188558, 0.01369526661822901, 0.015802764580311143, 0.013576181769809303, 0.012568390846033306, 0.018085519153186503, 0.014518356717684689, 0.01321307449218105, 0.012500162537702742, 0.01593489564188263, 0.013131843578508672, 0.013590305249261506, 0.01286912287640221, 0.012759419240276603, 0.011806676164269447, 0.015434793278794079, 0.013850719037958804, 0.013806000488865025, 0.013890514725490528, 0.014851654934532502, 0.016908145317917362, 0.013404663049561135, 0.012904310297659215, 0.01362352229326087, 0.012974181102917474, 0.01246094739283709, 0.013667992727064034, 0.01688519328394357, 0.013182938345434034, 0.015338751706568635, 0.012214708963737768, 0.013226303682826897, 0.015985689125955105, 0.013727071421111332, 0.013432792031808811]
############## TEST LOSS ############## 
0.033863027687325624
############## TRAIN MEAN_IOU ############## 
[0.46060697361826897, 0.47264254375084025, 0.47937929227545456, 0.5135312102533676, 0.5681769300151516, 0.6108793660595611, 0.6444300260092761, 0.6730805409921182, 0.6958590073359979, 0.715437893126462, 0.7279816447077571, 0.7431674986272245, 0.7517290985262072, 0.7624208931181882, 0.7719498828456208, 0.7813413268005526, 0.7898017695626697, 0.7974158271744445, 0.8042103938154272, 0.8103876423996847, 0.8161206591773678, 0.8202916089747403, 0.8241590430607667, 0.8283724776796393, 0.832529012013126, 0.8364359623677021, 0.8400142921789272, 0.8432549346943159, 0.8464276448294923, 0.8493865241070051, 0.8521819827524392, 0.8548011662992271, 0.8571333277064401, 0.8588453833315823, 0.860987047891359, 0.8630747174894488, 0.8644506806457365, 0.8661824472852655, 0.8679776477652628, 0.8697145488616582, 0.8714018705728892, 0.8729989049402443, 0.8745293585029809, 0.8760031006626181, 0.877414257139773, 0.8787683627089938, 0.8800814989450816, 0.8807676269395931, 0.8814895120826928, 0.882622279830881, 0.8837263568027599, 0.8848148362862097, 0.88585261235366, 0.8868608116298109, 0.8878478335367667, 0.8887861950977428, 0.8897118371080708, 0.8906128640110428, 0.8914608923164574, 0.8922211233828519, 0.8929799613920418, 0.8936993842189377, 0.8943749050030837, 0.8950962496770395, 0.8958035876622071, 0.8964849633945001, 0.8971206227669845]
############## VALIDATIONMEAN_IOU ############## 
[0.46060697361826897, 0.47264254375084025, 0.47937929227545456, 0.5135312102533676, 0.5681769300151516, 0.6108793660595611, 0.6444300260092761, 0.6730805409921182, 0.6958590073359979, 0.715437893126462, 0.7279816447077571, 0.7431674986272245, 0.7517290985262072, 0.7624208931181882, 0.7719498828456208, 0.7813413268005526, 0.7898017695626697, 0.7974158271744445, 0.8042103938154272, 0.8103876423996847, 0.8161206591773678, 0.8202916089747403, 0.8241590430607667, 0.8283724776796393, 0.832529012013126, 0.8364359623677021, 0.8400142921789272, 0.8432549346943159, 0.8464276448294923, 0.8493865241070051, 0.8521819827524392, 0.8548011662992271, 0.8571333277064401, 0.8588453833315823, 0.860987047891359, 0.8630747174894488, 0.8644506806457365, 0.8661824472852655, 0.8679776477652628, 0.8697145488616582, 0.8714018705728892, 0.8729989049402443, 0.8745293585029809, 0.8760031006626181, 0.877414257139773, 0.8787683627089938, 0.8800814989450816, 0.8807676269395931, 0.8814895120826928, 0.882622279830881, 0.8837263568027599, 0.8848148362862097, 0.88585261235366, 0.8868608116298109, 0.8878478335367667, 0.8887861950977428, 0.8897118371080708, 0.8906128640110428, 0.8914608923164574, 0.8922211233828519, 0.8929799613920418, 0.8936993842189377, 0.8943749050030837, 0.8950962496770395, 0.8958035876622071, 0.8964849633945001, 0.8971206227669845]
############## TEST MEAN_IOU ############## 
0.8974747043667417
