############## TRAIN LOSS ############## 
[0.18588536260397853, 0.09255663591210504, 0.04824142478960189, 0.035365212280806656, 0.02688663310648219, 0.023967433890730545, 0.02220061486838637, 0.027407292421353428, 0.022623177699593676, 0.017756160622387118, 0.016704220280705673, 0.017104113892954145, 0.017876459858254402, 0.0162009557683927, 0.014828883149233219, 0.014294053437314122, 0.014029866685411212, 0.01709841245571403, 0.039846065293720645, 0.016871143072667356, 0.015390231947389406, 0.014667145618413752, 0.014578235017865695, 0.013407014080675671, 0.013509505950669581, 0.013438287134458488, 0.01376327233879852, 0.013194683605704355, 0.012813067283934436, 0.012915085891035159, 0.015438704125306292, 0.015158161281834583, 0.013323026199548229, 0.01285486075259443, 0.012322925399309275, 0.012614738076572886, 0.012265124524993872]
############## VALIDATION LOSS ############## 
[0.3204249380265965, 0.10574022680521011, 0.13918135402833715, 0.07883228580741321, 0.11904159670366961, 0.07462871819734573, 0.056382188135210204, 0.027933272916604492, 0.044637729359023715, 0.025084401864339325, 0.017348760054172838, 0.014869652113274616, 0.015106982524123262, 0.021296686273725593, 0.018165003919206998, 0.016684470862588462, 0.012248780550983022, 0.3084157451110728, 0.01953883666326018, 0.015079707181190742, 0.016108984374167287, 0.013285437681000023, 0.01725151587058516, 0.016372930587214583, 0.015052240177550736, 0.02131929708754315, 0.018724600894047934, 0.01817860536496429, 0.013752758009907077, 0.013561088947907966, 0.014325095094082987, 0.015075228916590704, 0.014595852890873657, 0.014158136101768297, 0.01752526603419991, 0.01554171387654017, 0.014880831846419503]
############## TEST LOSS ############## 
0.03707938449400844
############## TRAIN MEAN_IOU ############## 
[0.46164886119800647, 0.4991498033742647, 0.5736093956070978, 0.6321107491448119, 0.6782991624361759, 0.7103801289120236, 0.7372484315891523, 0.7563455306194924, 0.7714488313004777, 0.7852867946431443, 0.7975584188023129, 0.8080029088903118, 0.8165549909746325, 0.8242437315953745, 0.8310195324388711, 0.8371716379313856, 0.842720562541807, 0.8473998880064165, 0.84649015318703, 0.8489306754357105, 0.8524507300273793, 0.8559897469507681, 0.8592115548011419, 0.8622650890736967, 0.8651233722229261, 0.867748858155431, 0.8701998539067604, 0.8724495257074768, 0.8746408860425692, 0.8767257163653502, 0.8785387007771311, 0.8800236143775888, 0.8816354818440773, 0.883229206542711, 0.8847916142360585, 0.886277483524503, 0.8877047791674331]
############## VALIDATIONMEAN_IOU ############## 
[0.46164886119800647, 0.4991498033742647, 0.5736093956070978, 0.6321107491448119, 0.6782991624361759, 0.7103801289120236, 0.7372484315891523, 0.7563455306194924, 0.7714488313004777, 0.7852867946431443, 0.7975584188023129, 0.8080029088903118, 0.8165549909746325, 0.8242437315953745, 0.8310195324388711, 0.8371716379313856, 0.842720562541807, 0.8473998880064165, 0.84649015318703, 0.8489306754357105, 0.8524507300273793, 0.8559897469507681, 0.8592115548011419, 0.8622650890736967, 0.8651233722229261, 0.867748858155431, 0.8701998539067604, 0.8724495257074768, 0.8746408860425692, 0.8767257163653502, 0.8785387007771311, 0.8800236143775888, 0.8816354818440773, 0.883229206542711, 0.8847916142360585, 0.886277483524503, 0.8877047791674331]
############## TEST MEAN_IOU ############## 
0.8886643987713438
