############## TRAIN LOSS ############## 
[0.19152579506909526, 0.09457400775942448, 0.050822495482861996, 0.036332784138770925, 0.03015267078110294, 0.02823271226716807, 0.028068575322174945, 0.019984964948348904, 0.018036953217626828, 0.018885573523270117, 0.01728599176213548, 0.01795400758085118, 0.01708719738431879, 0.015906967203812423, 0.015289059248627038, 0.02064273090139535, 0.01698267354151687, 0.014541361644562031, 0.01528223035101955, 0.014961733146117547, 0.030423008994123823, 0.016268499843725883, 0.014419109214449654, 0.01363298701235672, 0.013780455224568377, 0.013232434297458746, 0.012852688150077656, 0.012949518506994119, 0.013293688021902297, 0.013428973543734566, 0.012575789348448854, 0.012796012121504424, 0.013210883697595549, 0.08354750809863813, 0.07420777699381516, 0.05045878866410537, 0.04199485655093717, 0.03812571996319536, 0.0351608763448894, 0.033577363333992055, 0.03277543275868772, 0.031078559812158346, 0.029686387603146, 0.02874907854365537, 0.02691823708497592, 0.026198058628250618, 0.025992954901822313, 0.024928412950799072]
############## VALIDATION LOSS ############## 
[0.1772621782387004, 0.09688920571523554, 0.05881018191576004, 0.04667252137818757, 0.0634181428262416, 0.12156378959908205, 0.028455501093583947, 0.027430833426906782, 0.03501275959698593, 0.042687507674974555, 0.04132671977448113, 0.02399279347018284, 0.0174633968511925, 0.021335576222661662, 0.037615430541336536, 0.030101011123727348, 0.02035454148426652, 0.01618662501192268, 0.017211642034132692, 0.021929781610036597, 0.020733007503783003, 0.01558318134287701, 0.017927829066620153, 0.01487584546317949, 0.0161916766425266, 0.016476738485781586, 0.022556742516291493, 0.014270274379454991, 0.03706391539205523, 0.014907206408679485, 0.014864093021434896, 0.017391872482703012, 0.014599407666965443, 0.13728428500540116, 0.10558847798144116, 0.03761033680947388, 0.03576949934529908, 0.03535281554521883, 0.030926281312371, 0.031151297557003358, 0.04141284563743016, 0.031914966400055325, 0.03518547846333069, 0.030972935314125875, 0.029946660513387006, 0.028971966794308496, 0.027621431988390052, 0.02844228710540954]
############## TEST LOSS ############## 
0.03936764604666016
############## TRAIN MEAN_IOU ############## 
[0.4610608160697125, 0.4997881932838543, 0.568826213076308, 0.632344583804543, 0.676629546123582, 0.7076090401088869, 0.7278379081068812, 0.7496154823818723, 0.7678329610341305, 0.7822266817092896, 0.7941954828597404, 0.8042009557421143, 0.8130233122690304, 0.8211685556012231, 0.828214117401355, 0.8337973855637215, 0.8381921065014761, 0.8432678495709961, 0.8478781564815624, 0.8518759410929035, 0.8545206011952581, 0.8564390173634967, 0.8595629588172242, 0.8626218526749998, 0.8654754375283783, 0.8681733402851466, 0.8707438187824713, 0.8731089705550993, 0.8753383675137082, 0.8772362386052673, 0.8791866201806713, 0.8810450257481756, 0.8827263008098345, 0.8827906943656303, 0.8750407611196106, 0.8705606714293763, 0.8686043563726786, 0.8673779622123048, 0.8665717727429157, 0.8661514649520049, 0.8658261210531801, 0.8654385309767079, 0.8654840189862896, 0.865394040539458, 0.8656321929113285, 0.8659595722282255, 0.8663355333579553, 0.8667453495231835]
############## VALIDATIONMEAN_IOU ############## 
[0.4610608160697125, 0.4997881932838543, 0.568826213076308, 0.632344583804543, 0.676629546123582, 0.7076090401088869, 0.7278379081068812, 0.7496154823818723, 0.7678329610341305, 0.7822266817092896, 0.7941954828597404, 0.8042009557421143, 0.8130233122690304, 0.8211685556012231, 0.828214117401355, 0.8337973855637215, 0.8381921065014761, 0.8432678495709961, 0.8478781564815624, 0.8518759410929035, 0.8545206011952581, 0.8564390173634967, 0.8595629588172242, 0.8626218526749998, 0.8654754375283783, 0.8681733402851466, 0.8707438187824713, 0.8731089705550993, 0.8753383675137082, 0.8772362386052673, 0.8791866201806713, 0.8810450257481756, 0.8827263008098345, 0.8827906943656303, 0.8750407611196106, 0.8705606714293763, 0.8686043563726786, 0.8673779622123048, 0.8665717727429157, 0.8661514649520049, 0.8658261210531801, 0.8654385309767079, 0.8654840189862896, 0.865394040539458, 0.8656321929113285, 0.8659595722282255, 0.8663355333579553, 0.8667453495231835]
############## TEST MEAN_IOU ############## 
0.8669748270150387
