############## TRAIN LOSS ############## 
[0.17479875721540805, 0.0878614425608838, 0.05085729230572847, 0.03091547522391822, 0.028211153880063747, 0.025574167101719492, 0.021443693521055015, 0.01944973478030816, 0.01810540189035237, 0.01657900184934103, 0.028352093392026587, 0.020107440996562708, 0.019516667977252322, 0.015938865178189165, 0.01523878363691069, 0.014829255297553499, 0.013979573646006552, 0.0144277363008744, 0.01656194604505357, 0.014515048251613169, 0.015316551095000594, 0.013519361989597816, 0.014868423651048058, 0.014299998833873385, 0.013522464476802663, 0.16586485471438012, 0.059509514063294675, 0.02945971122716327, 0.02376110613270587, 0.01988259792592175, 0.02089809560267305, 0.016510790902995377, 0.015996228519676102, 0.01509724572187642, 0.014476125342519703, 0.014030044023702675, 0.014073465214538816, 0.013767774562930336, 0.014164221869479562, 0.013520431116449873, 0.013316066441679927, 0.013472303332811271, 0.013540912038848005, 0.013354619990128118, 0.012970589019509184]
############## VALIDATION LOSS ############## 
[0.2926550235818414, 0.07439026784370928, 0.08431240981992554, 0.049423375660005736, 0.0382424036917441, 0.04314624540069524, 0.03616760139737059, 0.02700716755626833, 0.03813541965449557, 0.04164397809654474, 0.031874367090709066, 0.020296678056611735, 0.019839480847996825, 0.036785681403296834, 0.019070171203245136, 0.01657022609758903, 0.016142432742259082, 0.014451664680724634, 0.015056235633571358, 0.023824148756616256, 0.01729388373410877, 0.015154267880408204, 0.018906498355243134, 0.01417222646448542, 0.012700392946820049, 0.1727494667558109, 0.03777969584745519, 0.02755980582579094, 0.019900907926699695, 0.0157369424808113, 0.015313841758624595, 0.017321532811312115, 0.016020582276670373, 0.017202128026196185, 0.01686947510632522, 0.01482883038218407, 0.018450553885058445, 0.021260524360353455, 0.016114297761198354, 0.01542714687392992, 0.01860402724431718, 0.016009426757912424, 0.019004067132139906, 0.015163997927790178, 0.013445977422901812]
############## TEST LOSS ############## 
0.03671597276221622
############## TRAIN MEAN_IOU ############## 
[0.46133349261976575, 0.5033260948351912, 0.5883017717986494, 0.6481239159364958, 0.6938174028654356, 0.7263765153852669, 0.7491173341467574, 0.7687613005573685, 0.7850953227764851, 0.7980287912729624, 0.8080605489982141, 0.8135304801367425, 0.8211884418049374, 0.8283831557712039, 0.8343310952186584, 0.8402279627484244, 0.8455814739336839, 0.8504148431726404, 0.8544463938152468, 0.8581768121268298, 0.8614132831225524, 0.8646547399662636, 0.8676394034881849, 0.8701005509576282, 0.8726464135421289, 0.8688051664345974, 0.8578016423695797, 0.8562497714081326, 0.8572129148083765, 0.8587983045223597, 0.8603445653979843, 0.8621084496781632, 0.8639286514875051, 0.865798495105795, 0.8676044095206905, 0.8693453597055899, 0.8710646073560457, 0.8726742553549844, 0.8741849382986894, 0.875655052629677, 0.8770839773319863, 0.8784672815251995, 0.8797713820193265, 0.8809977926917978, 0.8822156666098414]
############## VALIDATIONMEAN_IOU ############## 
[0.46133349261976575, 0.5033260948351912, 0.5883017717986494, 0.6481239159364958, 0.6938174028654356, 0.7263765153852669, 0.7491173341467574, 0.7687613005573685, 0.7850953227764851, 0.7980287912729624, 0.8080605489982141, 0.8135304801367425, 0.8211884418049374, 0.8283831557712039, 0.8343310952186584, 0.8402279627484244, 0.8455814739336839, 0.8504148431726404, 0.8544463938152468, 0.8581768121268298, 0.8614132831225524, 0.8646547399662636, 0.8676394034881849, 0.8701005509576282, 0.8726464135421289, 0.8688051664345974, 0.8578016423695797, 0.8562497714081326, 0.8572129148083765, 0.8587983045223597, 0.8603445653979843, 0.8621084496781632, 0.8639286514875051, 0.865798495105795, 0.8676044095206905, 0.8693453597055899, 0.8710646073560457, 0.8726742553549844, 0.8741849382986894, 0.875655052629677, 0.8770839773319863, 0.8784672815251995, 0.8797713820193265, 0.8809977926917978, 0.8822156666098414]
############## TEST MEAN_IOU ############## 
0.8831233841000181
