############## TRAIN LOSS ############## 
[0.17871007116863857, 0.07457304306680688, 0.04196077798543548, 0.03716149692725692, 0.026818064249095483, 0.026122878318199434, 0.020381354022066336, 0.021186978694655606, 0.018278328082020824, 0.016989986236030992, 0.018158358235440746, 0.0155393643701147, 0.01820170132418138, 0.02056064861008545, 0.015113235479598312, 0.014562310197868862, 0.014626678796736774, 0.015504368360632577, 0.014636173922996465, 0.02283552666257664, 0.014914138720849075, 0.013658397151408968, 0.022646378653400856, 0.015034397909845653, 0.01421423741251331, 0.014293062038140724, 0.013702402426231955, 0.013312755152583122, 0.013178386876510607, 0.013065739547380724, 0.012852125410997384, 0.012776907747359696, 0.013255618160238137, 0.019804114331113728, 0.014109188206242147, 0.01347344320556904, 0.013326854983067795, 0.012805077709836533, 0.01297254511155188, 0.012251279326281636, 0.012182387652353861, 0.012342011370394076, 0.01203974595331159, 0.012961490372372037, 0.013339705063609054, 0.026566372964078107, 0.016355195840996865, 0.012682899801261924, 0.012666589004692395, 0.01260633726063109, 0.012092987226473319, 0.012358068693051668, 0.011893452283599087, 0.018365546633061523, 0.013966655141573298, 0.01240314047695515, 0.011960513342322933, 0.011874120852381393, 0.01172244399030869, 0.012526067194050632, 0.011788394361910587, 0.011702653517745234, 0.011833762671370563, 0.011811215443083563, 0.01143606153090258]
############## VALIDATION LOSS ############## 
[0.2721826048458324, 0.0624301841153818, 0.07406265058499925, 0.05466648760963889, 0.03287460534449886, 0.03397904621327624, 0.023295402033802343, 0.04239732454366544, 0.02747702773879556, 0.056530405164641494, 0.021812676726018682, 0.0138393955250435, 0.016656219356638545, 0.015313668231315473, 0.019791543209815726, 0.019398810451521593, 0.014735577682800153, 0.023575396824847248, 0.01713672384400578, 0.017588596489718732, 0.01772086344221059, 0.013346959124593175, 0.016667061841444057, 0.01364447214805028, 0.014101483639987075, 0.013962451149435604, 0.018778303062871975, 0.013753374353708589, 0.01500515322036603, 0.014241196735597709, 0.013834150946315597, 0.01661948180373977, 0.014316265471279621, 0.01758013542412835, 0.015451100244022468, 0.013201508342343219, 0.013401816270368941, 0.01545585785061121, 0.013495589195586303, 0.013096140752382138, 0.013658934574135962, 0.014440762153004898, 0.015222885919844402, 0.03016570185804192, 0.013071682221968384, 0.021292081102728844, 0.013786358347929576, 0.016551734413951635, 0.015287116060362142, 0.014975510263705956, 0.013358515906421578, 0.014301287339014165, 0.01426819506484796, 0.013672321295256125, 0.013488018036107807, 0.014972837943145457, 0.013443037292317432, 0.013239676817594206, 0.014701661571641178, 0.013746704878833364, 0.013767567161908922, 0.01387983261991073, 0.014061507741537164, 0.013190502218682976, 0.013485256911200635]
############## TEST LOSS ############## 
0.03688741245053031
############## TRAIN MEAN_IOU ############## 
[0.4623568804078811, 0.5299247865741318, 0.615876121295465, 0.6694515669668043, 0.7050368572409088, 0.7352917033272821, 0.7585649901145214, 0.777908616774791, 0.7919349070336368, 0.8043497659870096, 0.8142232371343149, 0.8234549873584026, 0.8311017646982863, 0.8370305150747299, 0.8426447522801321, 0.8480998938148087, 0.8529137179658219, 0.8571199287433882, 0.8608741067551278, 0.8634902536869049, 0.8661189627003025, 0.8691249912655031, 0.8712210244423634, 0.8731462681615675, 0.8754135974355646, 0.8775571012819136, 0.8796675551582027, 0.8816197148045978, 0.883513382560498, 0.8852837512622008, 0.8869821505772101, 0.8885668838346327, 0.8900303272782145, 0.8911394364125019, 0.8919779287802206, 0.8931671530008316, 0.8943749557475786, 0.8954475538150685, 0.8965185554446401, 0.8975813026363785, 0.898637868262626, 0.8995855519094983, 0.9005391041974764, 0.9014215392840875, 0.9020642597933073, 0.9025348296036592, 0.9022262112514393, 0.9029021613501214, 0.9036174299749168, 0.904312812798732, 0.9050040067853155, 0.9056901118239841, 0.9063349559500411, 0.9067862581562351, 0.907083432013924, 0.9076059126370662, 0.9081824478265401, 0.9087439368705492, 0.9092995016961485, 0.9098168543061694, 0.9103251727851661, 0.9108421472278802, 0.9113467114197241, 0.9118265384757841, 0.91230720482968]
############## VALIDATIONMEAN_IOU ############## 
[0.4623568804078811, 0.5299247865741318, 0.615876121295465, 0.6694515669668043, 0.7050368572409088, 0.7352917033272821, 0.7585649901145214, 0.777908616774791, 0.7919349070336368, 0.8043497659870096, 0.8142232371343149, 0.8234549873584026, 0.8311017646982863, 0.8370305150747299, 0.8426447522801321, 0.8480998938148087, 0.8529137179658219, 0.8571199287433882, 0.8608741067551278, 0.8634902536869049, 0.8661189627003025, 0.8691249912655031, 0.8712210244423634, 0.8731462681615675, 0.8754135974355646, 0.8775571012819136, 0.8796675551582027, 0.8816197148045978, 0.883513382560498, 0.8852837512622008, 0.8869821505772101, 0.8885668838346327, 0.8900303272782145, 0.8911394364125019, 0.8919779287802206, 0.8931671530008316, 0.8943749557475786, 0.8954475538150685, 0.8965185554446401, 0.8975813026363785, 0.898637868262626, 0.8995855519094983, 0.9005391041974764, 0.9014215392840875, 0.9020642597933073, 0.9025348296036592, 0.9022262112514393, 0.9029021613501214, 0.9036174299749168, 0.904312812798732, 0.9050040067853155, 0.9056901118239841, 0.9063349559500411, 0.9067862581562351, 0.907083432013924, 0.9076059126370662, 0.9081824478265401, 0.9087439368705492, 0.9092995016961485, 0.9098168543061694, 0.9103251727851661, 0.9108421472278802, 0.9113467114197241, 0.9118265384757841, 0.91230720482968]
############## TEST MEAN_IOU ############## 
0.9124746759732564
