############## TRAIN LOSS ############## 
[0.17799222635457645, 0.08671721960795489, 0.04992140584147057, 0.037628948776605164, 0.031174080540753296, 0.026587297164558155, 0.022156020959939907, 0.021611700038979383, 0.01891481565827554, 0.017371313429336895, 0.021015388532415837, 0.019634321294221525, 0.01647150385306796, 0.01679683515386706, 0.015476695853411345, 0.015860359596617118, 0.01424880901263473, 0.029389083174661407, 0.015540446953948689, 0.01518619726915416, 0.015004126811274202, 0.013769263300944018, 0.014193315464827055, 0.013445446151308715, 0.013643575073974961, 0.013167221423213344, 0.01559549818646062, 0.014877679235478109, 0.01371941080543439, 0.013244692695553641, 0.013185197185422923, 0.012814851811256361, 0.019760603107184777, 0.015380504840003277, 0.013623220128686848, 0.012744033863340077, 0.013176090077723603]
############## VALIDATION LOSS ############## 
[0.3226107201155494, 0.16284757107496262, 0.06672136288355379, 0.05432079151711043, 0.07648283144568696, 0.02674115914851427, 0.02354100373957087, 0.03216045656624962, 0.02417202786925961, 0.02036072960232987, 0.03532436807804248, 0.01774150932974675, 0.017722339040654546, 0.02381061255822287, 0.01961796325357521, 0.016351958599818105, 0.012802668737576288, 0.02779792660080335, 0.017166559913140887, 0.014390657327192672, 0.014538600219084936, 0.013880938811994651, 0.013390650835764758, 0.013097370536450078, 0.01794147883158396, 0.016099356525741956, 0.025746442706269378, 0.013725660659153672, 0.015458925298469909, 0.016776846036972368, 0.018587448223329642, 0.014855126138119137, 0.04806778152637622, 0.02353071832262418, 0.01591446768382893, 0.017399129183853373, 0.013179107459590715]
############## TEST LOSS ############## 
0.04186632213267413
############## TRAIN MEAN_IOU ############## 
[0.46269445695184375, 0.5035266425158527, 0.5847683762376373, 0.6432848202215659, 0.6858850069142677, 0.7137790753229244, 0.7402298744465854, 0.7610556410776602, 0.7777205834517608, 0.7914695997495909, 0.8031704357346973, 0.810593563559893, 0.8192220902120745, 0.8268146877353256, 0.8330727332347149, 0.8388752425844604, 0.8442167772634609, 0.84728058649076, 0.8504761960860845, 0.8543377768349003, 0.8579640698594015, 0.861274638691464, 0.8644079566001892, 0.8672772315708367, 0.8699955211297886, 0.8725247934863374, 0.8747864538753355, 0.8763925541897077, 0.8783227857705709, 0.8802525010463353, 0.8819429278373718, 0.8836598017731229, 0.8851552126375405, 0.8855439819194175, 0.8867937197556367, 0.888183201889734, 0.8895004512490453]
############## VALIDATION MEAN_IOU ############## 
[0.46269445695184375, 0.5035266425158527, 0.5847683762376373, 0.6432848202215659, 0.6858850069142677, 0.7137790753229244, 0.7402298744465854, 0.7610556410776602, 0.7777205834517608, 0.7914695997495909, 0.8031704357346973, 0.810593563559893, 0.8192220902120745, 0.8268146877353256, 0.8330727332347149, 0.8388752425844604, 0.8442167772634609, 0.84728058649076, 0.8504761960860845, 0.8543377768349003, 0.8579640698594015, 0.861274638691464, 0.8644079566001892, 0.8672772315708367, 0.8699955211297886, 0.8725247934863374, 0.8747864538753355, 0.8763925541897077, 0.8783227857705709, 0.8802525010463353, 0.8819429278373718, 0.8836598017731229, 0.8851552126375405, 0.8855439819194175, 0.8867937197556367, 0.888183201889734, 0.8895004512490453]
############## TEST MEAN_IOU ############## 
0.8901406201449308
