############## TRAIN LOSS ############## 
[0.20353686628309456, 0.11804147125095935, 0.06737848965300096, 0.0393047554141565, 0.03036082401317922, 0.03126262002498717, 0.02553366485202836, 0.023062879106382262, 0.020050466255712752, 0.022823549366581278, 0.020871852405016888, 0.019417108426726348, 0.018106862201003004, 0.016121633479849913, 0.015226041728227929, 0.015059975123762883, 0.014850357654378624, 0.01691147593806523, 0.023384096849760092, 0.01504189771524555, 0.01420457594134417, 0.013362327080874427, 0.014054211441779861, 0.013806675305917254, 0.015372489113360643, 0.013186723903148762, 0.01761488097946386, 0.018083093851502682, 0.013884541735908872, 0.013110074702323088, 0.012591727663183937, 0.014717106833248525, 0.013167089131358709, 0.013747890703254254, 0.012775857020421204, 0.013228244749149558, 0.01299155135387303, 0.012491212301963085, 0.03232397674268263, 0.01446283091413411, 0.013179414417921892, 0.012972693783356934, 0.014119750105876577, 0.012977023341541959]
############## VALIDATION LOSS ############## 
[0.17973186689264634, 0.25716200733886047, 0.08433364923386012, 0.05612525563029682, 0.07261723027948071, 0.04868905103820212, 0.04271942848230109, 0.0433266172733377, 0.03209744864965186, 0.03830941240577137, 0.036903975805377257, 0.025532447404282933, 0.018780143849332544, 0.026625152923824155, 0.02045196623486631, 0.02000287051915246, 0.014125539209036267, 0.01614964646561181, 0.019264112391016063, 0.020059773725840974, 0.016707216690787497, 0.01818210637087331, 0.01577954347628881, 0.012992162476567662, 0.016241907525588486, 0.014662167084786822, 0.038339100942453914, 0.016571877907742474, 0.014675699174404144, 0.013628269682693131, 0.016690635067575118, 0.014765589388416094, 0.013743845608961932, 0.016516095410813305, 0.015362105195355765, 0.015914652113090542, 0.01473695510888801, 0.013406152398708989, 0.017998034079723498, 0.014583938590743962, 0.014744032064781469, 0.013442700317896464, 0.014096470303176081, 0.014066361383918454]
############## TEST LOSS ############## 
0.03484077342983448
############## TRAIN MEAN_IOU ############## 
[0.459858548902982, 0.4831777714394234, 0.5252424007332003, 0.5963356031759365, 0.6455465543109018, 0.6816957528526718, 0.708073536689217, 0.7313802653067821, 0.7510761610559515, 0.7668568979243975, 0.7788922327595789, 0.7896337895779997, 0.7993404446421443, 0.8080924777565776, 0.8158430368513674, 0.8228545736622166, 0.8291058262457719, 0.8346262928601857, 0.8384375604423316, 0.8421889374385009, 0.8463779885221172, 0.8503847138301747, 0.8540746033997149, 0.8573338135674193, 0.8602056015987654, 0.8629808180235528, 0.8655983966750067, 0.8665022266072195, 0.8686932381745931, 0.870945510026571, 0.8731092190420305, 0.8750625526582873, 0.8768007473365681, 0.8784878978858123, 0.8801563386176083, 0.8817514515406376, 0.8831134289503098, 0.8845654786438555, 0.8849788473264592, 0.8853940109948855, 0.8865963276979085, 0.8878078005603842, 0.8889335152265188, 0.889982296808346]
############## VALIDATION MEAN_IOU ############## 
[0.459858548902982, 0.4831777714394234, 0.5252424007332003, 0.5963356031759365, 0.6455465543109018, 0.6816957528526718, 0.708073536689217, 0.7313802653067821, 0.7510761610559515, 0.7668568979243975, 0.7788922327595789, 0.7896337895779997, 0.7993404446421443, 0.8080924777565776, 0.8158430368513674, 0.8228545736622166, 0.8291058262457719, 0.8346262928601857, 0.8384375604423316, 0.8421889374385009, 0.8463779885221172, 0.8503847138301747, 0.8540746033997149, 0.8573338135674193, 0.8602056015987654, 0.8629808180235528, 0.8655983966750067, 0.8665022266072195, 0.8686932381745931, 0.870945510026571, 0.8731092190420305, 0.8750625526582873, 0.8768007473365681, 0.8784878978858123, 0.8801563386176083, 0.8817514515406376, 0.8831134289503098, 0.8845654786438555, 0.8849788473264592, 0.8853940109948855, 0.8865963276979085, 0.8878078005603842, 0.8889335152265188, 0.889982296808346]
############## TEST MEAN_IOU ############## 
0.8906515262343667
