############## TRAIN LOSS ############## 
[0.2156176013318268, 0.13100937741330346, 0.09657272034500902, 0.055644289407929454, 0.04567538116857208, 0.033196631353348494, 0.026363910465325054, 0.02738588025189332, 0.022758794728213468, 0.019693528818016923, 0.018982257489492563, 0.017865465570090187, 0.033130589167813994, 0.019544450946882164, 0.016929360562809616, 0.016694892081432045, 0.016856560341988666, 0.018970181677817693, 0.017050134241455107, 0.015721159540368495, 0.015160747114694803, 0.014065499760437052, 0.013774888344562135, 0.013866068147173201, 0.013541498120773482, 0.013376266824559786, 0.027099976693657605, 0.05299089744536055, 0.019167013107673138, 0.018333862261922174, 0.014742214871394271, 0.014838415119369086, 0.014259948461266185, 0.013945165014750249, 0.013054130926124147, 0.0131375038228627, 0.012860908047170253, 0.015445912385837653, 0.018115820894898795, 0.014845204558475194, 0.013248362093912187, 0.014208499364227661, 0.0126429141052319, 0.013625928870956035, 0.01289307210292365, 0.012277255259529763, 0.012289129738771432, 0.012134081438636861, 0.041473811586714676, 0.01826601115218993, 0.022806904262963782, 0.015077706986434153, 0.013374534517375601, 0.013104018717500809, 0.012711094207809987, 0.012562405343192655, 0.012241835372421789, 0.012242489645408618, 0.012340593022747419, 0.011948222108814563, 0.012379250372759998]
############## VALIDATION LOSS ############## 
[0.17197290413519917, 0.21870942150845246, 0.2231692540294984, 0.06311866531477255, 0.05008323578273549, 0.05327886463526417, 0.07250803719986887, 0.0837181291597731, 0.048550264855079794, 0.04175506137749728, 0.04965059459209442, 0.04469165666138425, 0.021911947111434796, 0.031134269090698045, 0.032720090383115935, 0.04082916715346715, 0.0241419671322493, 0.06925364994608305, 0.024461144992314717, 0.04275363464565838, 0.02584703644628034, 0.015510519637781032, 0.017705569536808657, 0.019335524233825067, 0.013147687950335881, 0.03820462957681978, 0.08323469254023888, 0.022394220837775397, 0.018568444202708846, 0.017830615781028483, 0.016174132059163907, 0.026929110754281282, 0.01759414336479762, 0.017979402368997827, 0.014381873969207792, 0.013988146257093725, 0.01609608013292446, 0.026868621270884487, 0.016825368518338484, 0.015194942955585086, 0.012666587334345369, 0.014324054615024258, 0.013074120616211611, 0.013785636381191365, 0.012929843574324074, 0.012856316478813396, 0.01362419462598422, 0.015127970782272956, 0.03236522295457475, 0.017024640678702033, 0.02080409146626206, 0.013628061230787459, 0.01603953995029716, 0.013027044122709948, 0.012937778278308757, 0.014613893540466534, 0.013711704680805696, 0.013378575882490943, 0.013453822939054054, 0.01381133937769953, 0.01812862859600607]
############## TEST LOSS ############## 
0.04475749338215047
############## TRAIN MEAN_IOU ############## 
[0.46066903916967883, 0.47469220411133123, 0.48666181656959895, 0.535138987608858, 0.5869479038425394, 0.6275128234882612, 0.6618794786768991, 0.6877132795146994, 0.7086028037844477, 0.7276863963217348, 0.7442348551105809, 0.7578715673975043, 0.7678809665344857, 0.7764781496009311, 0.7854999207161568, 0.7937254575458733, 0.8010725866298418, 0.806934183513796, 0.8117751664406544, 0.8173082994448172, 0.822170423494803, 0.8269626208253809, 0.8315489050504323, 0.8357897948574375, 0.8396539273294242, 0.8433090130219588, 0.8463890407536481, 0.8444929541768255, 0.8457606132771518, 0.848088959584365, 0.8505822504694397, 0.8530444418256348, 0.8552509147573162, 0.8575250389608177, 0.8597296742168633, 0.8618766073439572, 0.8638959728382729, 0.8657112246429598, 0.8670703559308439, 0.8684861442527255, 0.8700882522641001, 0.8715972670832196, 0.8731083930344194, 0.874581558076111, 0.8758855240570532, 0.8772328326830993, 0.8785516506916767, 0.8798350083666879, 0.8803582098838445, 0.8798421919345856, 0.880661120285859, 0.8811244279951662, 0.8820968773719426, 0.8830963204035888, 0.8840961118002195, 0.8850733794876047, 0.8860273071237512, 0.8869604613329913, 0.8878594721491272, 0.8887213621590588, 0.8895657972709553]
############## VALIDATIONMEAN_IOU ############## 
[0.46066903916967883, 0.47469220411133123, 0.48666181656959895, 0.535138987608858, 0.5869479038425394, 0.6275128234882612, 0.6618794786768991, 0.6877132795146994, 0.7086028037844477, 0.7276863963217348, 0.7442348551105809, 0.7578715673975043, 0.7678809665344857, 0.7764781496009311, 0.7854999207161568, 0.7937254575458733, 0.8010725866298418, 0.806934183513796, 0.8117751664406544, 0.8173082994448172, 0.822170423494803, 0.8269626208253809, 0.8315489050504323, 0.8357897948574375, 0.8396539273294242, 0.8433090130219588, 0.8463890407536481, 0.8444929541768255, 0.8457606132771518, 0.848088959584365, 0.8505822504694397, 0.8530444418256348, 0.8552509147573162, 0.8575250389608177, 0.8597296742168633, 0.8618766073439572, 0.8638959728382729, 0.8657112246429598, 0.8670703559308439, 0.8684861442527255, 0.8700882522641001, 0.8715972670832196, 0.8731083930344194, 0.874581558076111, 0.8758855240570532, 0.8772328326830993, 0.8785516506916767, 0.8798350083666879, 0.8803582098838445, 0.8798421919345856, 0.880661120285859, 0.8811244279951662, 0.8820968773719426, 0.8830963204035888, 0.8840961118002195, 0.8850733794876047, 0.8860273071237512, 0.8869604613329913, 0.8878594721491272, 0.8887213621590588, 0.8895657972709553]
############## TEST MEAN_IOU ############## 
0.8900321378852382
