############## TRAIN LOSS ############## 
[0.1943871625069831, 0.11063461020790241, 0.07725453371735844, 0.050681266574994534, 0.034235788131686484, 0.032678972023564415, 0.025927600696229854, 0.02270773412483568, 0.019924764798299688, 0.019172682741505874, 0.022145855794283183, 0.017589064302375994, 0.016852617911944114, 0.016925924696733017, 0.03608787812078623, 0.022944125541913753, 0.017150596215238643, 0.016752296923408034, 0.017508684534806054, 0.016965552396770264, 0.015430827845341048, 0.014530761847020807, 0.014483570624646303, 0.014348764397279435, 0.013705330938604232, 0.015353232461682244, 0.013865066569525044, 0.013304628881726515, 0.013190010726149823, 0.01366563845815993, 0.013125122993605564, 0.030590163713723823, 0.014623879672128809, 0.015314372567887846, 0.014504061967788919, 0.013019562472362776, 0.013091794872731977, 0.01281575973435129, 0.013750756817014032, 0.013333708796700513, 0.012607554508675192, 0.012406945596700785]
############## VALIDATION LOSS ############## 
[0.1972923103500815, 0.10915488004684448, 0.22494033329627094, 0.0617617311723092, 0.07274343500680783, 0.03865890714394696, 0.03622109760694644, 0.047997095676905965, 0.05765710524557268, 0.03875888703281388, 0.03592905615839888, 0.02817918749197441, 0.05470209497520152, 0.029842000125962144, 0.03815291630213752, 0.02458271586938816, 0.016119730330127126, 0.03234079047380125, 0.017160373082494036, 0.018381917136995232, 0.01505271389203913, 0.01341962639023276, 0.017998483798959675, 0.014261424486689708, 0.014883987468612544, 0.016079625525676152, 0.016519235994885948, 0.016606823130346397, 0.01645148718072211, 0.013941900366369416, 0.013875427135430714, 0.017998098039670903, 0.01584364120464991, 0.030474137953099084, 0.01474205609958838, 0.01567071199636249, 0.016832483001053333, 0.015891578815439168, 0.014194200691931388, 0.014795848497134797, 0.015572432647733128, 0.017147612210144016]
############## TEST LOSS ############## 
0.03958177923253088
############## TRAIN MEAN_IOU ############## 
[0.46082446291237267, 0.4877518693337569, 0.5283188062745172, 0.5754122798507278, 0.6247135614221161, 0.6627142759593757, 0.6926828932923239, 0.7176241069226652, 0.7376894991140108, 0.7543648122935682, 0.7679187071484488, 0.779361670484414, 0.7898698437052805, 0.7989156121337736, 0.8062841300223325, 0.808906255541621, 0.8148227833412789, 0.8208129889256245, 0.8258929216378444, 0.8308772569572603, 0.8352610613848712, 0.8395723269597904, 0.843557857178353, 0.847167474192542, 0.850586819487649, 0.8536669052130467, 0.8565087096916663, 0.8592719870644647, 0.8619049493525479, 0.8643653896209356, 0.8666366105144089, 0.8677346247273523, 0.8689736079525303, 0.8708047790301813, 0.8722565045227876, 0.8739962799323572, 0.8756900985498686, 0.8772977224072894, 0.8787920249475015, 0.8801512907485705, 0.8815638277981732, 0.882918198769157]
############## VALIDATIONMEAN_IOU ############## 
[0.46082446291237267, 0.4877518693337569, 0.5283188062745172, 0.5754122798507278, 0.6247135614221161, 0.6627142759593757, 0.6926828932923239, 0.7176241069226652, 0.7376894991140108, 0.7543648122935682, 0.7679187071484488, 0.779361670484414, 0.7898698437052805, 0.7989156121337736, 0.8062841300223325, 0.808906255541621, 0.8148227833412789, 0.8208129889256245, 0.8258929216378444, 0.8308772569572603, 0.8352610613848712, 0.8395723269597904, 0.843557857178353, 0.847167474192542, 0.850586819487649, 0.8536669052130467, 0.8565087096916663, 0.8592719870644647, 0.8619049493525479, 0.8643653896209356, 0.8666366105144089, 0.8677346247273523, 0.8689736079525303, 0.8708047790301813, 0.8722565045227876, 0.8739962799323572, 0.8756900985498686, 0.8772977224072894, 0.8787920249475015, 0.8801512907485705, 0.8815638277981732, 0.882918198769157]
############## TEST MEAN_IOU ############## 
0.8836444052782926
