############## TRAIN LOSS ############## 
[0.1796267891705439, 0.10075435399807789, 0.05222307948546635, 0.03562279106621202, 0.03170629549217788, 0.02241580025922205, 0.024358603090198862, 0.021164985364177137, 0.01870849112526992, 0.01815539600667418, 0.016373845695115224, 0.015627069175369233, 0.015179173810080299, 0.03126781094328475, 0.01745625024636251, 0.015003312136852057, 0.014463243559254584, 0.015731918823754264, 0.01513175547399835, 0.0158573560718749, 0.013882448056687575, 0.013316160618528925, 0.013589937718132057, 0.013304432142978988, 0.01402969958852171, 0.01340459576002448, 0.025726686971186585, 0.015008263330831117, 0.01334011901761531, 0.015554745237947115, 0.012852825265302247, 0.012988432754158369, 0.012597164331079536, 0.012380000329702287, 0.013607216775543182, 0.01370253079457561, 0.013599472151867844]
############## VALIDATION LOSS ############## 
[0.31198178407023935, 0.145423123941702, 0.11006806440213147, 0.04742895976147231, 0.06116741709411144, 0.03681848625488141, 0.027984668665072498, 0.03477599910076927, 0.12655160006354838, 0.020547607174033627, 0.032992463312385714, 0.02122913013376734, 0.018596756381585318, 0.02263722659143455, 0.01853895639343297, 0.015238165882799555, 0.01281522389720468, 0.01721648669199032, 0.026662854422979495, 0.017019693493185675, 0.014739487265401027, 0.014104072689352667, 0.017958233379484975, 0.015920151901595733, 0.02063697245081558, 0.014103509923991035, 0.022771950920715052, 0.01743470020044376, 0.014105527497389737, 0.014149205211330862, 0.014637169044683962, 0.014310519868398415, 0.014080738210502793, 0.013602833948372042, 0.01306629304171485, 0.015582164804286817, 0.013073736007380135]
############## TEST LOSS ############## 
0.03227521375273213
############## TRAIN MEAN_IOU ############## 
[0.46069549175130353, 0.49441718048340566, 0.5558769263931223, 0.6188536950865308, 0.6665107491048606, 0.7002440272150813, 0.7293801577510061, 0.7508435196973182, 0.7686642984280715, 0.7809508720765242, 0.793739387715185, 0.8042500276823301, 0.8134130891915914, 0.8196558807347272, 0.824157066039137, 0.8303970279725822, 0.836216011562863, 0.8413479308018813, 0.8458343804688067, 0.8494790752191801, 0.8532810364220593, 0.8569501859916223, 0.8603623291930637, 0.8634582186067427, 0.8661395009305026, 0.8685824935500687, 0.8701990673670897, 0.8714757807351448, 0.873584606760257, 0.8755166071492273, 0.8774227262348742, 0.8793079945686701, 0.8810773540187526, 0.882791602530995, 0.8843520706569826, 0.8857820771030478, 0.8870942004629083]
############## VALIDATIONMEAN_IOU ############## 
[0.46069549175130353, 0.49441718048340566, 0.5558769263931223, 0.6188536950865308, 0.6665107491048606, 0.7002440272150813, 0.7293801577510061, 0.7508435196973182, 0.7686642984280715, 0.7809508720765242, 0.793739387715185, 0.8042500276823301, 0.8134130891915914, 0.8196558807347272, 0.824157066039137, 0.8303970279725822, 0.836216011562863, 0.8413479308018813, 0.8458343804688067, 0.8494790752191801, 0.8532810364220593, 0.8569501859916223, 0.8603623291930637, 0.8634582186067427, 0.8661395009305026, 0.8685824935500687, 0.8701990673670897, 0.8714757807351448, 0.873584606760257, 0.8755166071492273, 0.8774227262348742, 0.8793079945686701, 0.8810773540187526, 0.882791602530995, 0.8843520706569826, 0.8857820771030478, 0.8870942004629083]
############## TEST MEAN_IOU ############## 
0.887929743347746
