############## TRAIN LOSS ############## 
[0.20642972621764685, 0.14931874541012016, 0.09523771392382882, 0.04635650732529324, 0.03677368386824791, 0.028035971921289694, 0.026014329072692105, 0.021370383571027905, 0.023124762162616528, 0.018710075657361665, 0.017517501189423777, 0.017069018436469942, 0.017299230839755084, 0.016741184665620124, 0.03594344713712564, 0.01870516694238963, 0.016104082164757356, 0.014824562998664742, 0.014696335372817074, 0.014472936371316176, 0.014411826775333769, 0.02092719917512826, 0.01794038964687167, 0.01462855114840676, 0.013790261478641548, 0.014553277070533383, 0.01682622788624989, 0.013528344639879022, 0.013345664546422258, 0.013363174052682478, 0.012997494557419338, 0.013582134981186607, 0.013035960155665069, 0.012728337044324222, 0.012465700264894278, 0.0137933246741021, 0.012601527829050413, 0.030959641051201803, 0.02247690754262982, 0.014778498673459163, 0.013677629374747945, 0.013763608879762123, 0.01311811904511037, 0.013341760697044633, 0.012704841786290746]
############## VALIDATION LOSS ############## 
[0.1690167727715829, 0.2699688979808022, 0.1591624784118989, 0.15736407041549683, 0.28040121758685393, 0.13120344259283123, 0.08228464917663265, 0.30442842052263375, 0.10385037487482324, 0.09518165119430598, 0.044370763825581354, 0.04687722377917346, 0.025426378281896606, 0.11273264282328241, 0.025132437346174437, 0.017394582220517537, 0.01649057583006866, 0.0157877029851079, 0.024694089859943178, 0.02675585522699882, 0.038060760152909684, 0.03159139738144243, 0.01768772301318891, 0.013637066599639022, 0.01306719341150978, 0.02369901893989128, 0.016741957652437335, 0.017183862215674976, 0.017665268606780207, 0.013990666470764315, 0.017788264489568332, 0.018525388940949652, 0.01642755451886093, 0.014266734477132559, 0.014108869767583469, 0.01717524863231708, 0.020217291764257586, 0.034935771213734854, 0.017397500766331658, 0.015518600285491523, 0.014048470321166165, 0.015819280161796248, 0.016864538411883748, 0.016451515586060637, 0.015198390300878706]
############## TEST LOSS ############## 
0.031349238346923484
############## TRAIN MEAN_IOU ############## 
[0.4605124384366177, 0.4725363558611354, 0.48494174452246847, 0.547290302208952, 0.6010966961448257, 0.6396680671621013, 0.671862099621747, 0.6986691440279419, 0.7166292482131237, 0.7339384616226763, 0.7497648733693201, 0.763689356881219, 0.775214723235852, 0.7855717708935609, 0.7915604307844832, 0.7968301837508743, 0.8041509361685933, 0.8110140952709559, 0.8173025463883942, 0.8229537396817594, 0.8280076940317411, 0.8323707862480266, 0.8349442586705491, 0.8386751840243468, 0.8424102949935037, 0.8459204044696447, 0.8488343627871694, 0.8517579210771097, 0.8546109457273741, 0.8572926199114, 0.8598598539829254, 0.8622450224451117, 0.8644501192344202, 0.8665754601762101, 0.868633919471019, 0.8705559525940869, 0.872301268416482, 0.8736500035266619, 0.8732507152331842, 0.8743930273764843, 0.8758045447033804, 0.87723285443074, 0.878544485246813, 0.8798586315399891, 0.8811157615603628]
############## VALIDATIONMEAN_IOU ############## 
[0.4605124384366177, 0.4725363558611354, 0.48494174452246847, 0.547290302208952, 0.6010966961448257, 0.6396680671621013, 0.671862099621747, 0.6986691440279419, 0.7166292482131237, 0.7339384616226763, 0.7497648733693201, 0.763689356881219, 0.775214723235852, 0.7855717708935609, 0.7915604307844832, 0.7968301837508743, 0.8041509361685933, 0.8110140952709559, 0.8173025463883942, 0.8229537396817594, 0.8280076940317411, 0.8323707862480266, 0.8349442586705491, 0.8386751840243468, 0.8424102949935037, 0.8459204044696447, 0.8488343627871694, 0.8517579210771097, 0.8546109457273741, 0.8572926199114, 0.8598598539829254, 0.8622450224451117, 0.8644501192344202, 0.8665754601762101, 0.868633919471019, 0.8705559525940869, 0.872301268416482, 0.8736500035266619, 0.8732507152331842, 0.8743930273764843, 0.8758045447033804, 0.87723285443074, 0.878544485246813, 0.8798586315399891, 0.8811157615603628]
############## TEST MEAN_IOU ############## 
0.8819584001194347
