############## TRAIN LOSS ############## 
[0.18069371032352383, 0.09217904783735001, 0.04789867174081706, 0.03453623950858978, 0.029586734999021567, 0.026830862188158004, 0.020989250391721725, 0.021691655079406257, 0.018141406402621116, 0.018268425143449694, 0.016837234895147785, 0.016079302232183918, 0.0191282842283112, 0.015319368795718293, 0.015278253046720213, 0.024411953041783056, 0.037862052322944276, 0.017514277680625988, 0.016630966423985524, 0.02016927967653484, 0.015300551917076716, 0.014147988171316683, 0.013995630216684091, 0.013720974587281613, 0.01352610470840355, 0.014158458955510444, 0.02292700643600846, 0.019987527277899552, 0.014836649322328536, 0.014481047876305072, 0.013602553961194447, 0.01329780073609908, 0.013093333521455124, 0.013437760657177784, 0.01389823782547201, 0.01346059437727908, 0.01279325647644598, 0.012661135141939126, 0.012544644307471006, 0.0123409435681596, 0.012833342771045864, 0.013451425298872227, 0.014725024258164136, 0.027393099096779887, 0.017530578723479365, 0.015192411368007998, 0.01278760947438108, 0.012436757622462874, 0.012446260092326918, 0.012056696615685281, 0.011898022862402973, 0.01221242010266193, 0.01177415405274243, 0.012232548318098526, 0.012050723241692459, 0.012079663508622026, 0.011949534697860881, 0.011949880882418034, 0.012427454408434397, 0.012122691067791468, 0.012693436725090284]
############## VALIDATION LOSS ############## 
[0.25703277745667624, 0.0744299693580936, 0.16878045700928745, 0.09113337735042852, 0.08225158601999283, 0.03251287226072129, 0.06700512892840539, 0.03258952432695557, 0.0320551932844169, 0.024698235204114634, 0.02758693086969502, 0.06029980870730737, 0.018275786355576095, 0.021608379422960913, 0.01786398862981621, 0.1129594850627815, 0.017576948520453536, 0.01750525911612546, 0.020732236533042264, 0.01917604239219252, 0.01612239528228255, 0.01715276719016187, 0.01871524381396525, 0.01679127715418444, 0.01732431341181783, 0.016791622674859622, 0.03639165640753858, 0.01443509157637463, 0.015159053700592588, 0.015155382043517688, 0.016741699100855517, 0.016484531573951244, 0.01630968362202539, 0.01631890278419151, 0.01420516665915356, 0.014318443232161157, 0.016093384556691435, 0.015444548170575324, 0.017350046429783106, 0.016384261632886005, 0.012333364636801621, 0.01743844652767567, 0.015099269639262381, 0.01968724885955453, 0.014450307415031335, 0.013456335099523558, 0.013785956619197832, 0.01410880287670914, 0.014897343565655105, 0.015769728349850458, 0.014180613955592407, 0.012448178741204389, 0.015400356366573012, 0.013173789991175426, 0.0136665848960333, 0.01239653569920098, 0.01245999226675314, 0.01251606410369277, 0.01599758931928698, 0.0165118093821494, 0.014422829783357242]
############## TEST LOSS ############## 
0.0342243864003456
############## TRAIN MEAN_IOU ############## 
[0.4607166671068282, 0.49975370313670187, 0.5888289136661066, 0.6426473404910114, 0.6859483960512522, 0.7158423021838471, 0.7422976155538816, 0.7617581232979491, 0.7785626452516865, 0.7923644990534395, 0.8040033522489909, 0.8140330129378551, 0.8209661080225094, 0.828267892872965, 0.8348156548029667, 0.8406785948050989, 0.8382318027921625, 0.8418080750349406, 0.8459118757698987, 0.8492879029866811, 0.8526882372192435, 0.8562775946952201, 0.859595952807246, 0.862644836306572, 0.8654846017425125, 0.8680678295928079, 0.8703786122637827, 0.870849213084659, 0.8726833015680313, 0.8746586836673118, 0.8765437925184095, 0.8783776756073978, 0.8801211622115728, 0.8817802099762736, 0.8832229859120136, 0.8846374174227586, 0.8860523008011483, 0.8874212177218618, 0.8887222731435621, 0.889967605068877, 0.8911449208452895, 0.8922405698009439, 0.8931052201503032, 0.8937603025823027, 0.8936996886859069, 0.8943854558306772, 0.89525118671559, 0.8961697462442759, 0.8970518249112207, 0.8979029148011595, 0.8987372630351299, 0.8995495196935293, 0.9003246470883086, 0.9010733361985233, 0.9017930506048976, 0.9024935537898863, 0.9031795802954081, 0.9038393706888765, 0.90445532750439, 0.9050384405496958, 0.9056212064382192]
############## VALIDATIONMEAN_IOU ############## 
[0.4607166671068282, 0.49975370313670187, 0.5888289136661066, 0.6426473404910114, 0.6859483960512522, 0.7158423021838471, 0.7422976155538816, 0.7617581232979491, 0.7785626452516865, 0.7923644990534395, 0.8040033522489909, 0.8140330129378551, 0.8209661080225094, 0.828267892872965, 0.8348156548029667, 0.8406785948050989, 0.8382318027921625, 0.8418080750349406, 0.8459118757698987, 0.8492879029866811, 0.8526882372192435, 0.8562775946952201, 0.859595952807246, 0.862644836306572, 0.8654846017425125, 0.8680678295928079, 0.8703786122637827, 0.870849213084659, 0.8726833015680313, 0.8746586836673118, 0.8765437925184095, 0.8783776756073978, 0.8801211622115728, 0.8817802099762736, 0.8832229859120136, 0.8846374174227586, 0.8860523008011483, 0.8874212177218618, 0.8887222731435621, 0.889967605068877, 0.8911449208452895, 0.8922405698009439, 0.8931052201503032, 0.8937603025823027, 0.8936996886859069, 0.8943854558306772, 0.89525118671559, 0.8961697462442759, 0.8970518249112207, 0.8979029148011595, 0.8987372630351299, 0.8995495196935293, 0.9003246470883086, 0.9010733361985233, 0.9017930506048976, 0.9024935537898863, 0.9031795802954081, 0.9038393706888765, 0.90445532750439, 0.9050384405496958, 0.9056212064382192]
############## TEST MEAN_IOU ############## 
0.9055416941642761
