############## TRAIN LOSS ############## 
[0.20301807404974023, 0.12590734544839408, 0.06504293731287927, 0.039602370668404004, 0.030913065760270565, 0.02528876402239139, 0.02850703217366056, 0.02116187465867984, 0.020597271067467896, 0.017990546216055548, 0.022396189648330816, 0.01721024598510986, 0.024034131343501644, 0.018380190425149694, 0.0158151517798369, 0.015168647904804832, 0.015927653511155496, 0.018043336096672795, 0.014681426669798187, 0.014243531739339232, 0.014481246030914623, 0.01395294683469409, 0.01373742096994475, 0.013415723309122227, 0.028799881261924433, 0.017240501065562304, 0.015460721453072855, 0.013678824233293935, 0.013573085628072353, 0.01499809360924504, 0.01567486862375124, 0.013150027024912069, 0.013241903352979067, 0.023374490298305614, 0.014073965363078625, 0.013194397268061703, 0.012743195997098007, 0.01243287921455261, 0.013348193924144111, 0.012275676636302189, 0.012653076240943896, 0.01622725648465692, 0.01287540581983489, 0.012800206310694685]
############## VALIDATION LOSS ############## 
[0.19389594214804032, 0.22799132676685557, 0.09500779080040314, 0.15006803589708664, 0.4317627216086668, 0.5242166764595929, 0.054997037712703735, 0.09054416648167021, 0.08358629628577653, 0.08803804185898866, 0.039469216073698854, 0.02084041542976218, 0.02384573851218995, 0.033617635805378944, 0.020464919671854553, 0.019320063539506757, 0.013400856706806841, 0.018203542485614035, 0.01925243922125767, 0.01638060884878916, 0.015327086946105255, 0.016644262571764344, 0.014150436337598982, 0.012733429779901224, 0.03522455106105875, 0.01586404727662311, 0.014622293960522203, 0.016002061530290282, 0.013936654116739245, 0.020114448222824755, 0.014817701515686862, 0.013727370622184347, 0.014927978983477634, 0.013141636764082839, 0.02010602005483473, 0.016826312276808655, 0.013178317341953516, 0.016086254570194903, 0.014196264776675141, 0.01584331058513592, 0.01612560190808247, 0.014026817536967643, 0.014645360273254268, 0.013295749941950335]
############## TEST LOSS ############## 
0.03641952136249253
############## TRAIN MEAN_IOU ############## 
[0.46043574880506544, 0.47603693483649073, 0.5198082708426424, 0.5929291014735764, 0.6412916304291906, 0.6722467142987896, 0.6953549372988779, 0.718943785171251, 0.738108520974984, 0.7543687506301983, 0.7671952992677689, 0.7792744096871969, 0.789838666045988, 0.7973240646156105, 0.8055347474040212, 0.8130899341525258, 0.8194092733634485, 0.8249023754048992, 0.8302161911049405, 0.835217992598946, 0.8397226994102066, 0.8438534962164389, 0.8477115546529358, 0.8512588932707503, 0.8540479198500917, 0.8549091046726381, 0.8575758080224734, 0.8602096067892538, 0.8627789540065302, 0.8651773704064859, 0.867030293152139, 0.8691012694223507, 0.8711417418073963, 0.8724211426200094, 0.8739304884865478, 0.8756105041987187, 0.8772674476778185, 0.8788668299848968, 0.8803638111095171, 0.8817742829387253, 0.8831626724552464, 0.8843007426004152, 0.8854494860043397, 0.886663528310286]
############## VALIDATIONMEAN_IOU ############## 
[0.46043574880506544, 0.47603693483649073, 0.5198082708426424, 0.5929291014735764, 0.6412916304291906, 0.6722467142987896, 0.6953549372988779, 0.718943785171251, 0.738108520974984, 0.7543687506301983, 0.7671952992677689, 0.7792744096871969, 0.789838666045988, 0.7973240646156105, 0.8055347474040212, 0.8130899341525258, 0.8194092733634485, 0.8249023754048992, 0.8302161911049405, 0.835217992598946, 0.8397226994102066, 0.8438534962164389, 0.8477115546529358, 0.8512588932707503, 0.8540479198500917, 0.8549091046726381, 0.8575758080224734, 0.8602096067892538, 0.8627789540065302, 0.8651773704064859, 0.867030293152139, 0.8691012694223507, 0.8711417418073963, 0.8724211426200094, 0.8739304884865478, 0.8756105041987187, 0.8772674476778185, 0.8788668299848968, 0.8803638111095171, 0.8817742829387253, 0.8831626724552464, 0.8843007426004152, 0.8854494860043397, 0.886663528310286]
############## TEST MEAN_IOU ############## 
0.8873457818320303
