############## TRAIN LOSS ############## 
[0.1870162487533447, 0.10480335052754428, 0.05167296494835535, 0.031105199772109453, 0.02177376376238425, 0.017850564298773738, 0.014637651658189055, 0.014964469365549047, 0.0178017933236284, 0.013452707921985435, 0.012914534393899344, 0.012135898555956176, 0.012189593474456185, 0.012090204494401208]
############## VALIDATION LOSS ############## 
[0.20101247464909272, 0.06746012520264177, 0.04063454018357922, 0.15454368161804535, 0.01550924641025417, 0.018596006666912752, 0.020018655368510413, 0.041319867048193425, 0.01485612237935557, 0.08148753489641582, 0.016093521598069108, 0.015044833807384266, 0.030898661297910354, 0.015920631970991108]
############## TEST LOSS ############## 
0.06283742161185453
############## TRAIN MEAN_IOU ############## 
[0.46693506313336863, 0.4886509129727209, 0.5657324859419385, 0.6414587529929908, 0.6914792322629207, 0.7306032301606359, 0.7600254235235421, 0.7823155735795563, 0.797764666177131, 0.8117734556262558, 0.822678771776122, 0.8327564041356783, 0.8411641302140983, 0.8484303947236087]
############## VALIDATION MEAN_IOU ############## 
[0.4767985834794886, 0.5221729103256675, 0.6082599548732534, 0.6691320608643925, 0.7131408698418561, 0.7465376503327313, 0.7722505541408763, 0.7913075299823985, 0.8050893124412087, 0.8175877052194932, 0.8278930678087122, 0.8371277732007644, 0.8450035487904268, 0.8517754603834713]
############## TEST MEAN_IOU ############## 
0.8513533223759044
