############## TRAIN LOSS ############## 
[0.18528909266397758, 0.09974530847692811, 0.04456044893359413, 0.03255009828009517, 0.02008874655852245, 0.021892411813668505, 0.015381712878651515, 0.014583926713975097, 0.013569760863115458, 0.013289390424442655, 0.012558707039224336, 0.012259657884872443, 0.023130799634256273, 0.02603891770657454, 0.014197853069777626, 0.012726310631134422, 0.012016680915965824, 0.011394097793822151, 0.011425475753541733, 0.011348401385082587, 0.01112761497308777, 0.011093036740439365, 0.011015075400496859, 0.01062757765710656, 0.010550020265745351, 0.01024888756345152]
############## VALIDATION LOSS ############## 
[0.22397426209029028, 0.10005039195804034, 0.06998461112380028, 0.03473525121808052, 0.03605392000035328, 0.13313422899912386, 0.39015182962312417, 0.04392945191220326, 0.02595925090067527, 0.14334492407300892, 0.042911935488090795, 0.02489407464642735, 0.04294893802965388, 0.03221178843694575, 0.018489782698452473, 0.017942939556258565, 0.022441135335932758, 0.01663017020944287, 0.015902093282955533, 0.017300688278149155, 0.015255507026963374, 0.030497595886973775, 0.022231897996628985, 0.022101608050220153, 0.01925735460484729, 0.01563479406211306]
############## TEST LOSS ############## 
0.05511990341950546
############## TRAIN MEAN_IOU ############## 
[0.466943696141243, 0.4943705299818838, 0.5741050392389297, 0.6486009379496446, 0.6982399136633486, 0.7348549277395815, 0.7608247266427891, 0.7790495676768793, 0.7961197737100962, 0.8104430686783146, 0.8211371544245127, 0.8311683648341411, 0.839346459588489, 0.8397343428553762, 0.8449562961185301, 0.8506460938904736, 0.8559692542295199, 0.860768801054439, 0.8652069419622421, 0.8691585655953433, 0.8728030074287105, 0.8761190848576056, 0.8790548512259045, 0.8818792616193359, 0.8845563478566505, 0.887016890016762]
############## VALIDATION MEAN_IOU ############## 
[0.47729336864808025, 0.528678297996521, 0.6172692284864538, 0.6753122841610628, 0.7195963508942548, 0.748435006422155, 0.7706879272180445, 0.7882089614868164, 0.8037765376708087, 0.8159551304929397, 0.8263455348856309, 0.835470998988432, 0.840078658917371, 0.84219790206236, 0.8478854193406946, 0.8534213024027207, 0.858505929217619, 0.8631539695403155, 0.8672951424823088, 0.8710636566666996, 0.874521206406986, 0.8776425824445837, 0.8805070694755105, 0.8832568701575784, 0.8858166547382579, 0.888214788016151]
############## TEST MEAN_IOU ############## 
0.8876312364231457
