############## TRAIN LOSS ############## 
[0.18950619941224922, 0.1432884769967279, 0.08953718101052013, 0.058616446419241464, 0.03643647656851524, 0.026879289055343817, 0.01969453686143498, 0.017038534889375238, 0.016843203647137695, 0.014278719025487835, 0.013783354985502523, 0.013185263139422278, 0.013053946197032928, 0.013445366617619386, 0.06280638454670741, 0.04894330984333883]
############## VALIDATION LOSS ############## 
[0.14374264373498805, 0.15762579397243612, 0.16186639359768698, 0.23175547469188185, 0.027419691521893528, 0.02977035249419072, 0.017535927705466747, 0.030861950698582566, 0.017902496161268038, 0.023959953063989386, 0.014732245684546582, 0.015576782033723943, 0.02689386882326182, 0.015467018108157551, 0.07452757086823969, 0.025755514555117664]
############## TEST LOSS ############## 
0.05184275398425984
############## TRAIN MEAN_IOU ############## 
[0.46694951182281647, 0.4773296981647208, 0.5028203800320625, 0.5519213990585224, 0.5985506007800231, 0.6452943964584453, 0.6821234685343665, 0.7123327428424681, 0.7354513861843057, 0.7551615044877336, 0.7715712882377006, 0.7856945290758803, 0.7971718444212063, 0.8071917653889269, 0.8133516637860118, 0.8073012256944502]
############## VALIDATION MEAN_IOU ############## 
[0.47692861802437725, 0.4847807253108305, 0.5260996082249809, 0.5760795544175541, 0.6239443982348722, 0.6647970185560339, 0.698406408814823, 0.7248397048781899, 0.745844890089596, 0.7638802037519568, 0.7788875383489272, 0.7916557858971989, 0.802475796026342, 0.8117156484547783, 0.8095155814114738, 0.8083518077345455]
############## TEST MEAN_IOU ############## 
0.8080198165142175
