############## TRAIN LOSS ############## 
[0.1862393886958425, 0.10216106262964171, 0.05003736654573397, 0.0374258435331285, 0.024189886964253476, 0.01761785289901938, 0.015608909555610168, 0.014739898008269232, 0.013885486002608732, 0.01342757888817908, 0.013593183040644068, 0.014679497894453438, 0.012940823393118745, 0.012081743526347988]
############## VALIDATION LOSS ############## 
[0.1534328364274081, 0.07658389517489601, 0.0523024136748384, 0.1213279112296946, 0.028187196263495612, 0.02426188373390366, 0.04708928718943806, 0.02719338408068699, 0.021961532040115667, 0.037568651304087215, 0.02344699587453814, 0.0342057485900381, 0.026121565688620594, 0.03105229846037486]
############## TEST LOSS ############## 
0.10213614077956387
############## TRAIN MEAN_IOU ############## 
[0.46695090991419713, 0.4894916449446936, 0.5632758386231758, 0.6393840429750649, 0.6846123607577504, 0.7238649073484782, 0.7540802258897472, 0.7766423857695347, 0.7944412299910107, 0.809138134927363, 0.8208371457215902, 0.8305670465971973, 0.8384693844898327, 0.8458817303180695]
############## VALIDATION MEAN_IOU ############## 
[0.4769596808096942, 0.5204182793112362, 0.6072793287389419, 0.6629763631259694, 0.7060457082355723, 0.7404554626520943, 0.7663593888282776, 0.786265005083645, 0.8022992120069616, 0.815318647552939, 0.8259859120144564, 0.834595617126016, 0.842351331430323, 0.8492682996918174]
############## TEST MEAN_IOU ############## 
0.8473388173363425
