############## TRAIN LOSS ############## 
[0.18600564324171157, 0.11489229317049722, 0.05599903457521184, 0.03715817747964851, 0.022775871213525534, 0.01784231550865681, 0.014983614233347613, 0.014379607780987548, 0.026890128602374445, 0.01621810711819578, 0.013275306203050187, 0.012855744008226571, 0.012107085688291368, 0.012027035007958074, 0.01162661165250717, 0.011665295564091287, 0.011275641639037309]
############## VALIDATION LOSS ############## 
[0.2635389084325117, 0.22724847670863657, 0.050773893428199435, 0.07044448429609046, 0.030599475619109237, 0.03348876503022278, 0.025436352828846258, 0.016785772188621408, 0.022627635694601956, 0.01878555606612388, 0.02460674536140526, 0.01387052857043112, 0.029331483275574798, 0.02656401354162132, 0.018361589268726462, 0.01673589991953443, 0.02020240095717942]
############## TEST LOSS ############## 
0.09370665834708647
############## TRAIN MEAN_IOU ############## 
[0.4669473932401554, 0.4834914122884338, 0.5386872356002396, 0.6156191926550221, 0.6682115156908293, 0.7102452230614584, 0.741959152189461, 0.766402281216673, 0.7843520492315292, 0.7951417633810559, 0.8080727550629023, 0.819111788997779, 0.8284115726883347, 0.8365335307411246, 0.8436005965277955, 0.8499209909020243, 0.8555333018302917]
############## VALIDATION MEAN_IOU ############## 
[0.47714122779229107, 0.5008946639650008, 0.5817902894581065, 0.6436039349612068, 0.6912946911419139, 0.7275667295736425, 0.7553043049924514, 0.7767100930213928, 0.7887485342867234, 0.8019255329580868, 0.813799987821018, 0.8239148785086239, 0.8327255739885218, 0.8402606774778927, 0.8469412221628076, 0.8528571304152993, 0.8581829491783591]
############## TEST MEAN_IOU ############## 
0.8564915219942729
