############## TRAIN LOSS ############## 
[0.18557439125268846, 0.10308211727218854, 0.04577353105855149, 0.032196450701637847, 0.020685628078550705, 0.016853512334008072, 0.01497285531179325, 0.02000174336009533, 0.014954984433495917, 0.01324716375863834, 0.01278010946132142, 0.012172985516765432, 0.01178867806919624, 0.01177162171744213, 0.012943159848627811, 0.011731682546638153]
############## VALIDATION LOSS ############## 
[0.19191067972603967, 0.1211773718104643, 0.04030756389393526, 0.0282349395839607, 0.025612771018024755, 0.0177005430793061, 0.018359643297598642, 0.5561866409638349, 0.023541274699656403, 0.034438019125338865, 0.015519586391746998, 0.031881564735051465, 0.1295064624179812, 0.7293317957836039, 0.021243167931542677, 0.03238339634502635]
############## TEST LOSS ############## 
0.09317396436676835
############## TRAIN MEAN_IOU ############## 
[0.4669516392656275, 0.4910449113797497, 0.5655952994082425, 0.6452280327274993, 0.6965006815420615, 0.7358437357722102, 0.7648274205826424, 0.7862552412458368, 0.793420779543954, 0.8078489376081003, 0.8196645769718531, 0.8300600579461536, 0.8384256938824782, 0.8450086257747702, 0.8461126967056377, 0.8520664447868193]
############## VALIDATION MEAN_IOU ############## 
[0.47698525996769175, 0.521433462114895, 0.6112585383303025, 0.6730910013703739, 0.7183605467571932, 0.7517520469777724, 0.776828993769253, 0.7897807535003213, 0.8010719453587252, 0.8140942103722516, 0.8250664753072402, 0.8343727658776676, 0.8419388182022992, 0.8457927423364976, 0.849222670583164, 0.8548182634746327]
############## TEST MEAN_IOU ############## 
0.8532022042707963
