############## TRAIN LOSS ############## 
[0.1879473986053789, 0.1135394543510031, 0.060064782891925926, 0.0453965466633137, 0.026903390790008613, 0.019125210225103877, 0.01645077923564492, 0.015722040433084238, 0.014502215853615387, 0.013786961931760449, 0.014015172177145409, 0.012800036737619824, 0.012375579086585424, 0.012062214547768235, 0.011625365813489299, 0.011880188809103659, 0.013081927853007172, 0.011608462396858109]
############## VALIDATION LOSS ############## 
[0.14829865360961242, 0.11312481278882307, 0.07431920628775568, 0.03343534995527828, 0.0196150693056338, 0.01765789864036967, 0.024708060602493146, 0.015894795165342444, 0.015246916233616717, 0.02325395741226042, 0.01944729368038037, 0.015931181609630585, 0.01374075370018973, 0.014781916212728795, 0.019313736435245064, 0.017244419521268678, 0.017762584009153003, 0.016421953544897193]
############## TEST LOSS ############## 
0.05134414686736735
############## TRAIN MEAN_IOU ############## 
[0.4669447575469275, 0.48440251076543656, 0.5435119388071267, 0.6164653393867854, 0.6646699768465918, 0.7064048180709014, 0.7387221044785267, 0.7630068071790643, 0.7819946847251944, 0.7978115601314081, 0.8105927009034801, 0.8214597178472055, 0.8305848571094306, 0.8387208641380877, 0.8457703352779955, 0.8519802693579648, 0.8573740817405082, 0.8619182113860104]
############## VALIDATION MEAN_IOU ############## 
[0.47686925881049214, 0.5079140347592971, 0.5844141875996309, 0.6401805807562435, 0.6874260832281673, 0.7240704999250525, 0.7518708074794096, 0.7731429198208977, 0.7904612351866329, 0.80458884379443, 0.8160942863015568, 0.8261925718363594, 0.8348841632113737, 0.8424346131436965, 0.8490519173005048, 0.8548396615421071, 0.8597014581455904, 0.8642778747222003]
############## TEST MEAN_IOU ############## 
0.8633257948991024
