############## TRAIN LOSS ############## 
[0.18812296685536165, 0.11667851965270333, 0.07144922267242863, 0.041994633455131505, 0.0258104882416995, 0.019776188652031124, 0.016764378678557033, 0.015647932591319486, 0.014256985647276649, 0.013801454276954, 0.012995390234061995, 0.013186591734002167, 0.01260035569666306, 0.026142386766779865, 0.014729489229392965, 0.013015971723566385, 0.012005611933214037, 0.011360832641052233, 0.011248270899208414, 0.011068027466535568, 0.01120228594408144, 0.01095835486351437, 0.01087457376431573, 0.01092779659036849, 0.010621316397461939, 0.01028965034748654]
############## VALIDATION LOSS ############## 
[0.14456515890710495, 0.2468949144377428, 0.037308428436517715, 0.03952420579598231, 0.02044564178761314, 0.03165523855782607, 0.028314665179042256, 0.02396951467894456, 0.01854249440571841, 0.06380263732417542, 0.043809233397683674, 0.029790736077462927, 0.015704553163446048, 0.03987482036737835, 0.015555092133581638, 0.019747288404580426, 0.017000974101178786, 0.014762417468077996, 0.018418591086040523, 0.026151875937905383, 0.011627210742410491, 0.02615716784973355, 0.025384076734018678, 0.027655583203715438, 0.017193422762348372, 0.03112091775983572]
############## TEST LOSS ############## 
0.09548863226717169
############## TRAIN MEAN_IOU ############## 
[0.46694379380425893, 0.4823156053552756, 0.5307254501291223, 0.5992452993586257, 0.6541226888830597, 0.6977385459719477, 0.7299097611291988, 0.7550809488103196, 0.7748667911903279, 0.7912790610178096, 0.8040466268320341, 0.8153118901961559, 0.8245218786838893, 0.8318774402141571, 0.8357198532368686, 0.8422292551478824, 0.8481075139464559, 0.8534285337538332, 0.8583489648393683, 0.8627017253154033, 0.8666828721761703, 0.8703772494116345, 0.8736653174902942, 0.8767260075420946, 0.8795247412211186, 0.8821834494938722]
############## VALIDATION MEAN_IOU ############## 
[0.47686658361378836, 0.5031929717344397, 0.5654549563632292, 0.6285517355974983, 0.6780332432073706, 0.7152633386499742, 0.7435745386516347, 0.765700803083532, 0.7836581714013043, 0.7979996379683999, 0.8099325194078333, 0.8200420316527871, 0.828957669875201, 0.8325628182467293, 0.8391202512909385, 0.8452878945014056, 0.8509316023658303, 0.8560725871254417, 0.8606424822526819, 0.8647801946191227, 0.8685645811698016, 0.8720923977739671, 0.8752659559249878, 0.8781750026871177, 0.8808916491620681, 0.8834358243381276]
############## TEST MEAN_IOU ############## 
0.8821235822908806
