############## TRAIN LOSS ############## 
[0.18733966254906073, 0.11147303924568601, 0.067218675844472, 0.03837970802182886, 0.02518362972281269, 0.019713871640379767, 0.01652890456701956, 0.015203916643922394, 0.014510092740828122, 0.013851817489626843, 0.014063362696057034, 0.012915441778966703, 0.01229133878872302, 0.04016242503830408]
############## VALIDATION LOSS ############## 
[0.13581253851161285, 0.1337564714691218, 0.05510521745857071, 0.04154626795035951, 0.014185652136802673, 0.019554955994381625, 0.033465860356741095, 0.016457684009390718, 0.013880466220571715, 0.022061870269039097, 0.031762594466700274, 0.02863503176280681, 0.033976254382115954, 0.14224757560912302]
############## TEST LOSS ############## 
0.1846846409819343
############## TRAIN MEAN_IOU ############## 
[0.46693662292248495, 0.48480105883366353, 0.5364921717224894, 0.6058187694162935, 0.6612133617336685, 0.704636415517008, 0.7370501555301048, 0.7616396566500535, 0.781107302855801, 0.79705403704901, 0.8098669797182083, 0.8205081063347894, 0.8296182481823741, 0.8374211349197336]
############## VALIDATION MEAN_IOU ############## 
[0.47680246304063234, 0.5027556910234339, 0.5699296067742741, 0.6360792763092938, 0.685366013470818, 0.7223536407246309, 0.7503786122097689, 0.7721469647744122, 0.7896025566493764, 0.8038965253268971, 0.8153501924346475, 0.8252227060935077, 0.8338745902566349, 0.8361496399430668]
############## TEST MEAN_IOU ############## 
0.8241357048352559
