############## TRAIN LOSS ############## 
[0.18572919775505323, 0.10018468235392829, 0.043690836831071486, 0.03899830789934542, 0.02091660167442987, 0.016802090581984737, 0.01468231708969216, 0.013935014476521394, 0.013507794783878568, 0.013099921898714997, 0.012317251593403116, 0.012321427646974052, 0.012582624016480672, 0.011940141862912758]
############## VALIDATION LOSS ############## 
[0.22568766159169815, 0.09125780204639715, 0.05032523787196945, 0.029236559591749135, 0.019550240653402665, 0.020487255142892107, 0.020729364389005828, 0.023313688004718107, 0.016004701254560667, 0.01871992598342545, 0.02964207738199655, 0.04584002494812012, 0.0441236718393424, 0.03350620464805294]
############## TEST LOSS ############## 
0.09504689009803714
############## TRAIN MEAN_IOU ############## 
[0.46692733627718847, 0.4913408117922577, 0.57541935347222, 0.6488547494282594, 0.6951952616910677, 0.7342613629392676, 0.7633978756698402, 0.7856034068642436, 0.8026076676072301, 0.8166065421458837, 0.8280726063090402, 0.8377681511479456, 0.8453443763223855, 0.8521664686299659]
############## VALIDATION MEAN_IOU ############## 
[0.47686153124360475, 0.5293653396999135, 0.6198405132574194, 0.6716738939285278, 0.7169260417713839, 0.7502436252201304, 0.7755031200016246, 0.7947715661104988, 0.810085117816925, 0.8226644817520591, 0.8331424208248362, 0.8417162053725299, 0.8489082315388847, 0.8553248047828674]
############## TEST MEAN_IOU ############## 
0.8527648947455666
