############## TRAIN LOSS ############## 
[0.18356324097997434, 0.09783068571139027, 0.04044413280899863, 0.026897765356241853, 0.01898276265962301, 0.016410204698331654, 0.014313443969758982, 0.015425099324233629, 0.01356916657862933, 0.012585630404410532, 0.01229090233824241, 0.012436570486406217, 0.027879796207983146, 0.015938411454191885]
############## VALIDATION LOSS ############## 
[0.3663717070046593, 0.07317779914421194, 0.06268570111954913, 0.038296061951447934, 0.07852865914430689, 0.024886031744672972, 0.023850531372077325, 0.06888679557425134, 0.021367010824820575, 0.09217721421052427, 0.03812716424684314, 0.04352621799882721, 0.03964176763068227, 0.036028277348069584]
############## TEST LOSS ############## 
0.09220073042493877
############## TRAIN MEAN_IOU ############## 
[0.4669803699126115, 0.49718138072136286, 0.576711454504245, 0.6532997142624211, 0.706047040787903, 0.7422151923985094, 0.77022043112162, 0.7910334906868033, 0.8060944926094364, 0.8197003607008908, 0.8299374934789296, 0.8393333449557021, 0.8455964451706087, 0.8486375333489599]
############## VALIDATION MEAN_IOU ############## 
[0.47935166253763084, 0.5296000803218168, 0.6210652659921085, 0.6828610511387095, 0.7262589019887588, 0.757500988595626, 0.7817538485807531, 0.7990318361450645, 0.8133519116569968, 0.8251576704137465, 0.8348605913274428, 0.8431699521401349, 0.8460713379523334, 0.8514814306707943]
############## TEST MEAN_IOU ############## 
0.8487504410021233
