############## TRAIN LOSS ############## 
[0.22471538065253077, 0.1718686418356122, 0.17830528761889483, 0.1839196424226503, 0.16863421552084587, 0.15888948396251007, 0.15255050703480438, 0.19169074498318336, 0.16464756348648588, 0.1627233060630592, 0.12504143892107783, 0.11532538062011874, 0.10644848101042412, 0.10081212665583636, 0.09333680630535693, 0.08563441450934152, 0.07779398359156944, 0.07051278066796225]
############## VALIDATION LOSS ############## 
[0.18582570114556482, 0.2791489906170789, 0.19600606928853428, 0.1828797477133134, 0.28948938145357017, 0.28725716822287617, 0.23017631208195405, 0.18002249826403224, 0.354317505570019, 0.3934999686830184, 0.43700222232762503, 0.5084829733652227, 0.5631083565599778, 0.6811841831487768, 0.4915060348370496, 0.45623617312487436, 0.43110185335664186, 0.33305785410544453]
############## TEST LOSS ############## 
0.2902567641301589
############## TRAIN MEAN_IOU ############## 
[0.4530784173591717, 0.4718430694696066, 0.47308594632793116, 0.47298268691913503, 0.47278121274870794, 0.47306855304821116, 0.4730737177101341, 0.4731079871590073, 0.47304149576135585, 0.47299903631210327, 0.47324731784897883, 0.4740068856123331, 0.4763194564226511, 0.4806276978673162, 0.4857266190889719, 0.49182445213601395, 0.49890014690321843, 0.5066317335979359]
############## VALIDATION MEAN_IOU ############## 
[0.47181283901719484, 0.4724130244816051, 0.4732668434872347, 0.4729486493503346, 0.4729231631054598, 0.4730837800923516, 0.47313815355300903, 0.47315235523616567, 0.4730613722520716, 0.4731035267605501, 0.473411211196114, 0.4747786136234508, 0.4782242056201486, 0.4830688466044033, 0.4886772106675541, 0.4953048509709975, 0.5027622054604923, 0.5108225836473352]
############## TEST MEAN_IOU ############## 
0.5088793183818008
