############## TRAIN LOSS ############## 
[0.2245510655480462, 0.17822996688050194, 0.1647524809515154, 0.15278011781943812, 0.12235764736259305, 0.10340894376103943, 0.07493950476920283, 0.05469240520048786, 0.06752327759120916, 0.043673272471170164, 0.037213777066082566, 0.03188455064554472, 0.026948093512171024, 0.02326693000724992, 0.021592013663738162, 0.01980366771789016, 0.019477993602285516, 0.018563314970280673, 0.017327678163309355, 0.01749579978452341, 0.016136494137950846]
############## VALIDATION LOSS ############## 
[0.1895131915807724, 0.21575215195908265, 0.1646952690447078, 0.3992632715141072, 0.3826322941219105, 0.7751997744335848, 0.22728267487357645, 0.5520848877289716, 0.17466187827727375, 0.3366672361598295, 0.1082953600322499, 0.2321266268982607, 0.2891807047759785, 0.2470703405492446, 0.26605551383074594, 0.3337736760868746, 0.46217916467610526, 0.3030528163208681, 0.38235604938338785, 0.205103577059858, 0.23721780321177313]
############## TEST LOSS ############## 
0.4273671905199687
############## TRAIN MEAN_IOU ############## 
[0.45308977607134227, 0.4716652559267508, 0.47217395257305456, 0.4736719501985086, 0.47500334398166555, 0.4821196222627485, 0.49454437236528137, 0.5169426879367313, 0.5384116333884161, 0.5577974754410822, 0.5779043999878136, 0.5981172645414198, 0.6158801172230695, 0.6314354200620909, 0.6459923740979787, 0.6589049423063124, 0.6706003353402421, 0.6804341448319925, 0.6903950040404861, 0.6990267779376056, 0.7077108847128378]
############## VALIDATION MEAN_IOU ############## 
[0.47182298758450675, 0.47203299227882833, 0.4736660228056066, 0.474288425024818, 0.47672796775312987, 0.48777565184761495, 0.5041499909232644, 0.529753187123467, 0.5478557733928456, 0.5682393733192893, 0.5883698533563053, 0.6073409353985506, 0.6241530635777641, 0.6391673263381509, 0.6528501230127671, 0.6651802588911617, 0.6759128465371973, 0.6856332070687238, 0.6950247147504021, 0.7035047797595754, 0.7118496719528647]
############## TEST MEAN_IOU ############## 
0.7072057164076603
