############## TRAIN LOSS ############## 
[0.22332378819182114, 0.18039566278457642, 0.1854504705280871, 0.17814212433389714, 0.16301286442054286, 0.15276885757575165, 0.1457450504641275, 0.13873547738468325, 0.1367818743393228, 0.13011541741119848, 0.1281253625009511, 0.12126547078023085, 0.11877006393026661, 0.11552480346447713, 0.1131724471578727, 0.10726171872905783, 0.10371308854302845, 0.09029314807943396, 0.06704919412732124, 0.0497073004576, 0.038753859447063624, 0.030481154527011757, 0.02627569610706052]
############## VALIDATION LOSS ############## 
[0.18291987391079173, 0.18391086336444407, 0.19941313740085154, 0.18514557358096628, 0.18239081256529865, 0.23452519230982838, 0.20848815931993372, 0.22428499337504892, 0.20449285033871145, 0.1762152340482263, 0.18101010427755468, 0.1784828147467445, 0.1689671006272821, 0.17166913344579585, 0.18007947679828196, 0.20038896711433635, 0.19873044771306655, 0.2322594768860761, 0.22184088563217835, 0.3814673160805422, 0.17054593212464275, 0.6878246665000916, 0.4495125412940979]
############## TEST LOSS ############## 
0.6219576447299032
############## TRAIN MEAN_IOU ############## 
[0.4531563866782833, 0.47171071010666926, 0.4727542295649245, 0.4728535897022969, 0.47266073806865794, 0.4725406854539304, 0.47249026556272766, 0.4725195539964212, 0.47263901700844635, 0.4728908756294766, 0.47337014691249746, 0.4743154580528672, 0.47572315866882736, 0.4775207042694092, 0.479596099338016, 0.48227881499238917, 0.4857411811480651, 0.49117269870397207, 0.49842361421198456, 0.509284346490293, 0.5217025247780053, 0.5365740576305905, 0.549060349528854]
############## VALIDATION MEAN_IOU ############## 
[0.4718889927162844, 0.472033548004487, 0.47312044922043295, 0.4728334879173952, 0.47266660367741303, 0.4725632632479948, 0.47256790364489837, 0.472607796683031, 0.4727966680246241, 0.4731588118216571, 0.4737910558195675, 0.475031737019034, 0.4766300601117751, 0.4786195316735436, 0.4808591656825122, 0.4840693351100473, 0.48813961884554696, 0.4941832107656142, 0.5033264440648696, 0.5153308966580559, 0.5289098690537846, 0.5430798951317283, 0.5553954979952644]
############## TEST MEAN_IOU ############## 
0.552492529334444
