############## TRAIN LOSS ############## 
[0.22262059917321075, 0.19093221305189906, 0.17271405861184402, 0.17963709621816068, 0.17654189427156705, 0.16933468648710767, 0.17697854138709404, 0.13886584502619667, 0.1149198092721604, 0.10145196560266856, 0.08511706955126815, 0.07393019283945496, 0.0639397867426679, 0.058070419507252204, 0.048816874824665686]
############## VALIDATION LOSS ############## 
[0.20224176785525153, 0.2025916024165995, 0.20134300256476684, 0.18283561310347388, 0.15423731768832488, 0.30870171855477724, 0.21760156925986796, 0.27506813231636495, 0.36523429611149955, 0.4600037949926713, 0.29836532824179707, 0.6777622699737549, 0.33969375140526714, 0.1812545771107954, 0.2116689550526002]
############## TEST LOSS ############## 
0.1866538735501694
############## TRAIN MEAN_IOU ############## 
[0.45310079809781667, 0.4719102479316093, 0.4720359863461675, 0.47223934853399124, 0.472329299997639, 0.4726727862615843, 0.47312845813261495, 0.47333962530703155, 0.4748623097265089, 0.48003754341924515, 0.48797634968886505, 0.4995755915706222, 0.5126848671887372, 0.5259430199056059, 0.5393972203538224]
############## VALIDATION MEAN_IOU ############## 
[0.4718265323077931, 0.47221142404219685, 0.4721669309279498, 0.4723843441290014, 0.4728191845557269, 0.47283255352693443, 0.47331468498005586, 0.4738425752695869, 0.4765073604443494, 0.48388733057414784, 0.49337059259414673, 0.5058710750411538, 0.5194741557626164, 0.5326210120145012, 0.546496734899633]
############## TEST MEAN_IOU ############## 
0.5441815499103431
