############## TRAIN LOSS ############## 
[0.1441497709339921, 0.06352318349548171, 0.044193094472116626, 0.03236569965749597, 0.030058568132648494, 0.0332550471008814, 0.02743373016182722, 0.023738564793143065, 0.02624656882727396, 0.020760369897674012, 0.029047040350321966, 0.01979203961040643, 0.02519733069936125, 0.01915101228417018, 0.019139360886247805, 0.053053286874159195, 0.09453292171311406, 0.08242309148431765, 0.0775245754467743, 0.07435232774367102, 0.07203681927923164, 0.07012086668416757, 0.06822071755451763, 0.06709268497122738, 0.06599193317700294, 0.06484667428293021, 0.06380588856267717, 0.06318783931180348, 0.06255473879633706, 0.061856820332494705, 0.06107273745153368]
############## VALIDATION LOSS ############## 
[0.13643009913172208, 0.05008870397931805, 0.058794920150117544, 0.04829388653275137, 0.03305486585104875, 0.03560835725910889, 0.02849387426349316, 0.02513119080286546, 0.021202272568902402, 0.024740832287124266, 0.02080452545573387, 0.022133531925432822, 0.024350274224108195, 0.026691696789759377, 0.02163707289169086, 0.10829509049654007, 0.07886054713790323, 0.07289367736152866, 0.06960773851503343, 0.06831909595605205, 0.06523050269221559, 0.06368683050295301, 0.06259071872587882, 0.06198165003283351, 0.06055093693601735, 0.05995522489698202, 0.05976072012209425, 0.059080194809711446, 0.05777400690039583, 0.05870178893354593, 0.05716739720025776]
############## TEST LOSS ############## 
0.0624533036065222
############## TRAIN MEAN_IOU ############## 
[0.4815279522927495, 0.5575143996928189, 0.6582993456238025, 0.7122916148321049, 0.7468389951296754, 0.7693636593249467, 0.785100104438292, 0.7995983913943574, 0.8101033854323465, 0.8200822341012525, 0.826718956433438, 0.8334260069437929, 0.8389601730951318, 0.843944943770095, 0.8483385882667593, 0.8513133721174421, 0.8370009833225259, 0.8235587698516545, 0.8134790920056738, 0.8054323995838294, 0.7987656639637174, 0.7932744336289328, 0.7886759167587435, 0.7847470111540846, 0.781348870144234, 0.7784481333853962, 0.7759564958579905, 0.7737984048487904, 0.771890443925922, 0.770221420840637, 0.768760608794453]
############## VALIDATION MEAN_IOU ############## 
[0.4815279522927495, 0.5575143996928189, 0.6582993456238025, 0.7122916148321049, 0.7468389951296754, 0.7693636593249467, 0.785100104438292, 0.7995983913943574, 0.8101033854323465, 0.8200822341012525, 0.826718956433438, 0.8334260069437929, 0.8389601730951318, 0.843944943770095, 0.8483385882667593, 0.8513133721174421, 0.8370009833225259, 0.8235587698516545, 0.8134790920056738, 0.8054323995838294, 0.7987656639637174, 0.7932744336289328, 0.7886759167587435, 0.7847470111540846, 0.781348870144234, 0.7784481333853962, 0.7759564958579905, 0.7737984048487904, 0.771890443925922, 0.770221420840637, 0.768760608794453]
############## TEST MEAN_IOU ############## 
0.7675222614798883
