############## TRAIN LOSS ############## 
[0.14411375196210133, 0.06778206968698902, 0.06710139114875346, 0.04858000775464068, 0.04175733058880658, 0.04048508809166772, 0.0379856631601846, 0.03561640416618347, 0.032600831166934956, 0.031431206592412664, 0.029759663084405474, 0.028493982774094335, 0.028667054179029882, 0.026955890401081928, 0.025924669296744484, 0.02510605684428073, 0.023953246948482818, 0.025109089247233166, 0.023902299185391638, 0.023149373232405884, 0.02330412351646144, 0.022772763639148104, 0.02146159020943545, 0.021675489083193226, 0.021647498507468502, 0.020788146962831478, 0.02011416013549745, 0.02082233556616343, 0.0199144080405375, 0.020152964439812175, 0.01996661272427413, 0.019398696700820665, 0.019885979553142894, 0.01924956290647904, 0.019198028017018334, 0.018744978033659584, 0.01892934553879067, 0.0187755917954869, 0.018417802330405138, 0.018749218002126367, 0.018194646573737462, 0.018554258845527714, 0.018059558196713427, 0.01837070776375251, 0.0179066031881096, 0.017612044260302454, 0.017557121431932214, 0.017697744488867937, 0.01731269489930849, 0.01717981546760318, 0.016909754645107692, 0.017068098693057476, 0.01725589216464475, 0.016441910086668614, 0.01898566647154488, 0.01637212892804913, 0.016529483980955953, 0.01643499070934496, 0.0166921206998702, 0.01685227555542558, 0.016406269338322007, 0.016022487531757237, 0.015999007320813788, 0.016372370477862812, 0.016251705290709947, 0.01679638625451795]
############## VALIDATION LOSS ############## 
[0.10665535329676726, 0.12458466074666848, 0.05384229185680548, 0.06064301563938167, 0.04852680180806155, 0.042563656144136305, 0.040272655102479106, 0.037372233145231123, 0.03826629659891421, 0.03573645305746764, 0.033483952840826677, 0.030643434756818938, 0.03015014200982656, 0.03309484873441797, 0.0299778497074822, 0.026642980754795466, 0.02693866615813664, 0.02497305033052815, 0.027732785024187145, 0.02925159058341866, 0.02537288130078392, 0.024951981494714524, 0.02595312134180145, 0.02675526769941344, 0.03128065607583552, 0.025250259490099316, 0.024291270330329153, 0.024841987587255882, 0.026350468903889552, 0.022921941270503926, 0.023455924217534417, 0.025243119262478443, 0.025347794043174124, 0.022065290925549527, 0.026581735418671194, 0.029982496527772323, 0.024158618285083304, 0.021314614011869563, 0.02439782730367619, 0.022813585274122365, 0.02378948351514398, 0.021472375723533332, 0.02124878991961333, 0.027215122468952163, 0.020418617342525692, 0.018855855155361853, 0.021723648391700552, 0.02305435237255605, 0.030131159966592404, 0.02196476476577421, 0.02176009965421376, 0.02141288870616871, 0.024515742609533025, 0.02407991968770968, 0.020320655216517693, 0.021681631901575363, 0.024035790300581093, 0.023625949972911793, 0.02365137617943772, 0.020476110955225488, 0.026970461166153353, 0.023402565346081174, 0.02540795838770767, 0.01967210226747043, 0.021678678711931056, 0.019181008644712467]
############## TEST LOSS ############## 
0.035449634499923145
############## TRAIN MEAN_IOU ############## 
[0.4774522051416539, 0.5740836237867674, 0.6303074673355162, 0.6632491342119269, 0.6937713813003119, 0.7170306431414845, 0.7345919674849725, 0.7488063222787402, 0.7609836731005359, 0.771275736123055, 0.7800204962626234, 0.7876889690219819, 0.7945047413577905, 0.800595458630506, 0.8060745349875441, 0.811005513880167, 0.8157581814506032, 0.819914831972874, 0.8236602550825557, 0.827135411065978, 0.8303336058114026, 0.8333616999087033, 0.8362729789034741, 0.8389544372220297, 0.8413742200077117, 0.8436422252708727, 0.8459601232463175, 0.8480635472648853, 0.8500711962177947, 0.8519369203362379, 0.8537694740671296, 0.8554678022324502, 0.8570760948969437, 0.8585628602687303, 0.8600337199933894, 0.8614406423928501, 0.8627243144689379, 0.8640562340885669, 0.8653062937764434, 0.8664902321792938, 0.867615701043391, 0.8687450894498611, 0.8698042274058402, 0.8708208416764801, 0.8717959643349992, 0.8727627450952659, 0.8737012347256815, 0.87459851103323, 0.8754945301392056, 0.8762967463683438, 0.877140561403992, 0.8779619837532172, 0.8787167144117055, 0.879487999857546, 0.8801846792837521, 0.8807987343217876, 0.8815252307030532, 0.882197173731821, 0.8828302136546856, 0.883465964917664, 0.8840899509755341, 0.8846762125959268, 0.8852915994084634, 0.8858626583540762, 0.8864211926723385, 0.8869203327072633]
############## VALIDATION MEAN_IOU ############## 
[0.4774522051416539, 0.5740836237867674, 0.6303074673355162, 0.6632491342119269, 0.6937713813003119, 0.7170306431414845, 0.7345919674849725, 0.7488063222787402, 0.7609836731005359, 0.771275736123055, 0.7800204962626234, 0.7876889690219819, 0.7945047413577905, 0.800595458630506, 0.8060745349875441, 0.811005513880167, 0.8157581814506032, 0.819914831972874, 0.8236602550825557, 0.827135411065978, 0.8303336058114026, 0.8333616999087033, 0.8362729789034741, 0.8389544372220297, 0.8413742200077117, 0.8436422252708727, 0.8459601232463175, 0.8480635472648853, 0.8500711962177947, 0.8519369203362379, 0.8537694740671296, 0.8554678022324502, 0.8570760948969437, 0.8585628602687303, 0.8600337199933894, 0.8614406423928501, 0.8627243144689379, 0.8640562340885669, 0.8653062937764434, 0.8664902321792938, 0.867615701043391, 0.8687450894498611, 0.8698042274058402, 0.8708208416764801, 0.8717959643349992, 0.8727627450952659, 0.8737012347256815, 0.87459851103323, 0.8754945301392056, 0.8762967463683438, 0.877140561403992, 0.8779619837532172, 0.8787167144117055, 0.879487999857546, 0.8801846792837521, 0.8807987343217876, 0.8815252307030532, 0.882197173731821, 0.8828302136546856, 0.883465964917664, 0.8840899509755341, 0.8846762125959268, 0.8852915994084634, 0.8858626583540762, 0.8864211926723385, 0.8869203327072633]
############## TEST MEAN_IOU ############## 
0.8871770351824134
