############## TRAIN LOSS ############## 
[0.15503754617482726, 0.08280073899224082, 0.054817215167457946, 0.03512114543873641, 0.03598952050313463, 0.029572181008244353, 0.02694000488331726, 0.024863547844909812, 0.030222457603953, 0.02126662515260873, 0.01954671635423831, 0.023042514176317176, 0.022497292445149395, 0.01998708592870022, 0.023500626691751316, 0.018354378864665982, 0.017955696380561898, 0.023015159154195455, 0.019058378108286537, 0.018473135434432734, 0.0199894428705037, 0.018699681018063588, 0.016777537094763043, 0.018156574278363806, 0.01650920136553641, 0.019941927566587518, 0.018201806226693203, 0.015904471975297818, 0.016817765318141487, 0.01633091773920069, 0.01636891896978013, 0.01998764768620219, 0.015240607461466655, 0.016416639573093448, 0.014810162012566309, 0.01742016978654409, 0.01636205645184066]
############## VALIDATION LOSS ############## 
[0.13274355528547482, 0.07206527458722978, 0.05938627901852277, 0.07848789122905217, 0.05787188505899964, 0.0341516153421253, 0.028831648464570297, 0.028242859140257624, 0.028691547219732813, 0.022410204519937728, 0.018826006247442875, 0.02124469709016529, 0.030684405451585704, 0.02079515448114013, 0.02416328976944308, 0.02007799030409432, 0.01684035717363597, 0.03238965423923789, 0.019801282465421392, 0.020668983514256337, 0.023873895123674004, 0.021393337143201602, 0.020729211145354545, 0.021689154913046342, 0.019842153043011387, 0.01883656193511378, 0.019414778600227747, 0.017529371912435938, 0.0190517823970831, 0.018679703972998587, 0.018588812073336587, 0.018723009731997187, 0.01965447931148696, 0.018314506182921866, 0.01847808500843159, 0.018999303206025314, 0.018119683387625377]
############## TEST LOSS ############## 
0.03394247104573731
############## TRAIN MEAN_IOU ############## 
[0.4733461419808435, 0.5382749924922848, 0.6110550555828456, 0.6688630447328627, 0.7081542853433807, 0.7355727389589086, 0.7578544474399842, 0.7745766167839369, 0.7878579873222489, 0.7980445611315805, 0.8085496619612247, 0.8166276917264268, 0.8239018582814449, 0.8292509808733657, 0.834538137590563, 0.8391265275107848, 0.8438267846767967, 0.8478346782493161, 0.8506230203149555, 0.8540319985634571, 0.8569680187213529, 0.8592561613600533, 0.8617625635217976, 0.8642789599997504, 0.8664343941050607, 0.8683855097304594, 0.8700833644147392, 0.871890261836417, 0.8736467923264246, 0.875278497869904, 0.8768511652141004, 0.8780693460155178, 0.8792768139559943, 0.8806645456063855, 0.8819399653925551, 0.8831795954757983, 0.8841791411375141]
############## VALIDATION MEAN_IOU ############## 
[0.4733461419808435, 0.5382749924922848, 0.6110550555828456, 0.6688630447328627, 0.7081542853433807, 0.7355727389589086, 0.7578544474399842, 0.7745766167839369, 0.7878579873222489, 0.7980445611315805, 0.8085496619612247, 0.8166276917264268, 0.8239018582814449, 0.8292509808733657, 0.834538137590563, 0.8391265275107848, 0.8438267846767967, 0.8478346782493161, 0.8506230203149555, 0.8540319985634571, 0.8569680187213529, 0.8592561613600533, 0.8617625635217976, 0.8642789599997504, 0.8664343941050607, 0.8683855097304594, 0.8700833644147392, 0.871890261836417, 0.8736467923264246, 0.875278497869904, 0.8768511652141004, 0.8780693460155178, 0.8792768139559943, 0.8806645456063855, 0.8819399653925551, 0.8831795954757983, 0.8841791411375141]
############## TEST MEAN_IOU ############## 
0.8849008194123855
