############## TRAIN LOSS ############## 
[0.13768094520583782, 0.06528861432200977, 0.05404052496279447, 0.2030916056791837, 0.8978831958429858, 0.8979657301791855, 0.8978531456493046, 0.8980146166603545, 0.898146173599747, 0.8977629936639357, 0.897844420353446, 0.8979146314010212, 0.8979935646138266, 0.8974878324543272, 0.89819921041614, 0.8980629463144539, 0.8979781928557553, 0.8980262475798648, 0.8979373415593682, 0.897849406923, 0.8976499943179459, 0.8978538376324654, 0.897986779184232]
############## VALIDATION LOSS ############## 
[0.08380416026521548, 0.08324182205194351, 0.059012970540161226, 0.9405231165274986, 0.9405231165274986, 0.9405231165274986, 0.9405231165274986, 0.9405231165274986, 0.9405231165274986, 0.9405231165274986, 0.9405231165274986, 0.9405231165274986, 0.9405231165274986, 0.9405231165274986, 0.9405231165274986, 0.9405231165274986, 0.9405231165274986, 0.9405231165274986, 0.9405231165274986, 0.9405231165274986, 0.9405231165274986, 0.9405231165274986, 0.9405231165274986]
############## TEST LOSS ############## 
0.8556361830595768
############## TRAIN MEAN_IOU ############## 
[0.48898897873791486, 0.5956899408284608, 0.6537770706791062, 0.6883725458168769, 0.6627262447465647, 0.6293645576985033, 0.60595867205579, 0.5886270818006885, 0.5752685402293463, 0.5646622094350893, 0.5560342813800047, 0.5488762662217423, 0.5428433116894584, 0.5376900745941712, 0.5332355495240237, 0.5293455102422215, 0.5259209298738489, 0.5228828342111261, 0.5201686272347296, 0.5177301406726107, 0.5155269715028841, 0.5135263068987442, 0.5117015223111119]
############## VALIDATION MEAN_IOU ############## 
[0.48898897873791486, 0.5956899408284608, 0.6537770706791062, 0.6883725458168769, 0.6627262447465647, 0.6293645576985033, 0.60595867205579, 0.5886270818006885, 0.5752685402293463, 0.5646622094350893, 0.5560342813800047, 0.5488762662217423, 0.5428433116894584, 0.5376900745941712, 0.5332355495240237, 0.5293455102422215, 0.5259209298738489, 0.5228828342111261, 0.5201686272347296, 0.5177301406726107, 0.5155269715028841, 0.5135263068987442, 0.5117015223111119]
############## TEST MEAN_IOU ############## 
0.5098753136817855
