############## TRAIN LOSS ############## 
[0.14308730450087553, 0.07328868562618883, 0.06136875439853185, 0.03842670463173973, 0.03593429039651423, 0.029445312781725998, 0.026769870070033043, 0.026948672222961496, 0.02766322393578882, 0.024196412179941312, 0.021608810470121448, 0.02191121417775788, 0.02311097890341042, 0.018832385190860904, 0.020376434968417376, 0.018931270084038686, 0.01971186803281468, 0.018702074071182136, 0.017820324622342933, 0.018264184568702272, 0.01871888317188538, 0.020653605269831746, 0.02097290796600728, 0.016480747073908966, 0.01563766134530614, 0.01574688066572996, 0.01793123674737594, 0.01577601687727889, 0.016852764703815425, 0.0176067455849497, 0.016778684353322443, 0.02216450955289507, 0.01606681423156162, 0.015402600989988502, 0.01526791074554428, 0.015194055124110746, 0.019294932953975198, 0.014645292025216715, 0.01614573792856161, 0.014957783105073104, 0.015317100091132496, 0.015072715383269554, 0.016516394604693504, 0.016035631341240718, 0.015448346078108705, 0.01543109896798948, 0.016967973886723713, 0.015469010850505878, 0.015035985865402458, 0.01598767849398362, 0.014679273871577705, 0.014554867377990229, 0.015368113225957967, 0.014356391808915587, 0.016326823468618287, 0.014684391920766487, 0.01798869843009556, 0.01677843610588326, 0.0141147257111427, 0.016160442529473733, 0.01572144919452045, 0.014295563301037963, 0.015531994371248165, 0.014302625099848688, 0.014259262189387972, 0.013980392337867539, 0.014963463303862588, 0.015132189207703574]
############## VALIDATION LOSS ############## 
[0.12605243417270043, 0.0807948163984453, 0.039738599060322434, 0.0826285430778037, 0.051675710078401896, 0.03909782263194667, 0.03909596955111506, 0.037790820869964124, 0.06267957603011061, 0.04126963104285738, 0.02217757012055931, 0.02637166413250288, 0.020479102771930106, 0.01993894664223726, 0.01944245928875627, 0.025174490600714788, 0.06522501328065261, 0.021270059699685696, 0.018251480463910483, 0.01863513053303548, 0.0179397517691969, 0.01722131321416693, 0.022594858123007797, 0.018746455753559942, 0.01739393632263219, 0.018939269650396526, 0.019698072237124685, 0.01769269184282451, 0.02164183093198374, 0.03023565467047578, 0.016835908020855675, 0.019885618306979463, 0.017524944462410548, 0.02314462580982888, 0.02384854631393454, 0.01799840693231946, 0.01578301087640427, 0.016900236843474546, 0.017572368959971593, 0.016203168714555967, 0.016160978465860336, 0.017635323785190636, 0.01770484365161061, 0.017094985082033363, 0.018728292846764603, 0.01564846519870437, 0.01652271318958168, 0.015522031832826506, 0.023806616896763444, 0.017038631062342914, 0.018451023489058783, 0.016474835171738603, 0.017644580140054756, 0.017099700404751096, 0.017704814681886036, 0.016429245890821238, 0.018686090923010316, 0.018141969233778688, 0.015914108551406375, 0.017989838218222847, 0.016326339036573236, 0.01714651386268373, 0.015705802047473388, 0.01934359199595729, 0.01624346682779016, 0.01711357464927121, 0.01704359012821406, 0.016449932576221068]
############## TEST LOSS ############## 
0.038424377647614236
############## TRAIN MEAN_IOU ############## 
[0.47999237484491625, 0.5629159363137709, 0.6263456977568231, 0.6765670601849083, 0.712106910844644, 0.7392306994344737, 0.7613386005028948, 0.7778518057621278, 0.7898800689223651, 0.8002367988228798, 0.8089479859079327, 0.8175136252969235, 0.8240387197416108, 0.8300983513797726, 0.8354965369175146, 0.8404138957460722, 0.8447408494917122, 0.8466874391243264, 0.8503800356039056, 0.8538527602816487, 0.8567285245066291, 0.8591238141462609, 0.8615735028912356, 0.8635244333260769, 0.8660161779807495, 0.8682834747675303, 0.8703384687368935, 0.8722030357331843, 0.8739653023647832, 0.8756684713266991, 0.8767317194525186, 0.8781202040142841, 0.8789207721884186, 0.8803125248030499, 0.881629884914235, 0.8828589766546413, 0.8837610321404697, 0.8848234107633969, 0.8859615846125929, 0.8869471801025374, 0.8879616076613331, 0.8889436426463427, 0.8898044490330929, 0.8906695823948663, 0.8914491134183901, 0.8922205050517847, 0.8929840868657773, 0.8935677394405142, 0.8943248901281271, 0.8948863162113739, 0.8955693171770723, 0.8962277865356153, 0.8968508923510173, 0.8974640514399554, 0.8980575180402747, 0.8985518826557709, 0.8990478447831429, 0.899410873181648, 0.8998976448500479, 0.9004033934157174, 0.900775787194033, 0.9012406593910208, 0.9017087848739581, 0.9021215538183848, 0.9025544004665839, 0.9030140975976849, 0.9034218726394413, 0.9037915279602146]
############## VALIDATION MEAN_IOU ############## 
[0.47999237484491625, 0.5629159363137709, 0.6263456977568231, 0.6765670601849083, 0.712106910844644, 0.7392306994344737, 0.7613386005028948, 0.7778518057621278, 0.7898800689223651, 0.8002367988228798, 0.8089479859079327, 0.8175136252969235, 0.8240387197416108, 0.8300983513797726, 0.8354965369175146, 0.8404138957460722, 0.8447408494917122, 0.8466874391243264, 0.8503800356039056, 0.8538527602816487, 0.8567285245066291, 0.8591238141462609, 0.8615735028912356, 0.8635244333260769, 0.8660161779807495, 0.8682834747675303, 0.8703384687368935, 0.8722030357331843, 0.8739653023647832, 0.8756684713266991, 0.8767317194525186, 0.8781202040142841, 0.8789207721884186, 0.8803125248030499, 0.881629884914235, 0.8828589766546413, 0.8837610321404697, 0.8848234107633969, 0.8859615846125929, 0.8869471801025374, 0.8879616076613331, 0.8889436426463427, 0.8898044490330929, 0.8906695823948663, 0.8914491134183901, 0.8922205050517847, 0.8929840868657773, 0.8935677394405142, 0.8943248901281271, 0.8948863162113739, 0.8955693171770723, 0.8962277865356153, 0.8968508923510173, 0.8974640514399554, 0.8980575180402747, 0.8985518826557709, 0.8990478447831429, 0.899410873181648, 0.8998976448500479, 0.9004033934157174, 0.900775787194033, 0.9012406593910208, 0.9017087848739581, 0.9021215538183848, 0.9025544004665839, 0.9030140975976849, 0.9034218726394413, 0.9037915279602146]
############## TEST MEAN_IOU ############## 
0.9038928641213311
