############## TRAIN LOSS ############## 
[0.15625405441424264, 0.07548221814716738, 0.060461581393348486, 0.04506314120285301, 0.035507642465663514, 0.03176441290683264, 0.030437636009361363, 0.024596611546479148, 0.03312689750141995, 0.023119663739274623, 0.02087596447755287, 0.023033358399770148, 0.024713784798501642, 0.0198818126380764, 0.019901016179918206, 0.02339743021171294, 0.0193490644391581, 0.019792886899669102, 0.017774063796251367, 0.01956485122777726, 0.020317586220912048, 0.016981654685861925, 0.01867940742609331, 0.016640644066482562, 0.019867061186281766, 0.017250908624175266, 0.01577559086353676, 0.02011029219267568, 0.015568279899189866, 0.01756612002118181, 0.01614037402891103, 0.016521818196501094, 0.01776941176090609, 0.01567501490715766, 0.01610553492395542, 0.01639295706329879, 0.01675431309273778, 0.014884760386439256, 0.01559232093727956, 0.020539497061543295, 0.01572269234417068, 0.014400561458768533, 0.015221811693778477, 0.016506333090063406, 0.014739294767865873, 0.017403942260849313, 0.014441682717678067, 0.014495033077412347, 0.01611869544586289, 0.01678540334206765, 0.01502819147636884, 0.014475101181224992, 0.014883388996462894, 0.014859963675614077, 0.015028454162421514, 0.014963509783767533, 0.016703697898232315, 0.015171220907365938, 0.014318978041382588, 0.014455012053592843, 0.014717381298412891, 0.01483807128789186, 0.016699467635139176, 0.01417585806282184]
############## VALIDATION LOSS ############## 
[0.1279020391258539, 0.061082112621150764, 0.09703525558442753, 0.0612253038778755, 0.04603112761077343, 0.035700980309104804, 0.03568989562564621, 0.02799008516868686, 0.023867756215051984, 0.022183618937418156, 0.02123778229853248, 0.019118563267493657, 0.041944153378626295, 0.018226772154151808, 0.020752108619347506, 0.020383943605017576, 0.01858372939522287, 0.018369387597868256, 0.01915502944600531, 0.017716412701274213, 0.01812481387248993, 0.018081563775423075, 0.025806683421536695, 0.01902648483576509, 0.018764894704480527, 0.019431747698142904, 0.018259769351239883, 0.019478728494826045, 0.019221523921598916, 0.021312144509626225, 0.018491092384518945, 0.018093389679230385, 0.023891626090249595, 0.017815033279761087, 0.01861935750496866, 0.027528167382686163, 0.01723455425406642, 0.019150265912507094, 0.01827540774555767, 0.01837356301485652, 0.018536563905060987, 0.018201788090735527, 0.017608397252236802, 0.016469656619900727, 0.018538162476319234, 0.01689399698265262, 0.017260466050584893, 0.019656971870241322, 0.017783102891282362, 0.01893258661513363, 0.01710963581988871, 0.0174500838709041, 0.017678511345972463, 0.01780678448609679, 0.01741939651729612, 0.020718577138705216, 0.017712326536603346, 0.018152545308682832, 0.017351617253107, 0.0201281639507643, 0.017330972070054736, 0.0186717382277814, 0.017232989673228824, 0.01872290939411637]
############## TEST LOSS ############## 
0.03733783337579231
############## TRAIN MEAN_IOU ############## 
[0.4757394042570849, 0.5450144335627556, 0.6142431785528725, 0.6550201284321578, 0.6930350901575776, 0.723292018379177, 0.7460552406337884, 0.7645003094195245, 0.7769473209842905, 0.7890194433632197, 0.799773526151438, 0.8088295957795134, 0.8161387602622444, 0.8214179448582031, 0.8275676532774359, 0.8328693821892008, 0.8367252012228107, 0.8408349688659917, 0.8448457280257801, 0.8484921228509765, 0.8511770220624434, 0.8542846252655124, 0.8570788481214024, 0.8595308277521048, 0.8618076089266185, 0.8638290127252674, 0.8660753768709328, 0.8679132264208149, 0.8696081048330745, 0.8714639581404291, 0.8729213595658809, 0.8744922123245291, 0.8759424213219333, 0.8772236055753253, 0.878582969777756, 0.8799087017908827, 0.880884438753128, 0.8821083340827409, 0.8832611837634096, 0.8840395398773588, 0.8848142398370279, 0.885835881772879, 0.8868592026400136, 0.8877568117401622, 0.8886176613537041, 0.889368810766452, 0.890145025073408, 0.8909946093419651, 0.8917478695511818, 0.8923974912445825, 0.8930118857874526, 0.8937059840908995, 0.894387781888515, 0.8950081416615495, 0.8956282031428706, 0.8962370363307429, 0.8966155995254044, 0.8971582661877882, 0.8977251193813376, 0.8982901355033522, 0.8988034919844018, 0.8992990772197912, 0.8996437418165507, 0.9001016659108368]
############## VALIDATION MEAN_IOU ############## 
[0.4757394042570849, 0.5450144335627556, 0.6142431785528725, 0.6550201284321578, 0.6930350901575776, 0.723292018379177, 0.7460552406337884, 0.7645003094195245, 0.7769473209842905, 0.7890194433632197, 0.799773526151438, 0.8088295957795134, 0.8161387602622444, 0.8214179448582031, 0.8275676532774359, 0.8328693821892008, 0.8367252012228107, 0.8408349688659917, 0.8448457280257801, 0.8484921228509765, 0.8511770220624434, 0.8542846252655124, 0.8570788481214024, 0.8595308277521048, 0.8618076089266185, 0.8638290127252674, 0.8660753768709328, 0.8679132264208149, 0.8696081048330745, 0.8714639581404291, 0.8729213595658809, 0.8744922123245291, 0.8759424213219333, 0.8772236055753253, 0.878582969777756, 0.8799087017908827, 0.880884438753128, 0.8821083340827409, 0.8832611837634096, 0.8840395398773588, 0.8848142398370279, 0.885835881772879, 0.8868592026400136, 0.8877568117401622, 0.8886176613537041, 0.889368810766452, 0.890145025073408, 0.8909946093419651, 0.8917478695511818, 0.8923974912445825, 0.8930118857874526, 0.8937059840908995, 0.894387781888515, 0.8950081416615495, 0.8956282031428706, 0.8962370363307429, 0.8966155995254044, 0.8971582661877882, 0.8977251193813376, 0.8982901355033522, 0.8988034919844018, 0.8992990772197912, 0.8996437418165507, 0.9001016659108368]
############## TEST MEAN_IOU ############## 
0.9003239718350498
