############## TRAIN LOSS ############## 
[0.13409545899186334, 0.06549390797793807, 0.05220324392792316, 0.0882153384983204, 0.10192180463733773, 0.09047567906688798, 0.08348898626371026, 0.07902469174665827, 0.07655473439303974, 0.07354257401626406, 0.07156218641840324, 0.06987784523464453, 0.06815415596576861, 0.0668941658443293, 0.065832045069279, 0.06480139768409736, 0.06368561628692036, 0.06310990747894991, 0.06250157508095056, 0.061879830437015976, 0.06144448438541846, 0.06053734527531642, 0.060295134259970976]
############## VALIDATION LOSS ############## 
[0.07802938742964875, 0.059031576575601805, 0.04768006934090426, 0.11245835809877106, 0.08859129346834094, 0.07737376836731154, 0.08313757340040277, 0.07049328121630584, 0.06835343378285567, 0.06662411412552875, 0.0643149554437282, 0.062440775709190204, 0.06254910990851474, 0.06235556513545852, 0.05883324800022677, 0.06006831772552401, 0.05717358584789669, 0.05819406079164907, 0.05748260333476698, 0.059139018385287595, 0.05743287143973159, 0.055962714622271995, 0.05633527255050984]
############## TEST LOSS ############## 
0.06138304246947019
############## TRAIN MEAN_IOU ############## 
[0.4885659281600703, 0.6024873682239034, 0.6628355447639216, 0.6945389347436192, 0.6679590994844565, 0.6510458761775816, 0.6447550119446205, 0.6428619064055048, 0.6439816778576052, 0.6461469465279365, 0.6488767016578365, 0.6519181421613908, 0.6552775651216507, 0.6584208342540372, 0.6614597471313434, 0.6646085990978791, 0.6675276967050793, 0.670461952350698, 0.6731232581240637, 0.6757124617427319, 0.6781253117296073, 0.6804733944905771, 0.6827594488859177]
############## VALIDATION MEAN_IOU ############## 
[0.4885659281600703, 0.6024873682239034, 0.6628355447639216, 0.6945389347436192, 0.6679590994844565, 0.6510458761775816, 0.6447550119446205, 0.6428619064055048, 0.6439816778576052, 0.6461469465279365, 0.6488767016578365, 0.6519181421613908, 0.6552775651216507, 0.6584208342540372, 0.6614597471313434, 0.6646085990978791, 0.6675276967050793, 0.670461952350698, 0.6731232581240637, 0.6757124617427319, 0.6781253117296073, 0.6804733944905771, 0.6827594488859177]
############## TEST MEAN_IOU ############## 
0.6851889114187222
