############## TRAIN LOSS ############## 
[0.20740276675772024, 0.1811543854104506, 0.20692504579956467, 0.16433268986843727, 0.15303162374609225, 0.13963422581956192, 0.12007272303909869, 0.11983467517672358, 0.1108365022652858, 0.10170216485857964, 0.10067372456998439, 0.09705415624823119, 0.0885069970343564, 0.07506110076163267]
############## VALIDATION LOSS ############## 
[0.360667826498256, 0.47104958926930146, 0.17923433202154496, 0.1657134969444836, 0.2825096915749943, 0.3217603827224058, 0.30983134841217713, 0.2807842037257026, 0.1566351906341665, 0.32214650862357197, 0.21318762705606573, 0.3755999365273644, 0.321673184633255, 0.35284892951740937]
############## TEST LOSS ############## 
0.31838586222041737
############## TRAIN MEAN_IOU ############## 
[0.4613811466339472, 0.4739561588377566, 0.4751708414909002, 0.4747602395914696, 0.4752304392891961, 0.47582535445690155, 0.47776810744324244, 0.4835691899061203, 0.4896839897374849, 0.49689452752873703, 0.5050582249422331, 0.5119581117823317, 0.5199528682876278, 0.5303407738337645]
############## VALIDATION MEAN_IOU ############## 
[0.47379088051178875, 0.47475408280597015, 0.47488582309554606, 0.4748748190262738, 0.4758029457400827, 0.4763173986883724, 0.48117104523322163, 0.4869900906787199, 0.4930327552206376, 0.5021682872491724, 0.5092674073051003, 0.516245235415066, 0.5253735009361716, 0.5359390272813684]
############## TEST MEAN_IOU ############## 
0.532902260982629
