############## TRAIN LOSS ############## 
[0.19335031177143794, 0.09973503892133767, 0.05220804690710596, 0.03711935962751709, 0.02814898793459744, 0.024679875787901314, 0.02142972673125867, 0.021146096229377027, 0.02099783706315164, 0.020713714996000398, 0.01701040501781815, 0.017174200557575032, 0.018590090934791276, 0.01575816598267773, 0.015703449371849764, 0.017681123905915867, 0.014846680346070914, 0.01407810443118718, 0.024821868053058516, 0.015201257862704428, 0.014233620761818177, 0.013761532357642176, 0.013675721982066092, 0.013301905269759733, 0.013284509869393063, 0.013199718433079889, 0.016193675528582488, 0.015007638318992749, 0.013532850057566288, 0.01325914028062913, 0.012895655113498907, 0.013046842427118807, 0.06352582555956433, 0.0948125113280037, 0.03970396418653026, 0.02644090011489351, 0.021569674954170715, 0.019441869342699647, 0.01874830578516766, 0.017066062563350675, 0.01735724023908276, 0.015782014620993788, 0.014879520346939162, 0.01567203118591695, 0.0148347508118211, 0.014010176695002293, 0.014825404155999422, 0.013663414299387383, 0.0134724657730879, 0.013999870405658274, 0.013717548468628445, 0.014978517900925834, 0.013274543147811011]
############## VALIDATION LOSS ############## 
[0.1612312938360607, 0.18771370500326157, 0.055099852711838836, 0.05247217208585318, 0.039332264267346435, 0.03729371863472111, 0.021545074606204733, 0.04160543005256092, 0.04499139154658598, 0.0213021221844589, 0.018418059574768823, 0.016553019228227, 0.017507014494827566, 0.017853310961714563, 0.029706377536058426, 0.01650427941999891, 0.01398823456838727, 0.013609341811388731, 0.021755862652378923, 0.01881760421811658, 0.015653394874842727, 0.014241456684163389, 0.0180291697547278, 0.014846749685923843, 0.017100072246702278, 0.014538520234910882, 0.014536627294386135, 0.01428276190862936, 0.01816727442886023, 0.017228791818899268, 0.015615602133466917, 0.017131222795475933, 0.1352119546602754, 0.055217011229080314, 0.03618788532912731, 0.029398759498315698, 0.03252464078147622, 0.02622035682639655, 0.01927354616825195, 0.016117797726217437, 0.015379274729639292, 0.01820159873322529, 0.025564787197200692, 0.016103582484099793, 0.014623731484307963, 0.013917017618522924, 0.015506154994535096, 0.01765855445581324, 0.01733205377069466, 0.014295779415132367, 0.018019657992922208, 0.015408658942974666, 0.017262087313129622]
############## TEST LOSS ############## 
0.03282054136648323
############## TRAIN MEAN_IOU ############## 
[0.4597574815758177, 0.4845741344867526, 0.5603679470919274, 0.6296302724528957, 0.6757107264286762, 0.7107583143421121, 0.7387606928477416, 0.7599925966681661, 0.7769225843854852, 0.7890920397397634, 0.8005940644322215, 0.8108018689058922, 0.8189676734241279, 0.8262956158534901, 0.8330934824975761, 0.8382196245161263, 0.8432732369448688, 0.8481950244388065, 0.8513527516577695, 0.8543846542770798, 0.858059440915649, 0.8614716038510606, 0.864649824194006, 0.867565062400457, 0.8702589474819802, 0.8727715349680668, 0.8748933624576878, 0.8767309519084724, 0.8786686707187343, 0.8805377942484778, 0.8823481439738661, 0.8840500217031788, 0.8852290793045147, 0.876951893439164, 0.8722890381877487, 0.8718280466021718, 0.8724899179226643, 0.8733931514056953, 0.8744268260292105, 0.8755318413715105, 0.8766334749556877, 0.8777531292792913, 0.8789391831771748, 0.8800259216411693, 0.8811033557395678, 0.8821948078033086, 0.8832502828256504, 0.8842866259652216, 0.8853045987921793, 0.8862765346829956, 0.8871913942936305, 0.888068932536486, 0.888889197562192]
############## VALIDATION MEAN_IOU ############## 
[0.4597574815758177, 0.4845741344867526, 0.5603679470919274, 0.6296302724528957, 0.6757107264286762, 0.7107583143421121, 0.7387606928477416, 0.7599925966681661, 0.7769225843854852, 0.7890920397397634, 0.8005940644322215, 0.8108018689058922, 0.8189676734241279, 0.8262956158534901, 0.8330934824975761, 0.8382196245161263, 0.8432732369448688, 0.8481950244388065, 0.8513527516577695, 0.8543846542770798, 0.858059440915649, 0.8614716038510606, 0.864649824194006, 0.867565062400457, 0.8702589474819802, 0.8727715349680668, 0.8748933624576878, 0.8767309519084724, 0.8786686707187343, 0.8805377942484778, 0.8823481439738661, 0.8840500217031788, 0.8852290793045147, 0.876951893439164, 0.8722890381877487, 0.8718280466021718, 0.8724899179226643, 0.8733931514056953, 0.8744268260292105, 0.8755318413715105, 0.8766334749556877, 0.8777531292792913, 0.8789391831771748, 0.8800259216411693, 0.8811033557395678, 0.8821948078033086, 0.8832502828256504, 0.8842866259652216, 0.8853045987921793, 0.8862765346829956, 0.8871913942936305, 0.888068932536486, 0.888889197562192]
############## TEST MEAN_IOU ############## 
0.8894653948870572
############## VOC ############## 
0.944732666015625
