############## TRAIN LOSS ############## 
[0.1868737595206177, 0.10365981632541563, 0.05553346400375705, 0.03626857980506847, 0.028255095730560856, 0.028761830558446614, 0.021430247035380955, 0.023399584923518468, 0.021390608496133338, 0.018478266328472544, 0.016782705788500607, 0.016973624018499174, 0.016206220069245714, 0.01662282763690864, 0.015229177060285332, 0.014933411912942255, 0.11197225287921626, 0.16742786387535366, 0.1544172107367902, 0.14666255024840702, 0.13034305162727833, 0.12711214299338894, 0.12423201665483616, 0.12166340377282452, 0.12001489500540334, 0.11780452161926676, 0.11574272043700959, 0.11366125385000093, 0.1115072415134794, 0.1091143332572805, 0.10750112838640406, 0.10502405351380238, 0.10202041552779642, 0.09877284409830699, 0.09605505322483746, 0.09327392715558007, 0.0908294414245599, 0.0879873703611461, 0.08554264903068542, 0.0838797247993785, 0.08185901865363121, 0.07997614766999676, 0.07854261141069033, 0.07640952390392085, 0.07518868274181276, 0.07380230334662907, 0.07269599588235488, 0.07157582716663947]
############## VALIDATION LOSS ############## 
[0.3067966796019498, 0.13112995685899959, 0.06417141810936086, 0.05199163593351841, 0.041476659257622325, 0.030234576422063744, 0.025298063314574605, 0.11402375711237683, 0.022752555635045555, 0.04099404138019856, 0.02830242392990519, 0.019014932653483224, 0.01650497259791283, 0.024181441650451982, 0.026193408569430605, 0.01857882143710466, 0.19712016380885067, 0.16799335576155605, 0.13907787291442647, 0.12766446304671905, 0.12400234709767734, 0.12047606093042038, 0.119821817121085, 0.11896562006543665, 0.11775981985470828, 0.117013700744685, 0.11495884288759793, 0.11484724765314776, 0.11338262785883511, 0.11114613098256729, 0.11133935302495956, 0.11062550150296267, 0.1017720449496718, 0.09789939597249031, 0.09555605930440567, 0.0914165075210964, 0.09120818424750776, 0.09068825994344319, 0.08474442450439229, 0.0818810947239399, 0.08022713617366903, 0.07685299458749154, 0.07789106404080111, 0.07426314954372014, 0.07348549913834124, 0.07289849353187225, 0.069737467695685, 0.06849893401650821]
############## TEST LOSS ############## 
0.07172913047851938
############## TRAIN MEAN_IOU ############## 
[0.4607337269227247, 0.4861604039733474, 0.5542360362974373, 0.6248675447863501, 0.6714476890660621, 0.7079547031505687, 0.7347412508081745, 0.7565192648687878, 0.7705319556030067, 0.7844641401961043, 0.7962997575869432, 0.8068000283595678, 0.8158366829156876, 0.8236392619642051, 0.8301013973919121, 0.8360100678495459, 0.8380555083622804, 0.8204369283205754, 0.8022235559450613, 0.7858217801596667, 0.7709749111452618, 0.7574699537174122, 0.7451466156824215, 0.7339173192913467, 0.7237025906105299, 0.7144211095732611, 0.7060155932967728, 0.6984033665141544, 0.691537184892474, 0.6853967035138929, 0.6798735965748091, 0.6749428373736304, 0.6705673461830294, 0.6668216453210728, 0.6636797229985933, 0.6610456411097501, 0.6588317534408054, 0.6570535757251688, 0.6556874996907002, 0.6545518415199744, 0.6537380154068405, 0.6532379924445539, 0.6529856066446047, 0.6529530033066466, 0.6530911423064567, 0.6533878723511825, 0.6537974090189547, 0.6543218493461609]
############## VALIDATION MEAN_IOU ############## 
[0.4607337269227247, 0.4861604039733474, 0.5542360362974373, 0.6248675447863501, 0.6714476890660621, 0.7079547031505687, 0.7347412508081745, 0.7565192648687878, 0.7705319556030067, 0.7844641401961043, 0.7962997575869432, 0.8068000283595678, 0.8158366829156876, 0.8236392619642051, 0.8301013973919121, 0.8360100678495459, 0.8380555083622804, 0.8204369283205754, 0.8022235559450613, 0.7858217801596667, 0.7709749111452618, 0.7574699537174122, 0.7451466156824215, 0.7339173192913467, 0.7237025906105299, 0.7144211095732611, 0.7060155932967728, 0.6984033665141544, 0.691537184892474, 0.6853967035138929, 0.6798735965748091, 0.6749428373736304, 0.6705673461830294, 0.6668216453210728, 0.6636797229985933, 0.6610456411097501, 0.6588317534408054, 0.6570535757251688, 0.6556874996907002, 0.6545518415199744, 0.6537380154068405, 0.6532379924445539, 0.6529856066446047, 0.6529530033066466, 0.6530911423064567, 0.6533878723511825, 0.6537974090189547, 0.6543218493461609]
############## TEST MEAN_IOU ############## 
0.6549023779955777
############## VOC ############## 
0.827451229095459
