############## TRAIN LOSS ############## 
[0.19778575914332996, 0.1295488982436222, 0.08627556590363383, 0.049730422900284864, 0.035363319336210154, 0.03284041781758738, 0.023861505663827866, 0.02099986153818365, 0.1733807927387691, 0.17123168893158436, 0.16660779865609632, 0.16398661634003794, 0.16082322094086055, 0.15729280833054232, 0.15375728693765564, 0.15137106824565577, 0.1490350185918647, 0.1461145080424644, 0.14413396611406998, 0.14293819142354502, 0.14182139761947296, 0.14099574975065282, 0.14024011488701846, 0.13951931621980024, 0.13891592314718543, 0.1403663475569841, 0.13796494825667627, 0.13727592702048855, 0.13688590679619764, 0.13632858272742582, 0.13582190493675503, 0.1353118737807145, 0.1348716564275123, 0.13441115839255824, 0.1340789111784181, 0.13351617693095594, 0.13321927366023129, 0.13278461091623112, 0.13240993742805882, 0.13213938983106935]
############## VALIDATION LOSS ############## 
[0.19250200162915623, 0.22251268870690288, 0.10263828078613561, 0.06787797874387573, 0.037367813343949174, 0.04046545495443484, 0.040226337773834955, 0.09017834374133278, 0.17836042274447048, 0.17278514890109792, 0.16954468804247239, 0.16383935993208604, 0.15868321718538508, 0.15636815568980048, 0.15432029392789393, 0.15190184379325194, 0.14851985345868504, 0.1460239374462296, 0.1445153899052564, 0.14334679044344845, 0.1423086703700178, 0.14188088345177033, 0.14061351953183904, 0.1405323327464216, 0.14003235408488443, 0.1392060540178243, 0.13852069351603002, 0.13814357186065002, 0.13807008240152807, 0.1380996651509229, 0.13724192275720484, 0.13705358391298966, 0.13656117504133897, 0.13645022844567017, 0.13566809410558028, 0.13507191749180064, 0.13482401563840754, 0.13447611910455368, 0.1342752093777937, 0.13389795930946574]
############## TEST LOSS ############## 
0.12625215685728824
############## TRAIN MEAN_IOU ############## 
[0.4594881863811532, 0.47479433485785044, 0.49861598256471995, 0.558809822475588, 0.6106842192443641, 0.653280836907593, 0.6865012778623684, 0.7138579350871008, 0.7188400485225626, 0.6945922427080773, 0.6743027249703536, 0.6574067606313808, 0.6431187834288623, 0.6308756140438286, 0.6202661201760575, 0.6109847865394644, 0.6027977990137564, 0.5955219534603325, 0.5890131459848301, 0.5831586468864132, 0.5778645736140173, 0.5730536024312716, 0.568662539929957, 0.5646396565276224, 0.5609398218425544, 0.5575257209507195, 0.5543655277909459, 0.5514315350635631, 0.5487017538901922, 0.5461563866686177, 0.5437775306605004, 0.5415502089906383, 0.5394609602721961, 0.5374976605982393, 0.5356500285702783, 0.5339086353778839, 0.5322659281460015, 0.5307144619323112, 0.529247643577086, 0.5278590929669302]
############## VALIDATION MEAN_IOU ############## 
[0.4594881863811532, 0.47479433485785044, 0.49861598256471995, 0.558809822475588, 0.6106842192443641, 0.653280836907593, 0.6865012778623684, 0.7138579350871008, 0.7188400485225626, 0.6945922427080773, 0.6743027249703536, 0.6574067606313808, 0.6431187834288623, 0.6308756140438286, 0.6202661201760575, 0.6109847865394644, 0.6027977990137564, 0.5955219534603325, 0.5890131459848301, 0.5831586468864132, 0.5778645736140173, 0.5730536024312716, 0.568662539929957, 0.5646396565276224, 0.5609398218425544, 0.5575257209507195, 0.5543655277909459, 0.5514315350635631, 0.5487017538901922, 0.5461563866686177, 0.5437775306605004, 0.5415502089906383, 0.5394609602721961, 0.5374976605982393, 0.5356500285702783, 0.5339086353778839, 0.5322659281460015, 0.5307144619323112, 0.529247643577086, 0.5278590929669302]
############## TEST MEAN_IOU ############## 
0.526522421836853
############## VOC ############## 
0.7632611989974976
