############## TRAIN LOSS ############## 
[0.1931246754184768, 0.11122678051627166, 0.06207606513556596, 0.03969871654250735, 0.03889070609206888, 0.028935605993595074, 0.027742842174563055, 0.0211400563539182, 0.019506573359280622, 0.020600965734243998, 0.018754222735485715, 0.017091823106228903, 0.01640602755612014, 0.028894097991036, 0.017462206139178895, 0.03192944104179136, 0.017773567355942686, 0.015604254188695672, 0.015785052409596944, 0.014944986956244384, 0.01604840181755355, 0.017035510155019928, 0.016545933923004446, 0.01609004850851724, 0.013831817491508618, 0.013686593769848146, 0.013853262024428192, 0.013324961352564797, 0.012869381909006956, 0.015179734743149901, 0.014175598906051065, 0.015527437283733004, 0.013533982102180252, 0.0134321413997158, 0.027611579267761192, 0.014457692662757394, 0.013200378039147, 0.012816033624993587, 0.015300236872044971, 0.014869613025488483, 0.01302818871241667, 0.012724932393285673, 0.012436792685499264, 0.01246488283111437, 0.012496807609332373, 0.014855864989520932, 0.014897987913541697, 0.012296708313295164, 0.012632218585978891, 0.012363210326765437, 0.011841214626926827, 0.012120850702017747, 0.012120842216284695, 0.01229896442020765, 0.011942814868824507, 0.012529792846180499, 0.012564537565324557, 0.011996642551133158, 0.014089328466562202, 0.013645097679408217, 0.012936837115400546, 0.012434295740456798, 0.01184053799905185, 0.012835080027454407, 0.013003890113149947]
############## VALIDATION LOSS ############## 
[0.15266278955866308, 0.09724412442130201, 0.05592154086950947, 0.09616942594156545, 0.0736456797184313, 0.06452676347073387, 0.03475630212136928, 0.06429316881386672, 0.02800470365978339, 0.037152792107971275, 0.019058466258951846, 0.018997332848170224, 0.016562237623421586, 0.023297070635153967, 0.020983045153758106, 0.017247530905639425, 0.03035584557801485, 0.014801965177278309, 0.01683788256281439, 0.02112371104714625, 0.014580801266300328, 0.017147517982212937, 0.04770384564557496, 0.016792900422040152, 0.012907134944244343, 0.017160457367187038, 0.020388721378848833, 0.014321039732107344, 0.013148768366697957, 0.012357009355636203, 0.015044393291806473, 0.013861396103439963, 0.012786102755104794, 0.04420433916589793, 0.025631279931129777, 0.014826027484720243, 0.015162390026756945, 0.013953634537756443, 0.060545989695717305, 0.013886946609572452, 0.014508833971751086, 0.013300148222376318, 0.014836567837525816, 0.014437863301924047, 0.012520627091255258, 0.016323518309303942, 0.013919930192915833, 0.016847213154987377, 0.014387833940632203, 0.015563743052018039, 0.013877379379289992, 0.012785328634302406, 0.014281999265008113, 0.014370811582707307, 0.01311554094119107, 0.01521541180965655, 0.0159956420881345, 0.013338770169545622, 0.015075568164534429, 0.01364080621587003, 0.01346933625309783, 0.012939386809354319, 0.014832903165370226, 0.015774640528594747, 0.07780080365345758]
############## TEST LOSS ############## 
0.1252581688490781
############## TRAIN MEAN_IOU ############## 
[0.46002200074695254, 0.4903002479994619, 0.5363678678467467, 0.6027473090468226, 0.6462730435100762, 0.6786117231523668, 0.7045356735989854, 0.7279519140720367, 0.7472745031118393, 0.7636114636788497, 0.7763294980332658, 0.7884998406107361, 0.7990245331783552, 0.8057708522757968, 0.8128025370675165, 0.817508946802165, 0.8226482143273225, 0.8281366881486532, 0.8334487374569919, 0.8382121501742182, 0.8423565900003588, 0.8460990355626957, 0.849649550141515, 0.8523170730552158, 0.8554870321138485, 0.8585029308860367, 0.8613241186013093, 0.8639351536293287, 0.8664473367703928, 0.8687161291773254, 0.8706329336037507, 0.8724487814548854, 0.8742893173082454, 0.8761138577718992, 0.8767843552537866, 0.8774920983894451, 0.8790649074960399, 0.8805701567514522, 0.8819853586925043, 0.8827255046045458, 0.884034891789024, 0.8853160726862985, 0.8865510897861945, 0.8877512071583722, 0.8888934681544433, 0.8899540450121906, 0.8907110852164191, 0.8916689298442892, 0.8926300849463489, 0.8935620386052776, 0.8944695144891739, 0.8953639897140296, 0.8962105049474819, 0.8970236198322193, 0.8978050786095697, 0.8985661658886317, 0.8992580461340982, 0.8999648355954403, 0.9006001091486698, 0.901139423251152, 0.9017463584203977, 0.902330839956129, 0.9029368734037554, 0.9035292783299008, 0.9040063969992302]
############## VALIDATION MEAN_IOU ############## 
[0.46002200074695254, 0.4903002479994619, 0.5363678678467467, 0.6027473090468226, 0.6462730435100762, 0.6786117231523668, 0.7045356735989854, 0.7279519140720367, 0.7472745031118393, 0.7636114636788497, 0.7763294980332658, 0.7884998406107361, 0.7990245331783552, 0.8057708522757968, 0.8128025370675165, 0.817508946802165, 0.8226482143273225, 0.8281366881486532, 0.8334487374569919, 0.8382121501742182, 0.8423565900003588, 0.8460990355626957, 0.849649550141515, 0.8523170730552158, 0.8554870321138485, 0.8585029308860367, 0.8613241186013093, 0.8639351536293287, 0.8664473367703928, 0.8687161291773254, 0.8706329336037507, 0.8724487814548854, 0.8742893173082454, 0.8761138577718992, 0.8767843552537866, 0.8774920983894451, 0.8790649074960399, 0.8805701567514522, 0.8819853586925043, 0.8827255046045458, 0.884034891789024, 0.8853160726862985, 0.8865510897861945, 0.8877512071583722, 0.8888934681544433, 0.8899540450121906, 0.8907110852164191, 0.8916689298442892, 0.8926300849463489, 0.8935620386052776, 0.8944695144891739, 0.8953639897140296, 0.8962105049474819, 0.8970236198322193, 0.8978050786095697, 0.8985661658886317, 0.8992580461340982, 0.8999648355954403, 0.9006001091486698, 0.901139423251152, 0.9017463584203977, 0.902330839956129, 0.9029368734037554, 0.9035292783299008, 0.9040063969992302]
############## TEST MEAN_IOU ############## 
0.9033781138333408
############## VOC ############## 
0.9516890645027161
