############## TRAIN LOSS ############## 
[0.2090923317649343, 0.179700249420093, 0.16900725018333745, 0.14370531132360836, 0.11849058305358028, 0.11233602195709676, 0.10811270108899555, 0.08542553023309321, 0.06416806830344973, 0.049383478406984524, 0.045074313576962496, 0.03580089665210999, 0.02980519921795742, 0.027300538545524753, 0.02877480226258437, 0.026859645068913966, 0.02229723367873613, 0.021041081865897048, 0.019580614375504287, 0.018675106384598458, 0.018301066531388608, 0.017123215009567438, 0.016761399662910816, 0.016631521636972558, 0.016510433676812025, 0.016318154705872945, 0.015776338483634834, 0.015600326512982179, 0.014915463581748374, 0.01461039680719107, 0.014505114658056078, 0.026742374574815906, 0.018045510341589514, 0.015539744566823985, 0.014416887886352368, 0.01444542916441286, 0.013753529386343184, 0.013543746383810366, 0.013413660379277693, 0.013835227360260917, 0.013454139979371617, 0.013003468286950846, 0.012871341930853354, 0.013005414541374456, 0.012871528136636223, 0.012889593604717168, 0.01245008367910847, 0.012733610237839523, 0.012327260715333192, 0.01224444588428145, 0.012296415085124003, 0.01206724145995067, 0.01229893531113326, 0.011892958640683073, 0.011945820665238676, 0.011931779475563817, 0.012465235114366084, 0.012351218459976686, 0.01266379816340165, 0.01547458919755242, 0.012770034121097746, 0.012121303644668948, 0.012180171135041091, 0.012094701707430251]
############## VALIDATION LOSS ############## 
[0.17382633423104005, 0.1415779429907892, 0.15072739942401064, 0.12028605403269038, 0.107236716531071, 0.1320948600769043, 0.09567892624467027, 0.08882073386042726, 0.12462308345472112, 0.10000381151250765, 0.11727610405753641, 0.11952986845783159, 0.12379048954622418, 0.10283283100408666, 0.037918829340852944, 0.0497150391924615, 0.04920125822080117, 0.09479217136315271, 0.07069092411913123, 0.03380835059957177, 0.05646189860999584, 0.04737216643258637, 0.07398756936776872, 0.050218310134083614, 0.052777998003305175, 0.08162098217244242, 0.040421016660391114, 0.0318437590829882, 0.061799564490131305, 0.04667172635741094, 0.05264054100010909, 0.024754373648879575, 0.021796278673790248, 0.019570363082868213, 0.02202376385456791, 0.017874733417057524, 0.026562580546619845, 0.020656112143222022, 0.024311311798645, 0.03626100109050087, 0.025898236525701543, 0.02273900867165888, 0.0177821822135764, 0.01528712889800469, 0.020964798462741515, 0.016958965262507692, 0.020911966907043084, 0.019814677554748805, 0.017866509236103178, 0.016694893421349572, 0.0183596966569038, 0.017988424309912848, 0.030455902985790196, 0.016812843087987573, 0.017797521425082403, 0.02264200848545514, 0.026219756835523772, 0.03482396170204761, 0.016156695052689195, 0.015597852293913271, 0.017475735743110087, 0.02631158553356049, 0.018037991324330076, 0.023789427151866986]
############## TEST LOSS ############## 
0.049941133331469816
############## TRAIN MEAN_IOU ############## 
[0.4612027830905742, 0.4730164118715235, 0.4736457099248697, 0.47404676326760303, 0.47637124990557767, 0.4854746082344571, 0.49072164511895394, 0.5007960973559199, 0.5192482052622615, 0.5414303229735778, 0.5634121535060642, 0.5854808682793969, 0.6057935598734263, 0.624061063603238, 0.6395870597512873, 0.6541541771845775, 0.6676663385855185, 0.6801321447432578, 0.6916217943569561, 0.7021330605756055, 0.7119527743743347, 0.720789126984708, 0.7291277217435407, 0.7367815772692362, 0.7439451958682086, 0.7504995481387989, 0.7565503512416873, 0.7623865212406125, 0.7679162331529565, 0.772990781444687, 0.7778826312975841, 0.7819115589330862, 0.7855009860820599, 0.7894880411861179, 0.7934179295290698, 0.7971531007740948, 0.8007345747303318, 0.8040989465541668, 0.8073141317109804, 0.8103670826903334, 0.8132465309924908, 0.8160302494023297, 0.818712535205188, 0.821337064644238, 0.8238540495838131, 0.8262384582210232, 0.828534653594902, 0.8307186418825442, 0.8328267674188357, 0.8349013242635641, 0.8368900493458584, 0.838806356395687, 0.8406709201701053, 0.8423843249544367, 0.8441388617764722, 0.8458037881163863, 0.8473574304365897, 0.8488474021086821, 0.8502729089410456, 0.8516148436176885, 0.8529575182510926, 0.8543285228110649, 0.8556170882405462, 0.8569028527887018]
############## VALIDATION MEAN_IOU ############## 
[0.4612027830905742, 0.4730164118715235, 0.4736457099248697, 0.47404676326760303, 0.47637124990557767, 0.4854746082344571, 0.49072164511895394, 0.5007960973559199, 0.5192482052622615, 0.5414303229735778, 0.5634121535060642, 0.5854808682793969, 0.6057935598734263, 0.624061063603238, 0.6395870597512873, 0.6541541771845775, 0.6676663385855185, 0.6801321447432578, 0.6916217943569561, 0.7021330605756055, 0.7119527743743347, 0.720789126984708, 0.7291277217435407, 0.7367815772692362, 0.7439451958682086, 0.7504995481387989, 0.7565503512416873, 0.7623865212406125, 0.7679162331529565, 0.772990781444687, 0.7778826312975841, 0.7819115589330862, 0.7855009860820599, 0.7894880411861179, 0.7934179295290698, 0.7971531007740948, 0.8007345747303318, 0.8040989465541668, 0.8073141317109804, 0.8103670826903334, 0.8132465309924908, 0.8160302494023297, 0.818712535205188, 0.821337064644238, 0.8238540495838131, 0.8262384582210232, 0.828534653594902, 0.8307186418825442, 0.8328267674188357, 0.8349013242635641, 0.8368900493458584, 0.838806356395687, 0.8406709201701053, 0.8423843249544367, 0.8441388617764722, 0.8458037881163863, 0.8473574304365897, 0.8488474021086821, 0.8502729089410456, 0.8516148436176885, 0.8529575182510926, 0.8543285228110649, 0.8556170882405462, 0.8569028527887018]
############## TEST MEAN_IOU ############## 
0.8575602354425372
############## VOC ############## 
0.9287800788879395
