############## TRAIN LOSS ############## 
[0.20848664883020762, 0.16270036794043877, 0.11776379462297973, 0.10577147316422549, 0.07184074235123557, 0.052340062351914136, 0.04217078100453626, 0.03385886758028924, 0.02812228533061775, 0.025587441164765273, 0.025172890919084485, 0.023373520840798412, 0.021554567951809715, 0.023315590244155745, 0.021320799466323207, 0.0174993242363672, 0.016744401658306252, 0.01629709380234147, 0.016016961872443423, 0.016747324316351262, 0.015195099729205575, 0.014892544849096117, 0.014868034116990931, 0.01479062582324217, 0.015068315657543706, 0.014469124527799117, 0.01398866724323582, 0.014071244125564894, 0.013554394412953575, 0.013032223341298534, 0.013999409738693151, 0.013716252478728961, 0.013307287366137848, 0.012985349649580213]
############## VALIDATION LOSS ############## 
[0.17581228795004825, 0.13406812297362908, 0.10987055550018947, 0.11105023879630893, 0.09572416967621036, 0.4828196337410048, 0.10245363794121087, 0.15019011731241264, 0.14198035688376895, 0.171943387418401, 0.44727174148840065, 0.09914018133399534, 0.08631431413631813, 0.02650711407848433, 0.08464107187647446, 0.04596927583071531, 0.06352260913334641, 0.049286906370053105, 0.049847300109617854, 0.060107811189749664, 0.050276632438979896, 0.03787645810813296, 0.036787628798800355, 0.059656912387878284, 0.051269142578045525, 0.032768636321028076, 0.03452450884323494, 0.042189955674842294, 0.05104501669605573, 0.051730298601529175, 0.0628786817485211, 0.06444759608483781, 0.03027699365481442, 0.028248800074352938]
############## TEST LOSS ############## 
0.05744803614839159
############## TRAIN MEAN_IOU ############## 
[0.46126359486365104, 0.47407716673773687, 0.4795695817148363, 0.4975450753091692, 0.5231338997144956, 0.5591370645944063, 0.5882197774208344, 0.6194597595446819, 0.6444565809524812, 0.6653560426858094, 0.6838592752680048, 0.6967266094577205, 0.7106495198902784, 0.7233994952193251, 0.7347273434604611, 0.7451109392148955, 0.7549295479112917, 0.7636440568142109, 0.7716792703748824, 0.7788538675050478, 0.7852800982492464, 0.7913719453253187, 0.797075326378281, 0.8023634316684963, 0.8070513079832266, 0.811478545536866, 0.8156785138018496, 0.8196091227703266, 0.8232657189841743, 0.8266414065618772, 0.8297282752690015, 0.8326314005765829, 0.8354430048315374, 0.8382576811421025]
############## VALIDATION MEAN_IOU ############## 
[0.46126359486365104, 0.47407716673773687, 0.4795695817148363, 0.4975450753091692, 0.5231338997144956, 0.5591370645944063, 0.5882197774208344, 0.6194597595446819, 0.6444565809524812, 0.6653560426858094, 0.6838592752680048, 0.6967266094577205, 0.7106495198902784, 0.7233994952193251, 0.7347273434604611, 0.7451109392148955, 0.7549295479112917, 0.7636440568142109, 0.7716792703748824, 0.7788538675050478, 0.7852800982492464, 0.7913719453253187, 0.797075326378281, 0.8023634316684963, 0.8070513079832266, 0.811478545536866, 0.8156785138018496, 0.8196091227703266, 0.8232657189841743, 0.8266414065618772, 0.8297282752690015, 0.8326314005765829, 0.8354430048315374, 0.8382576811421025]
############## TEST MEAN_IOU ############## 
0.839632155678489
############## VOC ############## 
0.9198160767555237
