############## TRAIN LOSS ############## 
[0.21221470087766647, 0.17852285182153857, 0.15382181577854329, 0.12950928502523149, 0.10563046622786436, 0.09000918097995422, 0.061302748416458164, 0.04932533716363413, 0.03704006132577454, 0.03045433061616915, 0.02914352367657262, 0.027429677210412583, 0.02340922111997733, 0.021857846897464613, 0.020544089670586692, 0.020869512194851496, 0.0204986634135649, 0.01782770112559602, 0.017311050120304834, 0.016949976198710838, 0.01788211764079762, 0.017452319169433805, 0.015719243837100966, 0.016338238459046896, 0.014895458756065046, 0.014426454683547621, 0.014072205292413363, 0.014890145879608017, 0.015061064581344794, 0.013974797635062321, 0.014053531158883293, 0.0138102418801806, 0.013530920167361293, 0.013742262229054898, 0.013640535206676603, 0.01328057319194347]
############## VALIDATION LOSS ############## 
[0.1889464145197588, 0.18121501131384982, 0.15468182809212627, 0.11221268232546601, 0.11923791380489573, 0.14097111263111525, 0.25054506665351345, 0.2818948106438506, 0.6519226735713435, 0.1872297303349364, 0.1761327993636038, 0.19057109864319072, 0.487042902731428, 0.29925884920008045, 0.20837701535692402, 0.03408699716423072, 0.08406542358445186, 0.34119872485890107, 0.12845364037682028, 0.1770815098402547, 0.1472536315228425, 0.06881951270442382, 0.0994179748436984, 0.13501155478697197, 0.1779710371412483, 0.08519930699292351, 0.11062500406714047, 0.1548621935002944, 0.2626049746485317, 0.05548941548548493, 0.054459800359373, 0.05622805987356925, 0.038692484335864294, 0.22880437590327918, 0.049895119981146326, 0.043507852938537504]
############## TEST LOSS ############## 
0.08326881193000861
############## TRAIN MEAN_IOU ############## 
[0.46122254256729606, 0.47243590934856516, 0.47307209442327686, 0.4747431240640245, 0.48386784851014075, 0.5033773248260086, 0.5259535436157707, 0.5532777846396506, 0.5806291237607732, 0.6028151614171965, 0.6256318618585398, 0.6451411317060659, 0.6617814291704882, 0.6755593714413343, 0.688622708793159, 0.7006505980147971, 0.7122371363210248, 0.7224978643494684, 0.7308278916118381, 0.739282284771, 0.7468280598923966, 0.7534481039992323, 0.7603031321688816, 0.7664172246649459, 0.7720018507124068, 0.7770561661806192, 0.782213160046586, 0.7868600310506048, 0.7909104920722343, 0.7944427052059689, 0.7985636914098585, 0.8024196485141376, 0.8061180769860208, 0.8096246756948866, 0.81229455567695, 0.8154472477801211]
############## VALIDATION MEAN_IOU ############## 
[0.46122254256729606, 0.47243590934856516, 0.47307209442327686, 0.4747431240640245, 0.48386784851014075, 0.5033773248260086, 0.5259535436157707, 0.5532777846396506, 0.5806291237607732, 0.6028151614171965, 0.6256318618585398, 0.6451411317060659, 0.6617814291704882, 0.6755593714413343, 0.688622708793159, 0.7006505980147971, 0.7122371363210248, 0.7224978643494684, 0.7308278916118381, 0.739282284771, 0.7468280598923966, 0.7534481039992323, 0.7603031321688816, 0.7664172246649459, 0.7720018507124068, 0.7770561661806192, 0.782213160046586, 0.7868600310506048, 0.7909104920722343, 0.7944427052059689, 0.7985636914098585, 0.8024196485141376, 0.8061180769860208, 0.8096246756948866, 0.81229455567695, 0.8154472477801211]
############## TEST MEAN_IOU ############## 
0.8168679545624088
############## VOC ############## 
0.9084339737892151
