############## TRAIN LOSS ############## 
[0.2117376398664337, 0.18458659618018983, 0.14137978482622285, 0.12757035901954583, 0.10698903244626415, 0.09593101543886168, 0.0875804045044624, 0.07191329248048164, 0.05888998253388448, 0.047035931064201904, 0.04094920795712922, 0.032843249187141925, 0.032559356845176975, 0.03058510663004609, 0.028633730402132414, 0.025665307182583724, 0.022780158850658046, 0.02147511561476701, 0.02132236398756504, 0.019782165535264188, 0.019353729664339677, 0.018941854646949616, 0.01796071202838206, 0.01786456693400134, 0.017791813608628134, 0.017297860427952564, 0.01694260042597045, 0.020232877467532415, 0.016612482005478563, 0.015240927923235807, 0.015446459882901059, 0.01508727673911028, 0.015190413658012141, 0.01477035296124381, 0.014332712502092929, 0.013997618595624829, 0.014478569229443869, 0.015821297694970895, 0.014820563573356683, 0.014465716424154805, 0.013978748599084111, 0.013717669037145537, 0.013452376755004799, 0.013174815279607838, 0.013958492895235887, 0.016052741708384978, 0.01357403209617546, 0.012925504975289374, 0.012807503325847892, 0.013978374282921757, 0.012694970486467486, 0.012709942528860527, 0.012398068373603327, 0.012351895850319584, 0.012076437045392152, 0.012351100408547633, 0.012262365772380485, 0.011981040805678916]
############## VALIDATION LOSS ############## 
[0.20460017288432403, 0.1555592303766924, 0.13277072999991624, 0.10826953997214635, 0.10049530177139769, 0.17124315891780106, 0.11095970401576921, 0.10851810142105701, 0.10385310343083214, 0.12321224063634872, 0.11571633947246215, 0.12083920704967835, 0.14398017627935783, 0.07733681629977975, 0.04741159928779976, 0.07828686386346817, 0.06664600847836803, 0.062438085310015025, 0.07221033431443513, 0.06878714073522418, 0.07183165241982423, 0.04557025677287111, 0.0759695148205056, 0.08776791832026314, 0.06590977281916376, 0.03688511526321664, 0.046970085441774015, 0.04731095326589603, 0.03438936024173802, 0.04528154513122989, 0.043709652388797086, 0.040647281863379715, 0.02733087934115354, 0.05440185953150777, 0.026843056374905156, 0.05113478224067127, 0.06181484482744161, 0.017523292287745896, 0.05991821261305435, 0.09165107495352334, 0.06609571772609271, 0.02445489222950795, 0.04632349425525058, 0.047880850622759145, 0.019381273172649684, 0.02159068870412953, 0.029136254470430167, 0.03696273247181785, 0.028780544688012086, 0.02539716408971478, 0.03601282747352824, 0.0286037612560333, 0.02198009499732186, 0.026681921810057817, 0.02243826089098173, 0.023000578377761094, 0.021073393706305354, 0.020525903203615956]
############## TEST LOSS ############## 
0.05928473763845184
############## TRAIN MEAN_IOU ############## 
[0.4612587011075235, 0.47276422623041514, 0.47504941810358753, 0.4775209765176515, 0.48667546972498166, 0.5012585365020477, 0.5162320679372495, 0.5339743876242423, 0.5555659135182699, 0.5781979131269025, 0.5996178759110941, 0.6193702365901019, 0.6371148556202382, 0.6525589898899868, 0.666517119149904, 0.6795126312487835, 0.6915906667709351, 0.7026656447230158, 0.7128411381094305, 0.7217978926392289, 0.730241407145251, 0.7380309964085484, 0.7454165241739772, 0.7520821180429544, 0.7582595149676005, 0.7640903087349625, 0.7696807196548393, 0.7747097477182612, 0.7793870079624761, 0.7840624435527904, 0.7884248092367843, 0.7925031877852775, 0.7964637258031346, 0.800232103279045, 0.803689600111128, 0.8071032155741442, 0.8102383941143483, 0.8130969807908341, 0.8159972885707477, 0.8186046432804417, 0.8209285440745654, 0.823363492617736, 0.8258396612631308, 0.8281859331302814, 0.83037696228371, 0.8323495957228515, 0.8343986976254094, 0.8364015500824731, 0.8382977413701581, 0.8401059449256003, 0.8418913521208204, 0.8436377896918906, 0.8453134341282887, 0.8469776339359112, 0.8485687938896386, 0.8501318081005199, 0.8515979669115565, 0.8530570435094403]
############## VALIDATION MEAN_IOU ############## 
[0.4612587011075235, 0.47276422623041514, 0.47504941810358753, 0.4775209765176515, 0.48667546972498166, 0.5012585365020477, 0.5162320679372495, 0.5339743876242423, 0.5555659135182699, 0.5781979131269025, 0.5996178759110941, 0.6193702365901019, 0.6371148556202382, 0.6525589898899868, 0.666517119149904, 0.6795126312487835, 0.6915906667709351, 0.7026656447230158, 0.7128411381094305, 0.7217978926392289, 0.730241407145251, 0.7380309964085484, 0.7454165241739772, 0.7520821180429544, 0.7582595149676005, 0.7640903087349625, 0.7696807196548393, 0.7747097477182612, 0.7793870079624761, 0.7840624435527904, 0.7884248092367843, 0.7925031877852775, 0.7964637258031346, 0.800232103279045, 0.803689600111128, 0.8071032155741442, 0.8102383941143483, 0.8130969807908341, 0.8159972885707477, 0.8186046432804417, 0.8209285440745654, 0.823363492617736, 0.8258396612631308, 0.8281859331302814, 0.83037696228371, 0.8323495957228515, 0.8343986976254094, 0.8364015500824731, 0.8382977413701581, 0.8401059449256003, 0.8418913521208204, 0.8436377896918906, 0.8453134341282887, 0.8469776339359112, 0.8485687938896386, 0.8501318081005199, 0.8515979669115565, 0.8530570435094403]
############## TEST MEAN_IOU ############## 
0.85368676751551
############## VOC ############## 
0.9268434047698975
