############## TRAIN LOSS ############## 
[0.21126659389014715, 0.17675098864076375, 0.144984544128985, 0.11544399916588723, 0.09498564801640338, 0.06415866765084567, 0.04793478454555477, 0.0377143283987099, 0.03277170268801956, 0.02901571814541344, 0.03190449667205145, 0.026612143963575363, 0.022287903429084533, 0.020673838074881216, 0.01959813547295493, 0.019036765252281953, 0.0184363487201768, 0.01771703385118697, 0.01750849037187862, 0.017228634491025865, 0.015890936711215758, 0.015497108921408653, 0.015834873659653706, 0.017009647361732817, 0.017659752419939986, 0.015089263443138686, 0.014552756179090555, 0.014781462095744975, 0.014180035556893091, 0.014601530221936939, 0.014092562569154275, 0.014058028565937871, 0.013615067586772613, 0.013424837642961793, 0.012995364287079455, 0.013131377379502263, 0.012879858733163224, 0.012869358524210282, 0.014841579202864622, 0.01538473895440499, 0.01316192858592347, 0.013216871843748802, 0.013081761135778448, 0.012932354047357498, 0.01266727212245937, 0.012466731615498796, 0.012190558393863408, 0.012286740296461561, 0.013774530676839588, 0.01328657887171249, 0.012339674498516697, 0.012141723991245837, 0.01228622665947622, 0.012197027696078425, 0.01178313300919694, 0.011786358032442696, 0.01175040800359335, 0.011524743001975186, 0.011368793896860905, 0.011361113376076426, 0.011879749189189694, 0.4231285434719679, 0.18050115850863155]
############## VALIDATION LOSS ############## 
[0.18190870770052367, 0.15900490798202216, 0.11699314619980607, 0.096462562241975, 0.09635213192771463, 0.08562670428963269, 0.17125802209564284, 0.16076409144728793, 0.1639846290151278, 0.07597486433737419, 0.3669531994006213, 0.06835941831563033, 0.06911711979146097, 0.07343002576746192, 0.2325048002542234, 0.055474244569446524, 0.05441008142980875, 0.05587061107450841, 0.03269508309370162, 0.05220424880584081, 0.042910048153762724, 0.04448953150388073, 0.03600086034366898, 0.02663988883004469, 0.03892211970307079, 0.019237912680004157, 0.03655143436409679, 0.02506744876211765, 0.03461915944867274, 0.02202482755277671, 0.03416816568842121, 0.0349386278539896, 0.03364385054538063, 0.04764953317741553, 0.023306942928363297, 0.02109213653659704, 0.025245081377672215, 0.019049109233652845, 0.020036528873092988, 0.021175705553854212, 0.021691014369328816, 0.02594425017927207, 0.015294386932224619, 0.023648651389806877, 0.019155103494139278, 0.02106956845405055, 0.020879123177306325, 0.028918794849339652, 0.02536685724614882, 0.0184676908504437, 0.01619326903977815, 0.016224488323810054, 0.017207705269695495, 0.016395213027649066, 0.01578038987502748, 0.019563546988601778, 0.016628462985596237, 0.01621365941622678, 0.019353636960480727, 0.023728110772721907, 0.027189312904488807, 0.185761853760364, 0.1525579565295986]
############## TEST LOSS ############## 
0.14454784330093498
############## TRAIN MEAN_IOU ############## 
[0.46130633756921097, 0.4724618983161342, 0.47315138685810676, 0.4812173346678416, 0.5000687714095589, 0.5272434729713578, 0.56219915710054, 0.5920353032447196, 0.6189652246397894, 0.6410864414395513, 0.661257313715445, 0.6748497733124742, 0.6908991680488931, 0.7054479272515924, 0.7182818704897219, 0.7288532342996683, 0.7392453980875445, 0.7486211372925354, 0.7571601577707239, 0.7651717904451731, 0.7722460976592055, 0.778913595654943, 0.7849794287939329, 0.7905975043236673, 0.7956405437744416, 0.8003201506159328, 0.8050466926248224, 0.8093191455076406, 0.8133781444919002, 0.8171221463529913, 0.8207261873795105, 0.824072756208815, 0.827185608245231, 0.8301891829516437, 0.8330032524761853, 0.8357823888460795, 0.8384196070937423, 0.8409243913384171, 0.8432691349639548, 0.8453888152096722, 0.8474428084519532, 0.8494862602637695, 0.8514038855965073, 0.8532919846139513, 0.8550738332507847, 0.8568146760399277, 0.858512134702356, 0.8601203249381469, 0.8615945620579762, 0.8629859836251886, 0.8644031506400924, 0.8658098164979402, 0.8671605544047313, 0.8684632815756239, 0.8697336015400586, 0.870972944272531, 0.8721510563884769, 0.8733066460033795, 0.8744505096126247, 0.8755479954384469, 0.8765919197787035, 0.874758445464813, 0.8680284479716877]
############## VALIDATION MEAN_IOU ############## 
[0.46130633756921097, 0.4724618983161342, 0.47315138685810676, 0.4812173346678416, 0.5000687714095589, 0.5272434729713578, 0.56219915710054, 0.5920353032447196, 0.6189652246397894, 0.6410864414395513, 0.661257313715445, 0.6748497733124742, 0.6908991680488931, 0.7054479272515924, 0.7182818704897219, 0.7288532342996683, 0.7392453980875445, 0.7486211372925354, 0.7571601577707239, 0.7651717904451731, 0.7722460976592055, 0.778913595654943, 0.7849794287939329, 0.7905975043236673, 0.7956405437744416, 0.8003201506159328, 0.8050466926248224, 0.8093191455076406, 0.8133781444919002, 0.8171221463529913, 0.8207261873795105, 0.824072756208815, 0.827185608245231, 0.8301891829516437, 0.8330032524761853, 0.8357823888460795, 0.8384196070937423, 0.8409243913384171, 0.8432691349639548, 0.8453888152096722, 0.8474428084519532, 0.8494862602637695, 0.8514038855965073, 0.8532919846139513, 0.8550738332507847, 0.8568146760399277, 0.858512134702356, 0.8601203249381469, 0.8615945620579762, 0.8629859836251886, 0.8644031506400924, 0.8658098164979402, 0.8671605544047313, 0.8684632815756239, 0.8697336015400586, 0.870972944272531, 0.8721510563884769, 0.8733066460033795, 0.8744505096126247, 0.8755479954384469, 0.8765919197787035, 0.874758445464813, 0.8680284479716877]
############## TEST MEAN_IOU ############## 
0.8615019285317623
############## VOC ############## 
0.9307509660720825
