############## TRAIN LOSS ############## 
[0.20710490831920692, 0.17476398773021526, 0.12658821355115185, 0.10687081012371424, 0.08913679823682115, 0.06591209326241468, 0.048000847920775414, 0.04025337422216261, 0.034774833551801006, 0.028706366531886497, 0.028195796584760822, 0.02469053738624663, 0.021840242820011603, 0.021249548204847285, 0.02048646836533203, 0.01957777614059212, 0.021338186671470735, 0.018161810850640676, 0.01688922678229508, 0.020017981227185275, 0.018550815715177638, 0.01830922629315037, 0.01606511817154315, 0.01510649431194808, 0.014737137140253105, 0.014829835963544544, 0.014395484860214565, 0.014968641882611287, 0.014126508437969663, 0.020126116554345097, 0.015377962601010327, 0.014436171432067681, 0.0137926479298118, 0.013518914731370436, 0.013835438166384224, 0.01347895960852101, 0.013381929757694403, 0.013237091460944834, 0.013047159448064663, 0.013113421673240425, 0.012829085207871488, 0.013474981069799748, 0.01329496367792557, 0.01269927245002609, 0.012546883866627206, 0.01269002621238296, 0.012261823516104135, 0.012657628268808932, 0.012551346718258149, 0.01209592768033077, 0.012120704502202906, 0.013556064450526022, 0.012480108344272987, 0.012182506975961162, 0.09757725654488748, 0.18769376758519593, 0.17103748412819597, 0.16430439263045252]
############## VALIDATION LOSS ############## 
[0.17506575788937362, 0.15172567759074418, 0.127820461258, 0.1264180698815514, 0.09596906675427568, 0.11112315047021006, 0.19464718623488558, 0.10347131201449562, 0.14189600696166357, 0.09386998422297776, 0.1548195069327074, 0.10187818928092134, 0.09401639616664718, 0.0830882022924283, 0.08572416745272338, 0.09120167594622164, 0.06346659453622266, 0.07963008126791786, 0.0764752445267696, 0.034221997630654595, 0.03418655916318005, 0.026984658420962447, 0.03386023527413022, 0.04693101006833946, 0.05378461307754703, 0.060975906566954126, 0.055738736637959294, 0.03984107150166642, 0.04525062211734407, 0.02429136405607649, 0.03860785582048051, 0.022553747355499688, 0.023091923536769317, 0.02657175911407845, 0.02368204092935604, 0.020612674966162325, 0.02220330860319675, 0.018599465726783462, 0.02199230253623397, 0.03301693020644141, 0.021599166880489563, 0.030511837196992894, 0.029712655599795135, 0.021232544481023855, 0.022235022145597375, 0.021495468750157776, 0.020009317161405787, 0.022146644216834332, 0.023699051463136486, 0.01993155386298895, 0.01956858507850591, 0.03498572169565687, 0.0596235079289067, 0.024544524613256548, 0.27435871169847603, 0.18492604470720478, 0.17448683959596298, 0.16632762054602304]
############## TEST LOSS ############## 
0.15735927191045548
############## TRAIN MEAN_IOU ############## 
[0.46120500296085803, 0.4731920903867429, 0.4774227034938228, 0.4891516571646338, 0.5099839514440244, 0.5382649844831174, 0.5697079735833246, 0.5964582213410387, 0.624105231718974, 0.6456345845987131, 0.665994280093425, 0.6825114724872349, 0.6972801438323012, 0.7109874003642315, 0.7229861928536011, 0.7339399005915668, 0.742916337004653, 0.7517659363445935, 0.7599620008253837, 0.7673609772244016, 0.7740692447971653, 0.7803329718005549, 0.7862559540851696, 0.7918961128673038, 0.7970959764343124, 0.8018976412377916, 0.8063461721480429, 0.8104810478451016, 0.8143908295545492, 0.8177385502033405, 0.820798862087834, 0.824058448409175, 0.8272588360416997, 0.8302732706069946, 0.8331056725871455, 0.8357999158335162, 0.8383862714509707, 0.8408480635634413, 0.8432000397561906, 0.8454332824225899, 0.8475443124771118, 0.8495938004674138, 0.85146583200575, 0.8533124955924781, 0.8551490978077725, 0.8568566962405368, 0.858506423933012, 0.8601125108229147, 0.8616638656135078, 0.863160112419644, 0.8646037777264913, 0.8659502681311186, 0.8671770718720582, 0.8683454415819667, 0.8688747002197815, 0.8631200199728614, 0.856422479088242, 0.8499536514282227]
############## VALIDATION MEAN_IOU ############## 
[0.46120500296085803, 0.4731920903867429, 0.4774227034938228, 0.4891516571646338, 0.5099839514440244, 0.5382649844831174, 0.5697079735833246, 0.5964582213410387, 0.624105231718974, 0.6456345845987131, 0.665994280093425, 0.6825114724872349, 0.6972801438323012, 0.7109874003642315, 0.7229861928536011, 0.7339399005915668, 0.742916337004653, 0.7517659363445935, 0.7599620008253837, 0.7673609772244016, 0.7740692447971653, 0.7803329718005549, 0.7862559540851696, 0.7918961128673038, 0.7970959764343124, 0.8018976412377916, 0.8063461721480429, 0.8104810478451016, 0.8143908295545492, 0.8177385502033405, 0.820798862087834, 0.824058448409175, 0.8272588360416997, 0.8302732706069946, 0.8331056725871455, 0.8357999158335162, 0.8383862714509707, 0.8408480635634413, 0.8432000397561906, 0.8454332824225899, 0.8475443124771118, 0.8495938004674138, 0.85146583200575, 0.8533124955924781, 0.8551490978077725, 0.8568566962405368, 0.858506423933012, 0.8601125108229147, 0.8616638656135078, 0.863160112419644, 0.8646037777264913, 0.8659502681311186, 0.8671770718720582, 0.8683454415819667, 0.8688747002197815, 0.8631200199728614, 0.856422479088242, 0.8499536514282227]
############## TEST MEAN_IOU ############## 
0.8431886707893526
############## VOC ############## 
0.9215943217277527
