############## TRAIN LOSS ############## 
[0.20601551748208097, 0.14753889939370188, 0.10818483740896792, 0.07252448381906426, 0.050544881406617725, 0.033758647431543956, 0.02865916975094257, 0.026087711584074674, 0.023003836225315526, 0.019701887497904937, 0.02466206840314978, 0.01808529655839241, 0.017063424268082994, 0.018166111876583985, 0.017428560380672885, 0.01583867726180501, 0.015631285933400126, 0.015201290666654304, 0.014546822835187856, 0.014391216474610407, 0.021072726948438463, 0.018523420254397835, 0.017518087463277217, 0.014403371757047402, 0.013685974371116105, 0.013301494333112764, 0.013084313954931457, 0.013358652377752838, 0.013045934183095154, 0.013260171578794316, 0.0152297167082292, 0.013974382523195567, 0.013389337210085344, 0.013013106116370575]
############## VALIDATION LOSS ############## 
[0.16752981438356288, 0.30274557103128996, 0.19963190134833841, 0.23926948010921478, 0.1942623007823439, 0.17097554706475315, 0.042524712708066494, 0.051342111628721744, 0.05061357917592806, 0.055411851690972555, 0.05050647324498962, 0.02781689857297084, 0.0262875570641721, 0.08537920246667721, 0.026364232029984978, 0.06043987644507604, 0.0173444868722821, 0.05514266418621821, 0.015913267619907856, 0.0316296038491761, 0.026377187439185733, 0.025908244828529218, 0.017695352599463043, 0.013345847728059572, 0.017404541784130475, 0.01721711188335629, 0.019568759865839693, 0.013497062767034067, 0.01623570960124626, 0.01462992762818056, 0.018051515278570792, 0.018196991973501796, 0.014838866725125733, 0.020845000495148057]
############## TEST LOSS ############## 
0.045724217774290025
############## TRAIN MEAN_IOU ############## 
[0.46062620980916796, 0.47270981202254425, 0.482456866953824, 0.5096010783234158, 0.5548694762023719, 0.5979358235726485, 0.634229050294773, 0.6655440584227845, 0.6904830823878985, 0.7115195667421496, 0.7278086297415398, 0.7425217499604096, 0.7558997317745879, 0.7674383690228334, 0.7759133186694738, 0.7851914340579832, 0.7926022950056437, 0.8001785117226679, 0.8065358549356461, 0.8127248101943249, 0.8178759905937556, 0.8219558342888549, 0.8261079357282536, 0.8302518298497071, 0.8343312184552889, 0.8381870465504156, 0.8417929036391748, 0.8451312619286615, 0.8482348250376212, 0.8511598734436808, 0.8538495016259116, 0.8562012439644014, 0.8585506524588611, 0.8608166007576762]
############## VALIDATION MEAN_IOU ############## 
[0.47319244637208824, 0.4729114963727839, 0.4930514517952414, 0.533477923449348, 0.577245764872607, 0.6172218498061685, 0.6506582708919749, 0.6784995408619151, 0.701364138547112, 0.7204621679642621, 0.7349884334732505, 0.7493923551896039, 0.7618669131222893, 0.7718553613213932, 0.7805888477493735, 0.7889973977032829, 0.7964222781798419, 0.8033882589901195, 0.8096520865664762, 0.8154726098565495, 0.8196352685199064, 0.8239256003323723, 0.8280378229477826, 0.8322601283297819, 0.8362473074127647, 0.8399817487772774, 0.8434582177330466, 0.8466634364689097, 0.8496942555203157, 0.8525231761090896, 0.8549696627785178, 0.8573456266347099, 0.8596615440705243, 0.8618679467369529]
############## TEST MEAN_IOU ############## 
0.8619349194295478
