############## TRAIN LOSS ############## 
[0.17917895946349646, 0.07989159979026865, 0.04965242727131054, 0.03309250957760457, 0.02785127324278693, 0.026561524442120177, 0.020686648068697872, 0.01877983782213886, 0.01891673670930637, 0.01741619544368036, 0.01763250769078228, 0.01604045829987405, 0.017634256270940642, 0.017910740287924134, 0.014961735380033182, 0.01422833594669764, 0.024121689327010833, 0.015401643691458614, 0.017059026767399062, 0.014187608961947262, 0.01389288273325341, 0.018788500358602283, 0.017219138413516653, 0.013857434415636031, 0.013782214990036713, 0.012982461960180788, 0.013071460410247784, 0.012967052945011371, 0.014218876629161674, 0.01403703646595917, 0.01299179093975171, 0.11634487013106008, 0.16801374450930068, 0.15870130852468917, 0.1533077785594238]
############## VALIDATION LOSS ############## 
[0.25440244289005504, 0.06980676116312251, 0.17213324369753108, 0.2194885830668842, 0.3232021682402667, 0.03119588035213597, 0.09305296542451662, 0.06493748932638589, 0.053985471563304174, 0.32782233374960285, 0.05357065511976972, 0.10013746908482384, 0.019703939967953107, 0.01908842156476834, 0.015455537557821064, 0.01758067841258119, 0.02648060116916895, 0.027959806899375775, 0.01802150294294252, 0.014955034589066225, 0.013691883890286964, 0.022356161573792204, 0.019908496973049992, 0.014684104031937964, 0.013151893337421557, 0.017113352386171326, 0.01614949233172571, 0.01429254635620643, 0.016317995484260953, 0.016066291424281457, 0.01566811856430243, 0.1906125396490097, 0.1649955813499058, 0.15443973330890431, 0.15196629131541534]
############## TEST LOSS ############## 
0.1438650918277827
############## TRAIN MEAN_IOU ############## 
[0.46054014191031456, 0.5155458985953718, 0.5976495738770511, 0.6491712359963236, 0.6868928465488795, 0.7128367661624342, 0.7395897394901997, 0.758459145152891, 0.7750407735238204, 0.788144299307385, 0.796142690085076, 0.8061180585944975, 0.8134952147264738, 0.8208582083115706, 0.8276080191135406, 0.8339252286666149, 0.8386404876773422, 0.842424330679146, 0.8466225218128514, 0.8507058821819924, 0.8545530837129902, 0.8580395615584141, 0.8601896021817181, 0.8630138087917019, 0.8658797362366238, 0.8685738766515577, 0.871111432845528, 0.873460623460847, 0.8755853035160013, 0.8774925945578395, 0.879364788129523, 0.8787772244698292, 0.8676916743452484, 0.856239644256798, 0.8454322718285225]
############## VALIDATION MEAN_IOU ############## 
[0.479152335840113, 0.5600521213868085, 0.6251962360213784, 0.670684369171367, 0.7015685228740468, 0.726704874459435, 0.7496529992888955, 0.7672074542326086, 0.7817883947316338, 0.7925939805367413, 0.801299000487608, 0.8101217010441948, 0.8173436031622046, 0.824150074930752, 0.8307728136287016, 0.8368086744757259, 0.8400134303990532, 0.8446968127699459, 0.8485996793298161, 0.8526321404120502, 0.8563409903470207, 0.8589675356360043, 0.8615005472127129, 0.8644257713766659, 0.8671927627395181, 0.8698421927059398, 0.8722690063364366, 0.8745409250259399, 0.8765018897898057, 0.8783898458761328, 0.8802557692808264, 0.8738149685018203, 0.8620122355573318, 0.8508831578142503, 0.8403711318969727]
############## TEST MEAN_IOU ############## 
0.8353170373223044
