############## TRAIN LOSS ############## 
[0.19941669460889455, 0.12767590277803106, 0.07550788952692135, 0.04958191544849526, 0.040299143893895925, 0.03090591641218477, 0.026353669938052427, 0.021724429374837595, 0.019768438918667065, 0.019289071180832548, 0.01725060340470156, 0.01754435370487438, 0.02440804189914284, 0.01816324850015745, 0.01675155996722547, 0.015612268099888554, 0.016756953665281873, 0.02089203645261256, 0.01605148535108546, 0.015680169258770103, 0.014559240225148765, 0.01819563958466657, 0.014431082033174666, 0.013820665385070685, 0.013661995347639596, 0.013533957258521303, 0.013373680035206111, 0.013850293153695561, 0.013662638929294976, 0.01371627238365142, 0.014249765367649898, 0.015675169466113723, 0.013472707429271494, 0.012581778171069518, 0.0137238093318317, 0.027714970962119265, 0.015217655146418995, 0.013646386063506676, 0.013379941688145738, 0.01257885789272149, 0.012580470930835282, 0.01256360172772327, 0.012323568493278848]
############## VALIDATION LOSS ############## 
[0.15091104980777292, 0.28431006477159615, 0.1319161158274202, 0.06148875690996647, 0.03926005324020105, 0.05367887304986224, 0.029207436915706184, 0.03971213814528549, 0.027026878505506936, 0.031187659732120877, 0.02124777184251477, 0.02274825139080777, 0.07775523535468999, 0.019137954339385033, 0.023760491379481906, 0.01647300905931522, 0.3131769001483917, 0.019142636289710507, 0.0183809655444587, 0.016250338186235988, 0.014206851805176805, 0.014825200305922943, 0.014800686087897596, 0.01662687149227542, 0.012832485714598614, 0.014380817712448975, 0.01600677610429771, 0.01445277698118897, 0.015694826622219646, 0.015346125151742907, 0.016460574807270485, 0.013094713171834456, 0.012491967583842137, 0.014550336307900794, 0.013686222900800845, 0.01585906059207285, 0.015883507727480987, 0.013477594126015902, 0.01672106595052516, 0.0158339164165013, 0.014974820208461845, 0.015287286547176978, 0.019743775099735048]
############## TEST LOSS ############## 
0.04551579209439682
############## TRAIN MEAN_IOU ############## 
[0.45943991568040204, 0.47491056109602386, 0.5054889363614289, 0.5750408696161734, 0.6206976191417591, 0.659682460330628, 0.6904910069865149, 0.7165456015515972, 0.7374966398284242, 0.7550518085827699, 0.7696301300783415, 0.7822208062217042, 0.7919981044691962, 0.798638842395834, 0.8066671595380113, 0.8139649234913491, 0.820580458318865, 0.8232368649663152, 0.8284178299678339, 0.8331557423681826, 0.8376326754286483, 0.8414309036892813, 0.8452105332870741, 0.8488226452389279, 0.852208893444087, 0.8553653202346854, 0.8583558101106334, 0.8610734923465831, 0.8635921993771115, 0.8659548936663447, 0.8681013040445946, 0.8699795466822546, 0.8718769719471803, 0.8737876544127593, 0.8756063218052322, 0.8766528335777489, 0.8772373622333681, 0.8786960163631955, 0.8801618673511453, 0.8815790954473857, 0.8829683532585969, 0.8843015090033814, 0.8855838912564356]
############## VALIDATION MEAN_IOU ############## 
[0.4717554940896876, 0.48220496493227344, 0.5406371530364541, 0.5993450284004211, 0.6401173858081594, 0.6758599631926593, 0.7040307486758512, 0.7274770982125226, 0.7466627219144035, 0.7624623600174399, 0.7761532208498787, 0.7876306456678054, 0.7949646220487707, 0.8026852116865271, 0.8102980536573073, 0.8173649696742787, 0.8223596706109888, 0.825700886109296, 0.8307976126670837, 0.8353784855674294, 0.8397442277740029, 0.843240920235129, 0.8469938846195445, 0.8505090615328621, 0.8537793404915753, 0.8568463991670048, 0.8597213345415452, 0.862308589851155, 0.8647588771932265, 0.8670380851801704, 0.8691114046994377, 0.8708827986436731, 0.8727997962166282, 0.8747029059073504, 0.8763713661362144, 0.8765762483372408, 0.8779201858183917, 0.879402616444756, 0.8808442389263826, 0.8822590603547937, 0.8836231687489677, 0.884928492938771, 0.8861806006992564]
############## TEST MEAN_IOU ############## 
0.8862960320530515
