############## TRAIN LOSS ############## 
[0.2009595941651512, 0.11084109416382538, 0.05697637964417604, 0.038204823305981385, 0.030573978032161657, 0.03248685036433508, 0.029192367272854253, 0.02166352791371881, 0.01939517668624585, 0.019020164294193523, 0.01727529217463893, 0.01650844651551263, 0.017808977372919185, 0.021885559447361407, 0.02054969234253607, 0.018356779772737943, 0.015002129328865054, 0.014872999270320745, 0.014267514582496841, 0.015447559300810099, 0.014226400485337787, 0.013566035692378678, 0.013828788940618569, 0.014970088701670032, 0.015279201498078937, 0.0185653087997658, 0.014056710098442194]
############## VALIDATION LOSS ############## 
[0.2151182118584128, 0.15419072088073282, 0.07838854303254801, 0.09536151434568797, 0.1793677846298498, 0.058453930432305616, 0.03072002184960772, 0.04269616952275529, 0.025306445765582955, 0.05908275559982833, 0.048932748024954516, 0.017835152910693604, 0.016302950433729327, 0.03894744265605422, 0.01761998441618155, 0.01956530674086774, 0.014296901302740854, 0.017057761111680197, 0.015228122144060977, 0.020868225981864857, 0.01818869454676614, 0.015447982176042655, 0.02331005535362398, 0.037161974345936495, 0.017387107452925515, 0.01605677974465139, 0.017605132231598392]
############## TEST LOSS ############## 
0.03588593882141691
############## TRAIN MEAN_IOU ############## 
[0.4595533513740913, 0.48540178525286753, 0.5480530149227864, 0.6148290517362388, 0.6588813332287041, 0.690009957632503, 0.7140867871207159, 0.7363993207345138, 0.7554201809941111, 0.7713106447780455, 0.7838529300045323, 0.795069834670505, 0.8047448871908961, 0.8129549042598622, 0.8179376934831207, 0.8240333187419016, 0.8298919857353777, 0.8355308251606451, 0.8405162152406331, 0.8449677160462817, 0.8490460466694187, 0.8529015086792611, 0.8564573248495927, 0.8596282834942276, 0.861996586661081, 0.86437047655518, 0.8667514734977001]
############## VALIDATION MEAN_IOU ############## 
[0.4725327176206252, 0.5096234784406775, 0.5843426059274113, 0.6391985100858352, 0.6768539582981783, 0.7027176548452938, 0.7253578129936668, 0.7463069137404946, 0.7637907897724825, 0.7777434412170859, 0.7896822024794186, 0.8002135858816259, 0.8090215255232418, 0.8154067572425393, 0.8210229943780338, 0.826880511115579, 0.832736965487985, 0.8380192833788255, 0.8428180954035591, 0.8469708316466388, 0.8509568396736594, 0.8546754437334397, 0.8580401785233441, 0.8607945477261263, 0.8633215006660012, 0.8654371184461257, 0.8679351385901956]
############## TEST MEAN_IOU ############## 
0.8685543035015916
