############## TRAIN LOSS ############## 
[0.18361498015253125, 0.09624454898860406, 0.0526096783012051, 0.04058191299790869, 0.02839851312691698, 0.02485745378165833, 0.02590094002064418, 0.02722901075990317, 0.021086068229271553, 0.01809864483043753, 0.01694228028803057, 0.015966802615219274, 0.015470770754020763, 0.017494082872478944, 0.015794416556034137, 0.015137070890616727, 0.014828970690408873, 0.025667371829292056, 0.017370364697952126, 0.014336799441308185, 0.014416088702509532, 0.01380288988867825, 0.013781407552242681, 0.01322960586765328, 0.013168367069541803, 0.019219851829237432, 0.013665870744483295, 0.01325202062474312, 0.013062375776998297, 0.018932959074280352, 0.014294522531280244, 0.013438207276694075]
############## VALIDATION LOSS ############## 
[0.3048931640737197, 0.24896061508094564, 0.05614974064862027, 0.048146949204451894, 0.10265069827437401, 0.03460843992583892, 0.1572053531075225, 0.04022997628678294, 0.02837519386016271, 0.04569863506099757, 0.020635192008579478, 0.017625933650004512, 0.03793843180927284, 0.01581841441528762, 0.029275134260601857, 0.020053027690771746, 0.01835258551599348, 0.026302132591166916, 0.019888719434247297, 0.020268986713798606, 0.018083752078168532, 0.013423353433609009, 0.017895965973901397, 0.015122844344552825, 0.014923027250915766, 0.01893060372265823, 0.018898253411273745, 0.02019692283562001, 0.01578492227503482, 0.016458927845472798, 0.014116445501499316, 0.01565400667159873]
############## TEST LOSS ############## 
0.032206297981919665
############## TRAIN MEAN_IOU ############## 
[0.4604935465833625, 0.4915548903313843, 0.5519975705726726, 0.6193011942747477, 0.6672937189405029, 0.7006309946646562, 0.7283992908290915, 0.7459725838255238, 0.7615879621054675, 0.7767349155368032, 0.7892151350105131, 0.800528874671137, 0.810205447512704, 0.8178427545605479, 0.824975540106361, 0.8312835379226787, 0.8370245981055338, 0.841414829363694, 0.844063172872002, 0.8482530330483978, 0.8521572057459805, 0.855804475980836, 0.8591678045891427, 0.8623234118158752, 0.8652756254415255, 0.8674657840181041, 0.869704960165797, 0.8720335750966459, 0.8742304565133275, 0.8760674144770648, 0.8775814900527129, 0.8793368794628091]
############## VALIDATION MEAN_IOU ############## 
[0.4764357559821185, 0.5156791806221008, 0.5896101278417251, 0.6439716570517596, 0.6857398538028493, 0.7158255892641404, 0.7378187495119432, 0.7536212135763729, 0.7693489299100988, 0.7831868318950429, 0.7950289354604834, 0.8054823629996356, 0.8143043027204626, 0.8214305884697858, 0.8281523935935077, 0.834160327911377, 0.8395765073159162, 0.8422992930692785, 0.8461363666197833, 0.8502474251915427, 0.8539789283976835, 0.8574843722231248, 0.8607219247257009, 0.8637925105936387, 0.8666138473679038, 0.8684598277596867, 0.8708556820364559, 0.8731163073988522, 0.8752491719582501, 0.8766655431074255, 0.8784236311912537, 0.8801720878657173]
############## TEST MEAN_IOU ############## 
0.8804532134171689
