############## TRAIN LOSS ############## 
[0.20753167353167729, 0.15490549158405614, 0.12606440429147836, 0.08921530205957792, 0.052099425477806376, 0.0347723195115356, 0.028375675379474823, 0.028772800399393245, 0.023419048391735635, 0.020025121117312764, 0.01879860586612611, 0.02284582072201915, 0.01872109282900252, 0.016985355026868952, 0.01678786363540771, 0.01812172683295668, 0.016334014117239497, 0.015472777008481726, 0.015117879629739234, 0.10393448233465992, 0.025313958355754212, 0.018099043518304825, 0.016343664538392144, 0.015203191149929489, 0.0166184193630879, 0.014395077184245392, 0.014636184894353957, 0.017242199763328442]
############## VALIDATION LOSS ############## 
[0.16453436367651997, 0.2683568123508902, 0.15670278493095846, 0.22806005618151495, 0.138682142338332, 0.1063993546892615, 0.06792002467109877, 0.04792332353399081, 0.039410380427451694, 0.04821750423049226, 0.05979004962479367, 0.02769105092567556, 0.030717651798006368, 0.02587346902445835, 0.02195923019419698, 0.02790856528479387, 0.02119209713247769, 0.015554791316390038, 0.06250715946011684, 0.03397433421410182, 0.021192180266713396, 0.016758037758443284, 0.018833019414587933, 0.017029659493881112, 0.016340223031447214, 0.01896725959308884, 0.01817467641633223, 0.015925037044593516]
############## TEST LOSS ############## 
0.031859140515779004
############## TRAIN MEAN_IOU ############## 
[0.4606200735512617, 0.4726476951225384, 0.4738498811383505, 0.4905089556768134, 0.5296168303167498, 0.5756577200986244, 0.6148730347285399, 0.6468857027388908, 0.6724432066485688, 0.6953103228195293, 0.714467438088881, 0.729846211704048, 0.7427995603632283, 0.7551488868288092, 0.7663089403429547, 0.7758614098703539, 0.7843335468221355, 0.7921447431718981, 0.79940173070173, 0.7972346616757883, 0.7970149090161195, 0.8017260951770319, 0.806835604277817, 0.8117014218021084, 0.8161614045903489, 0.8203879554529447, 0.8244492584789122, 0.8279263409408363]
############## VALIDATION MEAN_IOU ############## 
[0.4731815843021168, 0.47277817480704365, 0.47741706932292266, 0.5059161431649152, 0.5532907878651339, 0.5968746052068823, 0.6321434168254628, 0.6599949598312378, 0.684298574924469, 0.7052304920028237, 0.7227141892208773, 0.7361166862880483, 0.7490935746361228, 0.7608043165767894, 0.7712353292633506, 0.7801164879518396, 0.7882645761265474, 0.7957790599149817, 0.8024057290133308, 0.7952542795854456, 0.7991275927599739, 0.8042289053692537, 0.8092328520382152, 0.8139927843037773, 0.8182020047131706, 0.8224343902924481, 0.8263118161874659, 0.8295552765621859]
############## TEST MEAN_IOU ############## 
0.830689765106548
