############## TRAIN LOSS ############## 
[0.19571188635922768, 0.12838801547784257, 0.08684788553698643, 0.044090991802010183, 0.03546847708875666, 0.029337487699514306, 0.02792044708857665, 0.021447119498121982, 0.019616959918592428, 0.01797684292447426, 0.01912537352119044, 0.016266984028137615, 0.019788965019649146, 0.01780831370175489, 0.016251138436633186, 0.016671096251623052, 0.014854223593264012, 0.015087954130501964, 0.01933527350853625, 0.019073120661306422, 0.014943328239275393, 0.014253554598277283, 0.014511929557507706, 0.013673734102347816, 0.013534867535093548, 0.017155966280984716, 0.014016522994466327, 0.013292714040978131, 0.014058471603847638, 0.017203014268464333, 0.013331381632392673, 0.01316096613850646, 0.012861463291620885, 0.012457556342957792, 0.022092016910932755, 0.05986900964902865, 0.02390323125606252, 0.020047564153886727, 0.02103664623132932, 0.016290351119194482, 0.014759990437006628, 0.01460791760866807, 0.014496523993895264]
############## VALIDATION LOSS ############## 
[0.1712443346486372, 0.13608690438901677, 0.07982766891227049, 0.05947743049439262, 0.04019966294222018, 0.05205891182755723, 0.03773314549642451, 0.0674201115308439, 0.04470215009196716, 0.04764712985385867, 0.024991760852144045, 0.01844343143131803, 0.021401644848725376, 0.01809333675705335, 0.0165258460020756, 0.02651728265097036, 0.019693366498412454, 0.016899700550472036, 0.04322717870202135, 0.015375760739997905, 0.01782953999388744, 0.01902477426783127, 0.02585472593850949, 0.015050589079585145, 0.012941199437002926, 0.017663394648800877, 0.019343545304282624, 0.016479299513294417, 0.01570337073987021, 0.015517444788094829, 0.015702241155154565, 0.01719029968166176, 0.012832125731031685, 0.01837884686777697, 0.15911621819524205, 0.025349922532982686, 0.021519989980494276, 0.017540537040023244, 0.015122707440134357, 0.017501317731597844, 0.014519959003390634, 0.018062836216653094, 0.015776748988119996]
############## TEST LOSS ############## 
0.03385615687478672
############## TRAIN MEAN_IOU ############## 
[0.45943300134024107, 0.4753052213707486, 0.5049070802492064, 0.5674958378076553, 0.6234160665724728, 0.664109851057465, 0.6946807117075533, 0.7203555755518578, 0.7403514840312906, 0.7577247957925539, 0.7715990547392819, 0.7841854043103553, 0.79478512664099, 0.8030965823579479, 0.8110462805709323, 0.8181020383899277, 0.8242774537286243, 0.830163360447497, 0.8352868041476688, 0.8381115753908415, 0.8423213000233108, 0.8463822200491622, 0.8501359075307846, 0.85357020271791, 0.8568388135046572, 0.8597715078173457, 0.8621375033178845, 0.8647681313592035, 0.8671945091840383, 0.8692002054807302, 0.8711865165749112, 0.8732299953699112, 0.8751700959495596, 0.877036335500511, 0.8788163227003973, 0.8757002538925892, 0.8749340921640396, 0.8755704083958188, 0.8761902370968381, 0.8771947348440016, 0.8783660897532025, 0.8795811582256008, 0.8807355793746742]
############## VALIDATION MEAN_IOU ############## 
[0.47176602482795715, 0.4851387388565961, 0.5323101036688861, 0.5977626618217019, 0.6449325856040505, 0.6806658997255213, 0.707796219517203, 0.7308845309650197, 0.7493903707055485, 0.7651232445941252, 0.7779890614397386, 0.7898332862293019, 0.7989077217438642, 0.8070167443331551, 0.8146328014485976, 0.821167973911061, 0.8272432123913485, 0.8327532620990977, 0.8365607261657715, 0.8401226050713483, 0.8443232985103831, 0.8482639158473295, 0.8518273760290707, 0.8551950349527246, 0.8583593649022719, 0.8607864905806148, 0.8634335223366233, 0.8659854180672589, 0.8682552786434398, 0.8700954633600572, 0.872205376625061, 0.8741734062924105, 0.876080663765178, 0.8779067186748281, 0.8787594051922069, 0.8749465942382812, 0.8751694244496963, 0.8760000747792861, 0.8766252994537354, 0.877738191800959, 0.8789632004850051, 0.8801567659658545, 0.8813043762655819]
############## TEST MEAN_IOU ############## 
0.8813890135649479
