############## TRAIN LOSS ############## 
[0.17933070400377382, 0.0939460874384118, 0.04366508291128117, 0.03047748753247229, 0.02550512904024406, 0.022459876232755346, 0.023923711187357234, 0.020420517388580216, 0.018572031488843465, 0.017218330466012295, 0.01618602851758132, 0.019851776437733223, 0.01785086139696776, 0.016001402331214096, 0.014702985991371443, 0.01871147786732763, 0.015686805951534898, 0.015646929084952618, 0.015073677814389402, 0.01469589430033355, 0.014543726039748336, 0.015979857885631155, 0.014821031360534599, 0.020272790967184748, 0.014778387226239854, 0.01317382959107793, 0.013265977201454743, 0.013005942162881428, 0.012928046553546714, 0.01283138815464603, 0.01522383967263473]
############## VALIDATION LOSS ############## 
[0.3008049708955428, 0.08369208127260208, 0.039725417709525895, 0.1515474676647607, 0.07935752226587604, 0.03678232661503203, 0.02507887819014928, 0.01786487952203435, 0.019419648821520454, 0.021119728081804866, 0.024573512786232373, 0.019971596844056073, 0.022747771157061353, 0.025046129382270223, 0.016444629578686813, 0.02419797670753563, 0.01914511001942789, 0.014643028597621358, 0.014040748670916347, 0.018643618369584575, 0.012662067434147876, 0.01375147990663262, 0.064937768942293, 0.014486712211852564, 0.013111866928417893, 0.014800126061720006, 0.016287288820261463, 0.016045437139623305, 0.013193777844528942, 0.0161949966705459, 0.01861924401429646]
############## TEST LOSS ############## 
0.035512286040819054
############## TRAIN MEAN_IOU ############## 
[0.46111644391675255, 0.4998159573690311, 0.5862560159451252, 0.6548889899576033, 0.696510682234893, 0.7282591945416218, 0.7535350898633132, 0.7721943533098375, 0.7883015597188795, 0.8017331240950404, 0.812803724730337, 0.8218720889574772, 0.8286557266035596, 0.8353257380627297, 0.8412756654056343, 0.8466350561058199, 0.8508030232545492, 0.8551027472760226, 0.8588988116464099, 0.8624845473347483, 0.8655717058761699, 0.8683609165049888, 0.8710848540067673, 0.872114929395753, 0.8741441614724494, 0.8764273645104589, 0.8786698527432777, 0.8807359502927677, 0.8826772087329143, 0.8845156109010851, 0.8861700187663775]
############## VALIDATION MEAN_IOU ############## 
[0.4776281889747171, 0.538849041742437, 0.6238954207476448, 0.6785352931303137, 0.713989794254303, 0.7421822723220376, 0.7630630135536194, 0.7806336809607113, 0.795209576101864, 0.8073798558291267, 0.8176020944819731, 0.8251084685325623, 0.8320352154619554, 0.838318779188044, 0.8440910367404714, 0.8484986950369442, 0.852984789539786, 0.8570306791978723, 0.8606916630969328, 0.8640268199584064, 0.8670812214122099, 0.8696760780671063, 0.8718502907192006, 0.872987803290872, 0.8752356241731083, 0.8775403780095717, 0.879696810946745, 0.8816936401759877, 0.883582634084365, 0.8853735713397756, 0.8867504842141095]
############## TEST MEAN_IOU ############## 
0.8866931973081646
