############## TRAIN LOSS ############## 
[0.20470093819942023, 0.13640542303186817, 0.1041378238918008, 0.05620101510823981, 0.03515417650467842, 0.03419580594384791, 0.0274621715920197, 0.024312536899201775, 0.022088561924426136, 0.01993280612372768, 0.01935981908133505, 0.019402449025545974, 0.020762919807001144, 0.017454859558367043, 0.01595195767633315, 0.015322459597341917, 0.11855784600688699, 0.13214174877046733, 0.09713427083113708, 0.07706932778898123, 0.0675256086538571, 0.05688724529652579, 0.051228952216538226, 0.04664182838530758, 0.043934213551315104, 0.04106129043282488]
############## VALIDATION LOSS ############## 
[0.21547146404490752, 0.288322050781811, 0.25418249824467826, 0.11422248579123441, 0.2504835019216818, 1.0199414842269, 0.17763715829042828, 0.3488727891269852, 0.06939901121179848, 0.08774665775982772, 0.06152856267769547, 0.04431247760486953, 0.04144514541086905, 0.06699472298736081, 0.029685783063006753, 0.02675773252678268, 0.1551916993716184, 0.1898202343898661, 0.09929398140486549, 0.14919196200721405, 0.09550871239865527, 0.0859272775842863, 0.07071451579823214, 0.055318792843643355, 0.05914033456322025, 0.04682599106693969]
############## TEST LOSS ############## 
0.05491313254742911
############## TRAIN MEAN_IOU ############## 
[0.4597367520469266, 0.4746085731564341, 0.4895929889501752, 0.5365139668857729, 0.5886641986466743, 0.6285336726420635, 0.6553285327312108, 0.6819695101396458, 0.702994396154945, 0.7221145658074198, 0.7378066786237665, 0.7514347111856615, 0.7627706833787866, 0.7731304945977958, 0.7822957908785021, 0.7910087028065244, 0.7953536780299367, 0.7802105477532825, 0.7668448086525943, 0.759268245584256, 0.7549179264822522, 0.7532476621705133, 0.7533773075084429, 0.7543459357442083, 0.756201226566289, 0.7580822537074218]
############## VALIDATION MEAN_IOU ############## 
[0.47210460901260376, 0.48269855976104736, 0.5084769515430226, 0.563097242046805, 0.6110687816844267, 0.6427921372301438, 0.6693221541012034, 0.6929788519354427, 0.7129290664897245, 0.7302952934713924, 0.7449372691266677, 0.7575040354448206, 0.7679961358799654, 0.7777941823005676, 0.7867025873240303, 0.7949975728988647, 0.7889003122554106, 0.7725610172047335, 0.7623760139240938, 0.7567733631414526, 0.7536227492725148, 0.7530951535000521, 0.7537553345455843, 0.7552419129539939, 0.7571119701161104, 0.7593179625623366]
############## TEST MEAN_IOU ############## 
0.7598947951287934
