############## TRAIN LOSS ############## 
[0.18187408282648068, 0.07703521229779801, 0.05096221462873792, 0.0330511779411117, 0.02705221387834565, 0.023959537659696228, 0.023649847543974582, 0.031028206309152616, 0.01996969064143864, 0.01850140793249011, 0.018697735847200494, 0.0175663378322497, 0.016951211004492803, 0.01599063306442789, 0.01508609953059538, 0.027293774610813205, 0.01967755570768605, 0.016564260013527364, 0.016258417852097064, 0.016230414766264526, 0.015104554518050439, 0.014197835956725318, 0.014012245967908687, 0.021991096839711472, 0.015286539058276528, 0.013947882396924132, 0.013575423757444966, 0.013437944014456022, 0.013392675520122252, 0.013221849876179083, 0.01421872785981946, 0.014501400059089065, 0.013149093927790385, 0.014262785486927306, 0.014487126477163386, 0.013591011218424584, 0.019621459886784088, 0.013155572075472289, 0.01299277730474903, 0.013249951071810682, 0.013753830436365428, 0.012938909421398028, 0.012639292843035749, 0.01246556279727736, 0.015184498395191858, 0.013762302709290304]
############## VALIDATION LOSS ############## 
[0.320689097923391, 0.11430513113737106, 0.0778474875671022, 0.04567820863688693, 0.056527739719432944, 0.10450607209521182, 0.02545579583110178, 0.023905435357900226, 0.025601735612487093, 0.020910922547473627, 0.025385780643452618, 0.016293353894177603, 0.017500916852013153, 0.016868350863018456, 0.01545047014951706, 0.024553104522911942, 0.017018046860090074, 0.017609380925183788, 0.023612627704792163, 0.017383983851793933, 0.0184552128536298, 0.015264375600963831, 0.016177785801975167, 0.01738253912395414, 0.01619602065971669, 0.015396804302273429, 0.01649378431851373, 0.014014567714184523, 0.014236508622108138, 0.01484086542554638, 0.0162744842853178, 0.014461337506551953, 0.013403497417183483, 0.018503693808965823, 0.015165422659586458, 0.012288351762382424, 0.013890674118609989, 0.012674452216528794, 0.015550211482845685, 0.014417536063667606, 0.01580290970228174, 0.01463821018114686, 0.01349189567982274, 0.012873535373193376, 0.013411763096776079, 0.01293036388233304]
############## TEST LOSS ############## 
0.03003786088842334
############## TRAIN MEAN_IOU ############## 
[0.4611777849495411, 0.515145289736825, 0.5922364294528961, 0.6500452748827033, 0.6946465779800672, 0.7266142742859351, 0.7471826535624426, 0.7647671127641523, 0.7786563542243596, 0.7923744796095668, 0.8039039828487344, 0.8133292190126471, 0.8215212093011753, 0.8289238846785313, 0.835548646949433, 0.8406625136330321, 0.8430531854565079, 0.8473421963485511, 0.8514801159098342, 0.8550133370869869, 0.8585422671324497, 0.8618251552452912, 0.8649302938499966, 0.866932008314777, 0.8690949936170835, 0.8715287003968213, 0.8738520133334238, 0.8760323431846258, 0.8780941375204034, 0.8800328506811245, 0.8818175486616187, 0.883333948818413, 0.8849182910210377, 0.8863275212210577, 0.8876275295341337, 0.8888943585995082, 0.8897930029276255, 0.8908404885111628, 0.892034869339015, 0.8931614740474804, 0.8942260395836186, 0.8951883416723561, 0.896195151113175, 0.8971787775690491, 0.8980484641081578, 0.8987175504098067]
############## VALIDATION MEAN_IOU ############## 
[0.4798865213113673, 0.560546783839955, 0.6239651055896983, 0.6747430072111242, 0.712192037526299, 0.7382368620704202, 0.757767635233262, 0.7709343468441683, 0.7857815553160274, 0.798332691192627, 0.808583000127007, 0.8174809497945449, 0.8252932043636546, 0.8322366756551406, 0.8384857493288377, 0.8411517914603738, 0.8451468839364893, 0.8494267288376304, 0.8532472848892212, 0.8567611680311316, 0.8601363897323608, 0.8633679081411922, 0.8663401533575619, 0.8679040880764232, 0.8702873377239003, 0.8726594623397378, 0.8749336460057426, 0.8770481803837944, 0.8790438420632306, 0.8809395783087787, 0.8825957038823296, 0.8840911002720103, 0.8856438748976764, 0.886969622443704, 0.8882306077901054, 0.8895278292543748, 0.8902186225442326, 0.8914201189489925, 0.8925930436919717, 0.8936830408432904, 0.8946701463531045, 0.8956796772339765, 0.8966782233294319, 0.8976366625112646, 0.8983344821368947, 0.8991098158499774]
############## TEST MEAN_IOU ############## 
0.8991820255915324
