############## TRAIN LOSS ############## 
[0.1782034323928324, 0.07501497526174865, 0.04904488454623198, 0.0369948288992148, 0.027974810306536587, 0.023200907700418216, 0.022284402820357197, 0.02021034840318198, 0.030399498536024947, 0.018562597615921217, 0.01668437460210879, 0.01568454852000483, 0.017241774988989975, 0.017529110052950075, 0.014727894402411137, 0.017907200050791976, 0.015750842924053605, 0.01479502719814411, 0.014073660348642719, 0.014320421438488001, 0.013982129525519102, 0.013187406090641948, 0.014784506632241647, 0.014827189737351964, 0.013604752857842156, 0.030019000370835734, 0.014451625700284904, 0.013161897310055792, 0.013164318402650187, 0.012873366641862368, 0.012547625118640025, 0.01287622084979572]
############## VALIDATION LOSS ############## 
[0.201780782902942, 0.22112560710486243, 0.05889489874243736, 0.0482857045443619, 0.02879487449193702, 0.03684429418953026, 0.02282919499146588, 0.0377258474335951, 0.02650142433669637, 0.0216351302121492, 0.028819753788411617, 0.01923268474638462, 0.018337874399388537, 0.016656726626131463, 0.019012042430832106, 0.025858639465535387, 0.01610283912433421, 0.015391531400382519, 0.018966705182238537, 0.016802335979745668, 0.01647634497460197, 0.013572989387766403, 0.017638166188536322, 0.013735351015758865, 0.019556003239224937, 0.017334500382490018, 0.017113720505114866, 0.014943309402202858, 0.016053399180664736, 0.014316663502112907, 0.017840200596872496, 0.01574662108631695]
############## TEST LOSS ############## 
0.036601132786635196
############## TRAIN MEAN_IOU ############## 
[0.46093778664598595, 0.5178143633781253, 0.5960398658707335, 0.6558812941248352, 0.6978494875334404, 0.7314143869522456, 0.756091576170277, 0.7752235145182222, 0.7884868971399359, 0.7985907132561142, 0.8096246622704171, 0.8193361642392906, 0.8274138646351324, 0.8341018678368749, 0.8402658467357224, 0.8458313752670545, 0.8498215631053254, 0.854218424977483, 0.858299555005254, 0.8619932669240076, 0.8652873490307782, 0.8684313498638772, 0.8713281452655792, 0.8736028187983745, 0.8760041123306429, 0.8769035214507902, 0.8780297153704876, 0.8800483708446091, 0.8819877030076207, 0.8838076136402182, 0.8855853241843146, 0.8872283334667618]
############## VALIDATION MEAN_IOU ############## 
[0.47951257579466877, 0.5639734864234924, 0.62849500950645, 0.6777423690347111, 0.7157577696968528, 0.7448661853285397, 0.7661754418821896, 0.7832862278994392, 0.7926073004217709, 0.8042304480777067, 0.8145807560752419, 0.8236077497987186, 0.8308393253999597, 0.8371662076781777, 0.8431474180782542, 0.8476210902718937, 0.8520256070529714, 0.8562548160552979, 0.8601670089889976, 0.8636554619845223, 0.8668474449830896, 0.8699062326375175, 0.8724446507061229, 0.8747757953755996, 0.8771315848126131, 0.877027269671945, 0.8789978728574865, 0.8810060655369478, 0.882876901065602, 0.88468318827012, 0.8864045458681443, 0.8879745146807503]
############## TEST MEAN_IOU ############## 
0.8881871888131806
