############## TRAIN LOSS ############## 
[0.2078480960146801, 0.17251940504521937, 0.11446247297666363, 0.06802445082497355, 0.04377239899760162, 0.033838170064562884, 0.029991737774548097, 0.02620887037089749, 0.02434686042771146, 0.020715107669349055, 0.018735500134376658, 0.01899409044936702, 0.017447749011193378, 0.01754747164070707, 0.015737323203703035, 0.015415254561859812, 0.045909742163997645, 0.17908264424752546, 0.14004577605708227, 0.12251649353955243, 0.11693724906827146, 0.11233748623950256, 0.10799638322881751, 0.10421105519541211, 0.10080136308396184, 0.09780806219960386]
############## VALIDATION LOSS ############## 
[0.16372548131381764, 0.2673119122491163, 0.29196830269168406, 0.11102263103513156, 0.12058873145895846, 0.15503421009463422, 0.08894483175347834, 0.08304001544328297, 0.07889274704982252, 0.10323529734331019, 0.033443568164811414, 0.02453556251438225, 0.030812259270426107, 0.0602023216402706, 0.02527474781827015, 0.019963433007326198, 0.19228814016370213, 0.1633991853279226, 0.11886369831421796, 0.11795648340793218, 0.11262093133786145, 0.10732643087120618, 0.10081017784336034, 0.09844250867471975, 0.09404970398720573, 0.09059189983150538]
############## TEST LOSS ############## 
0.09079666358954978
############## TRAIN MEAN_IOU ############## 
[0.46061271841864326, 0.4726203581368601, 0.47677530126797185, 0.505293570660256, 0.5571253158756204, 0.6011681959435746, 0.6361179311533232, 0.6648914149484119, 0.6896439669905482, 0.7096366491672155, 0.7266181236183321, 0.7422251350976325, 0.7555384124453003, 0.7668054591159563, 0.7766493164204262, 0.7859432230124602, 0.7938557621595022, 0.7842055780662073, 0.7678953308511425, 0.7534175760842658, 0.7407147022517951, 0.7297959130358052, 0.7205740136874689, 0.7128288749907468, 0.7062876623224568, 0.7007413518589896]
############## VALIDATION MEAN_IOU ############## 
[0.4732402107294868, 0.47270990294568677, 0.48388661882456613, 0.5309758607079001, 0.5805043823578778, 0.6199635127011467, 0.6513596387470469, 0.677780831561369, 0.7000426509801079, 0.718346143470091, 0.7347308747908649, 0.7490390644353979, 0.7613535172799054, 0.771791977040908, 0.7813481057391447, 0.7901274842374465, 0.7932128836126888, 0.7759936451911926, 0.7605521082878113, 0.7469593076144948, 0.7351367122986737, 0.7250546462395612, 0.7166034544215483, 0.7094901169047636, 0.7034510759746327, 0.6982915015781627]
############## TEST MEAN_IOU ############## 
0.6960388468973564
