############## TRAIN LOSS ############## 
[0.19972934261769862, 0.13279901278784145, 0.07785646813745434, 0.04236684025995232, 0.035001252935192476, 0.032322359906912256, 0.025882544908420863, 0.0215066711298769, 0.028841932036762906, 0.02073819772025721, 0.01826578670659581, 0.016591223705610312, 0.01749106023045307, 0.015923376239181775, 0.015428943436819356, 0.01700104078328287, 0.014696703198038646, 0.014502182602882385, 0.04115286426669037, 0.0174416090248505, 0.01552627796017741, 0.0179971418960171, 0.014946939533802907, 0.014111963132194974, 0.01366890237880619, 0.013736457032201861, 0.013570275418837933, 0.013207528589142335, 0.01321133879340581, 0.015315914042042317, 0.013367901461803028, 0.013758051089590063, 0.012969773917182072, 0.012669014058554091]
############## VALIDATION LOSS ############## 
[0.19194195726338556, 0.1657100135789198, 0.10798895030337222, 0.06471149711047902, 0.07822745709734805, 0.11653551788014524, 0.0450625594924478, 0.05405417753054815, 0.04073964322314543, 0.022260256549891305, 0.03300430094275404, 0.02467725141083493, 0.019779896144481265, 0.020564528921728626, 0.01994162513052716, 0.021894832634750533, 0.014575575259240234, 0.03785667919060763, 0.02646732034490389, 0.02030154090265141, 0.016156422987799433, 0.016250733751803637, 0.018730032531654135, 0.014091699301977368, 0.016146019183318403, 0.01907181375495651, 0.021202211925650343, 0.01701910686953103, 0.019382254576639217, 0.015137040111071923, 0.018833217046716633, 0.01451400264768916, 0.014446567826192169, 0.01423989124048282]
############## TEST LOSS ############## 
0.03431789078044169
############## TRAIN MEAN_IOU ############## 
[0.45931632726176364, 0.4736050085441486, 0.5023131348394059, 0.5692015249986906, 0.6240080035216099, 0.664546525961644, 0.6943426079846717, 0.7191607513137765, 0.7386320358192598, 0.7532793577458408, 0.7679124720193244, 0.780756955211227, 0.7911657268131101, 0.8007381783949362, 0.8090920126115954, 0.8162918497581739, 0.822847143218324, 0.8289097426710902, 0.8308135834900109, 0.8340051480241724, 0.838294179455654, 0.8422981738238722, 0.8457529359572643, 0.8493525583196331, 0.8527542932613476, 0.8558869619627256, 0.8587926710779602, 0.8615241171540441, 0.8641111971558751, 0.8663184517944181, 0.8684645569002306, 0.8705246029673396, 0.8725133522136791, 0.8744479135887043]
############## VALIDATION MEAN_IOU ############## 
[0.47191659141989317, 0.479849718949374, 0.5333500083755044, 0.5990428819375879, 0.6457858015509212, 0.6800601762883803, 0.7072104005252614, 0.7299298538881189, 0.7454466539270738, 0.7607478709781871, 0.7744728256674374, 0.7862628102302551, 0.7959951232461369, 0.8050311628509971, 0.8128458506920758, 0.8195076093954199, 0.8258936685674331, 0.8315730340340558, 0.8318250249413883, 0.8360999857678133, 0.8403515640427085, 0.8438896116088418, 0.8475393652915955, 0.8510405491380131, 0.8543195443994859, 0.8573345822446486, 0.8601415087195003, 0.8628099175060496, 0.8652880682664759, 0.8673425176564384, 0.8695073899100808, 0.8714870950754952, 0.8734599422006046, 0.8753521337228662]
############## TEST MEAN_IOU ############## 
0.875640869140625
