############## TRAIN LOSS ############## 
[0.20416952105792793, 0.12132507421680398, 0.0690794326364994, 0.04402778419741505, 0.034879223714154715, 0.025715108098764275, 0.021840096432463946, 0.021970468780931993, 0.018440119365255372, 0.01763820227210385, 0.03511417497301827, 0.01867439744465456, 0.01675922190141235, 0.016043626907835336, 0.015094122811648491, 0.015317372357900682, 0.015400959251171633, 0.014617509372230317, 0.014305885991308134, 0.017187774102706964, 0.014459976926445961, 0.014472011162119137, 0.01501936758742542, 0.013802977099486097, 0.013492962867776686, 0.013208240320956384, 0.039392731004595956, 0.019418668464405108, 0.015557861245061094, 0.015608219105775494, 0.013790259370580316, 0.013128711958415806, 0.01343098735260601, 0.013213247023019436, 0.01284954187498]
############## VALIDATION LOSS ############## 
[0.1952221709139207, 0.1437627208583495, 0.19464219755986156, 0.07365384829394958, 0.047850398565916455, 0.0338973470908754, 0.03758030806613319, 0.02989325951784849, 0.03812244260574088, 0.11160219460725784, 0.04452031889163396, 0.018502909772317198, 0.021303663249401486, 0.030536428696530706, 0.01870433597222847, 0.04370242913308389, 0.018269636805224067, 0.01579071910065763, 0.017112634911694947, 0.03765005426590934, 0.017012106884709177, 0.017892070854192272, 0.021745767581331378, 0.013303005903521004, 0.012878396712681827, 0.014843677444493069, 0.02902652131503119, 0.016791353248717153, 0.014301628038725433, 0.01578282770317267, 0.017303113387349772, 0.01353139542591046, 0.013498486375764888, 0.015207683201879263, 0.013739186256904812]
############## TEST LOSS ############## 
0.03725870685143904
############## TRAIN MEAN_IOU ############## 
[0.45931366176621335, 0.4768543038013819, 0.5293093259270126, 0.5899470086033279, 0.6362625606156684, 0.6744156254304422, 0.7068820410483593, 0.7310517172555666, 0.7508263805428067, 0.766942929174449, 0.7757970759192029, 0.7846074688273508, 0.7949482174338521, 0.8041844247160731, 0.8119540355495505, 0.8191688052705817, 0.8248319629881833, 0.8307042448101817, 0.835921357209618, 0.8403074350711461, 0.8441918202348657, 0.8481858598219382, 0.8517377038259764, 0.8549430257565266, 0.8581286290207425, 0.8611227302132426, 0.8627150550081923, 0.8625753763559703, 0.864574470632785, 0.8666700020029738, 0.8687695715878461, 0.8708686889023394, 0.8728689209029481, 0.8747271967900766, 0.876499854229592]
############## VALIDATION MEAN_IOU ############## 
[0.4716080164208132, 0.49447383775430565, 0.5602840781211853, 0.6144610643386841, 0.6557979303247788, 0.6915174091563505, 0.71996750200496, 0.741215747945449, 0.7592045840095071, 0.7733570898280424, 0.7794343969401192, 0.7898770746062783, 0.7996411393670475, 0.808108249131371, 0.8156220702564015, 0.8220757000586566, 0.8277835004469928, 0.8333110669079948, 0.8383111708304462, 0.8422249941264882, 0.8461920408641591, 0.8499671325964087, 0.8532882788602043, 0.856519506258123, 0.8596127348787644, 0.8625118136405945, 0.8619236911044401, 0.8634966261246625, 0.865637274349437, 0.8676736600258771, 0.8698030920589671, 0.8718664786394905, 0.8737756960532245, 0.8755888342857361, 0.8773422802195829]
############## TEST MEAN_IOU ############## 
0.8774572076219501
