############## TRAIN LOSS ############## 
[0.1801683101026962, 0.15942388082653083, 0.14797038808129392, 0.142108457970542, 0.1389917896070459, 0.13684174957525758, 0.13520677869946504, 0.13399306940846145, 0.1330409374293611, 0.17560951219007745, 0.897844420353446, 0.8979146314010212, 0.8979935646138266, 0.8974878324543272, 0.89819921041614, 0.8980629463144539, 0.8979781928557553, 0.8980262475798648, 0.8979373415593682, 0.897849406923, 0.8976499943179459, 0.8978538376324654, 0.897986779184232, 0.8980204308694316, 0.8980936875788516, 0.8978215693933893, 0.8980538017231185, 0.8977732419375468]
############## VALIDATION LOSS ############## 
[0.18199949656777523, 0.15972011638622657, 0.14346461054668122, 0.14530004938954816, 0.1406991889736816, 0.13829418374042884, 0.13649147146326654, 0.13563569485410756, 0.13668205273136788, 0.9405231165274986, 0.9405231165274986, 0.9405231165274986, 0.9405231165274986, 0.9405231165274986, 0.9405231165274986, 0.9405231165274986, 0.9405231165274986, 0.9405231165274986, 0.9405231165274986, 0.9405231165274986, 0.9405231165274986, 0.9405231165274986, 0.9405231165274986, 0.9405231165274986, 0.9405231165274986, 0.9405231165274986, 0.9405231165274986, 0.9405231165274986]
############## TEST LOSS ############## 
0.8556361830595768
############## TRAIN MEAN_IOU ############## 
[0.47118275414581773, 0.4720098745447021, 0.47210924699902534, 0.472235538166117, 0.47240246436348904, 0.4726124000441921, 0.47286283540296126, 0.47314247462126585, 0.47344341498237474, 0.47375890521987063, 0.4738032185883672, 0.47364936849555456, 0.4735199838272623, 0.47340990596257887, 0.47331461186210316, 0.4732309070390624, 0.47315745035538803, 0.4730924375623733, 0.47303425644834834, 0.4729822782782821, 0.4729354187913306, 0.4728928280843271, 0.47285397649482563, 0.47281818021390887, 0.47278517306790696, 0.47275504258436124, 0.47272689704288234, 0.4727010996760549]
############## VALIDATION MEAN_IOU ############## 
[0.47118275414581773, 0.4720098745447021, 0.47210924699902534, 0.472235538166117, 0.47240246436348904, 0.4726124000441921, 0.47286283540296126, 0.47314247462126585, 0.47344341498237474, 0.47375890521987063, 0.4738032185883672, 0.47364936849555456, 0.4735199838272623, 0.47340990596257887, 0.47331461186210316, 0.4732309070390624, 0.47315745035538803, 0.4730924375623733, 0.47303425644834834, 0.4729822782782821, 0.4729354187913306, 0.4728928280843271, 0.47285397649482563, 0.47281818021390887, 0.47278517306790696, 0.47275504258436124, 0.47272689704288234, 0.4727010996760549]
############## TEST MEAN_IOU ############## 
0.47264450939014707
