############## TRAIN LOSS ############## 
[0.143467758354303, 0.0781874251882294, 0.05554241601216212, 0.04288571199740054, 0.03344683696703722, 0.02904059217476757, 0.028824638825188903, 0.026977717456067515, 0.02150144615409174, 0.039133499748795084, 0.0265217562434725, 0.021513032392413315, 0.020965528783825255, 0.021812705043672182, 0.021099395626282918, 0.018354730877650285, 0.018818961724071676, 0.020566324164613983, 0.018264979496241, 0.02521118120385254, 0.01727863826847563, 0.0175117864440475, 0.022792358992946165, 0.01722222709868875, 0.016741470912034723, 0.017843667027992925, 0.018577010511598765, 0.016695142878692882, 0.021915267985048, 0.01662692645045395, 0.01610803486873264, 0.015469723641602671, 0.020266522675261547, 0.016102675635224144, 0.01629452474987153, 0.017465523210957727, 0.01517843523471858, 0.01759041516236942, 0.015573417488167662, 0.016137196079578822, 0.0150153651756727, 0.021725332198231855, 0.015849439275465196, 0.01603585530635944, 0.017035753100236098, 0.01641682509542587, 0.01482841873818567, 0.015846177052431763, 0.018312017621344427, 0.020375747697610816, 0.01731420203258175, 0.015814083016061683, 0.015560158872446933, 0.01713010269246125, 0.016042520748604083, 0.016223506409120205, 0.015766862149737725, 0.017070507860754734, 0.014488573891023473, 0.01728769936282235, 0.014542276191687133, 0.015170702895346465, 0.01519880077289968, 0.015870725386927614, 0.01609181260967792, 0.018952710148799245]
############## VALIDATION LOSS ############## 
[0.09940309988736522, 0.07680174164181831, 0.05396635449655792, 0.045238431552242414, 0.03632455396776398, 0.04951289247757956, 0.029070386850256837, 0.04188217217668745, 0.03966900872468364, 0.032497477585303726, 0.03202232776447108, 0.09513820383661226, 0.021225109799107647, 0.024045840092916406, 0.02181702461687154, 0.01825246926141428, 0.020037440813657846, 0.04230077293308854, 0.020301725861488606, 0.018423408423961306, 0.018706251910485912, 0.018073127542248033, 0.019944882824989584, 0.018411815470066286, 0.04807267884048177, 0.0210774076629462, 0.019087606237507333, 0.01802963492182065, 0.025137488552204827, 0.017593346047957027, 0.017334535287684014, 0.017244880568172197, 0.017608169866006766, 0.018120906669555195, 0.019851292264373863, 0.01676804978969991, 0.017545727304726217, 0.018020453923336212, 0.017359230865943518, 0.017737568736729194, 0.015603240527721652, 0.016338909205218192, 0.02070741598750008, 0.01668492794423775, 0.02261721584763305, 0.014969241610778422, 0.018027364579942442, 0.01723177333056525, 0.050024884944672096, 0.0172636733429196, 0.01505589131071853, 0.01525256111270602, 0.016600863709041448, 0.015753744518174333, 0.01547687980357795, 0.01820577461929882, 0.018819443697758093, 0.016748880856789137, 0.01628763549253527, 0.015942441660216917, 0.016725103797130835, 0.01780666174097717, 0.029755891026819452, 0.018455299329670036, 0.01632221657628714, 0.017668370215117236]
############## TEST LOSS ############## 
0.03183882821614694
############## TRAIN MEAN_IOU ############## 
[0.4815357772482408, 0.5646858191167986, 0.6322270183412878, 0.6824631913825199, 0.720618772681232, 0.7481711516911919, 0.7680473777356448, 0.7821115611775501, 0.7946237547843306, 0.8048238877106357, 0.8086013639563913, 0.8158166048763035, 0.8204957312560296, 0.8268144788505795, 0.8322290437849792, 0.8372497458581452, 0.8420041692149531, 0.8457061449015463, 0.8487240916436857, 0.8512204996234661, 0.8541429177060857, 0.857187696740971, 0.8595610908022872, 0.8615447831180718, 0.8639527214271528, 0.8651696440872846, 0.8671579038103422, 0.8690019433160086, 0.8707389377795898, 0.8718997846181328, 0.8735714039958276, 0.8752223149881707, 0.8764679678925523, 0.8778088993585862, 0.8791581840665491, 0.8802409296905672, 0.8814617741752315, 0.8826016998505807, 0.8835881853828559, 0.8846615375699224, 0.8856903757597949, 0.8862630663825585, 0.8870541953423001, 0.8878523634897696, 0.8886583735411232, 0.8893275983161755, 0.8901564386916591, 0.8908961479728287, 0.8916311693621112, 0.890837686824369, 0.89141934962423, 0.8921421703186121, 0.892875490559114, 0.8935043385571187, 0.8941441362237071, 0.8947195361057917, 0.8953301276306849, 0.8958213487723926, 0.8964132454481211, 0.8969226976906931, 0.897474097507494, 0.8980202707755673, 0.8985427954980919, 0.8989480182796985, 0.8994109731939461, 0.8997951167392301]
############## VALIDATION MEAN_IOU ############## 
[0.4815357772482408, 0.5646858191167986, 0.6322270183412878, 0.6824631913825199, 0.720618772681232, 0.7481711516911919, 0.7680473777356448, 0.7821115611775501, 0.7946237547843306, 0.8048238877106357, 0.8086013639563913, 0.8158166048763035, 0.8204957312560296, 0.8268144788505795, 0.8322290437849792, 0.8372497458581452, 0.8420041692149531, 0.8457061449015463, 0.8487240916436857, 0.8512204996234661, 0.8541429177060857, 0.857187696740971, 0.8595610908022872, 0.8615447831180718, 0.8639527214271528, 0.8651696440872846, 0.8671579038103422, 0.8690019433160086, 0.8707389377795898, 0.8718997846181328, 0.8735714039958276, 0.8752223149881707, 0.8764679678925523, 0.8778088993585862, 0.8791581840665491, 0.8802409296905672, 0.8814617741752315, 0.8826016998505807, 0.8835881853828559, 0.8846615375699224, 0.8856903757597949, 0.8862630663825585, 0.8870541953423001, 0.8878523634897696, 0.8886583735411232, 0.8893275983161755, 0.8901564386916591, 0.8908961479728287, 0.8916311693621112, 0.890837686824369, 0.89141934962423, 0.8921421703186121, 0.892875490559114, 0.8935043385571187, 0.8941441362237071, 0.8947195361057917, 0.8953301276306849, 0.8958213487723926, 0.8964132454481211, 0.8969226976906931, 0.897474097507494, 0.8980202707755673, 0.8985427954980919, 0.8989480182796985, 0.8994109731939461, 0.8997951167392301]
############## TEST MEAN_IOU ############## 
0.8998864372571309
