############## TRAIN LOSS ############## 
[0.14243582821753178, 0.06962314766526499, 0.05528970355789915, 0.04627211943718705, 0.04445234517897752, 0.038379181321615434, 0.036221009126755827, 0.0339637013213989, 0.032324195227137115, 0.030110478031486775, 0.030303115946128504, 0.02767716382833634, 0.027986137538293307, 0.026193828974797512, 0.02575734935718985, 0.025249749509581504, 0.02435902331263925, 0.025797886722192832, 0.023282234005147312, 0.023599425109988498, 0.022999192534575944, 0.022353223158338428, 0.02156554211801818, 0.021590229187241423, 0.02143785363921222, 0.021237268624637172, 0.020374470040183, 0.02156898007340895, 0.02017641592016213, 0.02022133872732583, 0.02012968254301676, 0.01929341778435759, 0.01981223246137004, 0.01902536461401158, 0.01939327314746176, 0.019027123000063234, 0.01885103380301918, 0.01907361046726913, 0.01864055577200955, 0.018293618775272545, 0.018262629520101763, 0.020132714763422956, 0.01780315960684937, 0.017833505250457966, 0.01878474582175644, 0.017488878151902806, 0.01869548375874696, 0.017030815674146865, 0.01794110221460148, 0.017460563569280517, 0.017508406994988332, 0.017266880801872577, 0.01702110485867862, 0.01699471328358233, 0.01749860321775191, 0.016821108028199052, 0.017189335622534347, 0.016666308289885665, 0.016296779353725217, 0.017486787683689425, 0.01614288410504135, 0.016340366447439993, 0.01632189774997912, 0.016899888027625355, 0.016169291208686307, 0.017082718631787133]
############## VALIDATION LOSS ############## 
[0.08532549112158663, 0.06005232755606081, 0.049990915894216184, 0.04144987484038461, 0.04181362671193247, 0.04074464572191823, 0.03366706145507302, 0.032472129194431154, 0.033259396363670625, 0.0316239554781978, 0.032604288113504354, 0.02970054820545164, 0.030341580503291506, 0.030348278947320638, 0.02802754460614832, 0.025169126333340126, 0.02729160132516614, 0.02624121724226165, 0.026862926466171357, 0.02592624150508759, 0.022487563014888735, 0.02448656042928205, 0.024179927466035474, 0.024722774636329096, 0.024334075741981175, 0.024377220282878947, 0.023569148330602283, 0.024112515731294658, 0.02363161917995004, 0.02233415384612539, 0.02216534615110825, 0.023502337029568998, 0.024290362692565893, 0.02365580571851894, 0.023716557003995952, 0.02329047147969843, 0.023983403515326334, 0.023042332741669287, 0.02187957068649577, 0.02078704367957863, 0.022500158374325608, 0.021443969099873714, 0.021973953911048526, 0.021561685506729225, 0.022319964671909224, 0.018909108569370767, 0.02052128444626635, 0.02097847817611753, 0.022252628707564344, 0.021231827271335265, 0.02088698496421178, 0.02206242215984008, 0.020293918442821093, 0.022237430746648825, 0.02366336597147964, 0.02088087696043373, 0.02310024956058638, 0.02016023841376106, 0.025726820511159067, 0.02018720576683443, 0.02016732004452862, 0.02372991887158623, 0.02198118913699599, 0.020408731250676746, 0.02080724970894117, 0.022313777597018462]
############## TEST LOSS ############## 
0.042463999572727416
############## TRAIN MEAN_IOU ############## 
[0.4838091944184926, 0.5799414602754352, 0.6441304111131677, 0.683528170795054, 0.7120661771109512, 0.732008454498944, 0.7485747629323521, 0.7621738069632031, 0.7733553445285505, 0.7826907062852705, 0.7908087699665679, 0.7978824479085905, 0.8040406612662582, 0.8094369427443625, 0.8144179287928719, 0.8189054581898827, 0.8230751045383848, 0.8267071147088532, 0.8299936832071425, 0.8331095056088121, 0.8360646196582295, 0.8388582078051997, 0.8415082776331687, 0.8439936753328856, 0.8462440824589214, 0.8483986675336554, 0.8504394978821814, 0.8522646106980942, 0.8540567602660205, 0.855795432855417, 0.8574787472953668, 0.8590598762840838, 0.86052594159369, 0.8619578155177133, 0.8632959557009173, 0.8646268131765159, 0.8658829152181342, 0.8670538662521688, 0.8681986583648501, 0.8693454637452289, 0.870402903170199, 0.8713186790680026, 0.8723266487857243, 0.8732951969445288, 0.8741730138793722, 0.8750480814157305, 0.8758804291352495, 0.8767525244269285, 0.8775784929727649, 0.878350417490478, 0.8790987926694724, 0.8798283960099693, 0.8805489593797976, 0.8812632705714252, 0.8819032438300751, 0.8825628076184977, 0.8832184573014578, 0.8838423812040338, 0.8844759046762913, 0.88504465796926, 0.8856132116403665, 0.8862005724563254, 0.886736131130575, 0.8872825526170902, 0.8878055395441012, 0.8883271703983212]
############## VALIDATION MEAN_IOU ############## 
[0.4838091944184926, 0.5799414602754352, 0.6441304111131677, 0.683528170795054, 0.7120661771109512, 0.732008454498944, 0.7485747629323521, 0.7621738069632031, 0.7733553445285505, 0.7826907062852705, 0.7908087699665679, 0.7978824479085905, 0.8040406612662582, 0.8094369427443625, 0.8144179287928719, 0.8189054581898827, 0.8230751045383848, 0.8267071147088532, 0.8299936832071425, 0.8331095056088121, 0.8360646196582295, 0.8388582078051997, 0.8415082776331687, 0.8439936753328856, 0.8462440824589214, 0.8483986675336554, 0.8504394978821814, 0.8522646106980942, 0.8540567602660205, 0.855795432855417, 0.8574787472953668, 0.8590598762840838, 0.86052594159369, 0.8619578155177133, 0.8632959557009173, 0.8646268131765159, 0.8658829152181342, 0.8670538662521688, 0.8681986583648501, 0.8693454637452289, 0.870402903170199, 0.8713186790680026, 0.8723266487857243, 0.8732951969445288, 0.8741730138793722, 0.8750480814157305, 0.8758804291352495, 0.8767525244269285, 0.8775784929727649, 0.878350417490478, 0.8790987926694724, 0.8798283960099693, 0.8805489593797976, 0.8812632705714252, 0.8819032438300751, 0.8825628076184977, 0.8832184573014578, 0.8838423812040338, 0.8844759046762913, 0.88504465796926, 0.8856132116403665, 0.8862005724563254, 0.886736131130575, 0.8872825526170902, 0.8878055395441012, 0.8883271703983212]
############## TEST MEAN_IOU ############## 
0.8883922871917185
