############## TRAIN LOSS ############## 
[0.1499826397179408, 0.07313585759041966, 0.05394314915185106, 0.8213918634778307, 0.8978831958429858, 0.8979657301791855, 0.8978531456493046, 0.8980146166603545, 0.898146173599747, 0.8977629936639357, 0.897844420353446, 0.8979146314010212, 0.8979935646138266, 0.8974878324543272, 0.89819921041614, 0.8980629463144539, 0.8979781928557553, 0.8980262475798648, 0.8979373415593682, 0.897849406923, 0.8976499943179459, 0.8978538376324654, 0.897986779184232]
############## VALIDATION LOSS ############## 
[0.15344623534702787, 0.08391167593243368, 0.06138723304349126, 0.9405231165274986, 0.9405231165274986, 0.9405231165274986, 0.9405231165274986, 0.9405231165274986, 0.9405231165274986, 0.9405231165274986, 0.9405231165274986, 0.9405231165274986, 0.9405231165274986, 0.9405231165274986, 0.9405231165274986, 0.9405231165274986, 0.9405231165274986, 0.9405231165274986, 0.9405231165274986, 0.9405231165274986, 0.9405231165274986, 0.9405231165274986, 0.9405231165274986]
############## TEST LOSS ############## 
0.8556361830595768
############## TRAIN MEAN_IOU ############## 
[0.4738709199334587, 0.5562592021248363, 0.6247000151255109, 0.6347362739411561, 0.6003710901415026, 0.5779093924137924, 0.5621518802132692, 0.5504847730065251, 0.5414924995453508, 0.5343535604911882, 0.5285465987818735, 0.5237290124903928, 0.5196688398718834, 0.5162009478689314, 0.5132032699278883, 0.5105853470730352, 0.5082807835560661, 0.5062363817616626, 0.5044099316672161, 0.5027691383619566, 0.501286733257878, 0.4999405912853576, 0.49871279326108126]
############## VALIDATION MEAN_IOU ############## 
[0.4738709199334587, 0.5562592021248363, 0.6247000151255109, 0.6347362739411561, 0.6003710901415026, 0.5779093924137924, 0.5621518802132692, 0.5504847730065251, 0.5414924995453508, 0.5343535604911882, 0.5285465987818735, 0.5237290124903928, 0.5196688398718834, 0.5162009478689314, 0.5132032699278883, 0.5105853470730352, 0.5082807835560661, 0.5062363817616626, 0.5044099316672161, 0.5027691383619566, 0.501286733257878, 0.4999405912853576, 0.49871279326108126]
############## TEST MEAN_IOU ############## 
0.4974716521874823
