############## TRAIN LOSS ############## 
[0.13500386443479942, 0.06299211979510162, 0.05328628921808952, 0.0442947423537073, 0.040711562246370535, 0.03984590208376569, 0.036942834917050554, 0.03268239302086111, 0.03227313689851209, 0.031213112647123665, 0.029278553084827966, 0.02829331194162306, 0.02778541971254215, 0.02608377455692027, 0.026027354538552924, 0.024437938132118812, 0.024168577739761235, 0.024379131362890417, 0.0237094364128843, 0.022845340019033232, 0.02331795405425018, 0.022537778346763394, 0.02187090927052211, 0.021749533009144444, 0.02134225287017552, 0.02098291025004483, 0.0211283348878849, 0.020356188736128912, 0.020058076806038175, 0.020733984411357972, 0.02005306644485671, 0.019660387576378353, 0.02016070660742575, 0.019908967459897366, 0.01891310692570203, 0.018843299380547775, 0.01937436134259671, 0.018574436864681146, 0.01844867384535793, 0.01813802505577015, 0.01868202146496523, 0.018376314958586264, 0.018127459354128315, 0.01814205852412039, 0.01805284787671455, 0.017795758660237904, 0.017968650508247502, 0.017523495258157364, 0.017703725681729354, 0.022011930720067095, 0.016869555186752445, 0.017030063540087296, 0.01693192802457332, 0.017366771084247425, 0.01711572658106954, 0.017183894735795992, 0.01675867223686739, 0.017208657069450302, 0.016697063045768602, 0.017119258848041528, 0.01673144958137552, 0.01611592065561323, 0.016443128727071266, 0.016840583331023472, 0.016473350998166023, 0.01631378913037855]
############## VALIDATION LOSS ############## 
[0.10126249879306438, 0.125439762640014, 0.05574392116920767, 0.06407862409091025, 0.048446062614447345, 0.043023545495873575, 0.041659751181107235, 0.03236333786866025, 0.032496263930464495, 0.035689634841629396, 0.03486585834830561, 0.032567107054751875, 0.031140341717914185, 0.03182901952452227, 0.028296896781516718, 0.02850591709070346, 0.02580790705157115, 0.026957380137972387, 0.027607281642107694, 0.025276721158411865, 0.026427155193945794, 0.02488969054127879, 0.02638352514865498, 0.026280614287208987, 0.02618698024318791, 0.027804877088569543, 0.026507557963258495, 0.023820995595123545, 0.02039193032268325, 0.02443278613317685, 0.025054645624157844, 0.02457296959918869, 0.026735727880697918, 0.022314083226043366, 0.02490255303963946, 0.02349936636621315, 0.027855176923741752, 0.02525477723090672, 0.026638342318691166, 0.024099239988215997, 0.02416803608831091, 0.02131775471007488, 0.02495568746463487, 0.02362661539147809, 0.023042715232198436, 0.019081208382404465, 0.022499563188438175, 0.023642294483222796, 0.021513896891573334, 0.0231985799676063, 0.019688867161497838, 0.025133580603983765, 0.024958515626506184, 0.022606927860418662, 0.0239716578895847, 0.020018967199504523, 0.020958847809108158, 0.020761834293165627, 0.02014436647432911, 0.021695997995123558, 0.021672838139256426, 0.02345367958289845, 0.022799911844891076, 0.023334650879762338, 0.02209372037802549, 0.026540386590960564]
############## TEST LOSS ############## 
0.04271804748309983
############## TRAIN MEAN_IOU ############## 
[0.48704372960570697, 0.5869366456125233, 0.6464513423475059, 0.6876632984022837, 0.7153265923261642, 0.7354365932914588, 0.750652848935879, 0.763662352352529, 0.7749731685664203, 0.7842686509898117, 0.792139336601034, 0.7989354130249839, 0.8048788050005028, 0.8102281284224879, 0.8151569189923303, 0.8197000162961247, 0.8239326168287981, 0.8276478981783798, 0.8309415455337044, 0.8340529055745752, 0.8370016363558469, 0.8396825140660947, 0.8422506876491211, 0.844607694057731, 0.8468716470105154, 0.8489588103047362, 0.8509233081125999, 0.8528238353025805, 0.854655809700489, 0.8563284823620642, 0.8579129475999523, 0.8594826910275597, 0.8609265540097211, 0.8622375581044335, 0.8635689076539632, 0.8648683103892181, 0.8661121656228831, 0.8672601459799586, 0.8684544359912744, 0.8695396512478322, 0.8705986249554265, 0.8715868446606774, 0.872593555968624, 0.8735199061197203, 0.8744465283848144, 0.8753236426829217, 0.876204758009932, 0.8770498354155738, 0.8778578210789878, 0.878429368071191, 0.8791416452543156, 0.8799333330747243, 0.8806649828413585, 0.8813719619904552, 0.8820223543155301, 0.8826829374239251, 0.88333256495697, 0.8839439800059473, 0.8845523568960998, 0.8851516654228305, 0.8857145141642373, 0.8862678364321992, 0.8868189514488787, 0.8873548617099857, 0.8878583489908828, 0.8883845430236679]
############## VALIDATION MEAN_IOU ############## 
[0.48704372960570697, 0.5869366456125233, 0.6464513423475059, 0.6876632984022837, 0.7153265923261642, 0.7354365932914588, 0.750652848935879, 0.763662352352529, 0.7749731685664203, 0.7842686509898117, 0.792139336601034, 0.7989354130249839, 0.8048788050005028, 0.8102281284224879, 0.8151569189923303, 0.8197000162961247, 0.8239326168287981, 0.8276478981783798, 0.8309415455337044, 0.8340529055745752, 0.8370016363558469, 0.8396825140660947, 0.8422506876491211, 0.844607694057731, 0.8468716470105154, 0.8489588103047362, 0.8509233081125999, 0.8528238353025805, 0.854655809700489, 0.8563284823620642, 0.8579129475999523, 0.8594826910275597, 0.8609265540097211, 0.8622375581044335, 0.8635689076539632, 0.8648683103892181, 0.8661121656228831, 0.8672601459799586, 0.8684544359912744, 0.8695396512478322, 0.8705986249554265, 0.8715868446606774, 0.872593555968624, 0.8735199061197203, 0.8744465283848144, 0.8753236426829217, 0.876204758009932, 0.8770498354155738, 0.8778578210789878, 0.878429368071191, 0.8791416452543156, 0.8799333330747243, 0.8806649828413585, 0.8813719619904552, 0.8820223543155301, 0.8826829374239251, 0.88333256495697, 0.8839439800059473, 0.8845523568960998, 0.8851516654228305, 0.8857145141642373, 0.8862678364321992, 0.8868189514488787, 0.8873548617099857, 0.8878583489908828, 0.8883845430236679]
############## TEST MEAN_IOU ############## 
0.8883682697710364
