############## TRAIN LOSS ############## 
[0.13902073387509664, 0.0665530528134335, 0.05425456382238793, 0.04379691260167805, 0.039774925781383495, 0.037524194371422986, 0.03469239819985904, 0.03257202097465943, 0.029952766592032276, 0.03739905541141041, 0.02931806108277702, 0.026059975655739476, 0.02743400581236635, 0.025957695081226185, 0.02506599183618311, 0.023832220971943006, 0.024129955399854092, 0.02358191313363899, 0.023954029805863357, 0.02237783795767878, 0.022312053367804275, 0.02262787381934342, 0.021408735142227537, 0.020951447982886683, 0.021637158862668492, 0.02101232716000874, 0.019923364812843052, 0.02028222947361379, 0.02011601272337233, 0.019921758973584662, 0.020334128187650104, 0.018920980671896973, 0.019017701520735154, 0.019134565703630493, 0.01868427814975098, 0.01898291816471576, 0.018595616245334356, 0.018114668926140078, 0.018472724949411337, 0.01797952772840454, 0.018307980574071087, 0.018443849890490627, 0.01873976363034065, 0.018569800028254157, 0.01740726524534333, 0.01739076747840086, 0.018268602691744303, 0.017333303151046805, 0.017505158729273627, 0.01742449627862378, 0.017025383150679328, 0.017000395521667874, 0.016968146268260858, 0.016395951158072193, 0.017394537342854392, 0.016723604626931447, 0.01641665359541032, 0.016683014829984976, 0.016629532885138992, 0.01629417687245796, 0.01709075067224927, 0.016104693211976457, 0.016128685279819276, 0.016117483448544738, 0.016697328831346444, 0.016127211899852677]
############## VALIDATION LOSS ############## 
[0.0810789733613823, 0.06196279448511846, 0.04725564282624891, 0.045172750853988176, 0.03870775718607154, 0.03797967502317738, 0.034763986071316054, 0.034063620415205755, 0.033045376089456326, 0.03569355205742314, 0.032527104280341196, 0.030779960980711906, 0.028312954850787043, 0.026055616312934196, 0.02749429862288868, 0.02548458804741648, 0.02736207021528161, 0.02386724553527493, 0.025454506049772688, 0.024048550962927004, 0.024562159178815053, 0.024996045301211814, 0.02550892229191959, 0.025045141687288004, 0.024286429767551666, 0.02744042851469096, 0.024625636833519034, 0.0247857895606727, 0.022781953437016438, 0.02490418016289671, 0.027694247010182225, 0.02544377330581055, 0.024890086981102677, 0.022519593186420845, 0.02242631427076298, 0.02669737587326809, 0.021079504243828647, 0.023986578900732247, 0.02309022970525, 0.022325610344791236, 0.022481039613850562, 0.02162495231730681, 0.024316336795249405, 0.01935754791723893, 0.02663109736864035, 0.019338478318269493, 0.021940929812890496, 0.02018864012058532, 0.02896174155266992, 0.02128792845634926, 0.020582714353176747, 0.020147939630345824, 0.023861121778905977, 0.021730942191674794, 0.020292922932033736, 0.01941025850828737, 0.020840720257575752, 0.022824370863792652, 0.024110190419699338, 0.020951291339645416, 0.019792808740235427, 0.02317133774140886, 0.02066328526958458, 0.020117010954338328, 0.019475389557306235, 0.025517286171260124]
############## TEST LOSS ############## 
0.03886457202636232
############## TRAIN MEAN_IOU ############## 
[0.4859281353115498, 0.5946311759384902, 0.6549201823838122, 0.6946705064929284, 0.7226847901537612, 0.7431115801404188, 0.7587314983745953, 0.7715953622046892, 0.7825587470386479, 0.790392001268563, 0.7966695050666998, 0.8036739604027422, 0.8097584229466077, 0.8150364452519933, 0.8199266432910353, 0.8244242559413653, 0.8285072837192733, 0.8321373073367385, 0.8353150236579749, 0.838389296185326, 0.84125622435733, 0.8438806227064347, 0.8463329572801117, 0.8486463889345393, 0.8507677398554914, 0.8527876700501185, 0.8547215234857422, 0.8565142943381189, 0.8582512916208388, 0.8598647628415812, 0.8613765667284932, 0.8628071142478032, 0.8642360387487454, 0.8655750772303289, 0.8668993460433977, 0.8681413541371757, 0.8692790980006123, 0.8704632603236147, 0.8715268026466843, 0.8725925959176846, 0.873603886379315, 0.8745859332449801, 0.8754826982816061, 0.8762821591383702, 0.8771379594061826, 0.8779909346286241, 0.8787745454826871, 0.8796012455278689, 0.8803783013476981, 0.8809747711360991, 0.88173147203686, 0.8824571489885047, 0.8831498425554585, 0.8838329163489042, 0.8844268401866561, 0.8850677074478553, 0.885702887969511, 0.886310976367813, 0.8868933077733796, 0.8874524493475218, 0.8880089953004777, 0.8885299897005966, 0.8890445073982617, 0.8895594514570795, 0.8900527435245814, 0.8905312382691616]
############## VALIDATION MEAN_IOU ############## 
[0.4859281353115498, 0.5946311759384902, 0.6549201823838122, 0.6946705064929284, 0.7226847901537612, 0.7431115801404188, 0.7587314983745953, 0.7715953622046892, 0.7825587470386479, 0.790392001268563, 0.7966695050666998, 0.8036739604027422, 0.8097584229466077, 0.8150364452519933, 0.8199266432910353, 0.8244242559413653, 0.8285072837192733, 0.8321373073367385, 0.8353150236579749, 0.838389296185326, 0.84125622435733, 0.8438806227064347, 0.8463329572801117, 0.8486463889345393, 0.8507677398554914, 0.8527876700501185, 0.8547215234857422, 0.8565142943381189, 0.8582512916208388, 0.8598647628415812, 0.8613765667284932, 0.8628071142478032, 0.8642360387487454, 0.8655750772303289, 0.8668993460433977, 0.8681413541371757, 0.8692790980006123, 0.8704632603236147, 0.8715268026466843, 0.8725925959176846, 0.873603886379315, 0.8745859332449801, 0.8754826982816061, 0.8762821591383702, 0.8771379594061826, 0.8779909346286241, 0.8787745454826871, 0.8796012455278689, 0.8803783013476981, 0.8809747711360991, 0.88173147203686, 0.8824571489885047, 0.8831498425554585, 0.8838329163489042, 0.8844268401866561, 0.8850677074478553, 0.885702887969511, 0.886310976367813, 0.8868933077733796, 0.8874524493475218, 0.8880089953004777, 0.8885299897005966, 0.8890445073982617, 0.8895594514570795, 0.8900527435245814, 0.8905312382691616]
############## TEST MEAN_IOU ############## 
0.8906672017742889
