############## TRAIN LOSS ############## 
[0.1759264380440351, 0.09951160849724036, 0.06094175171728984, 0.04822734006295643, 0.042395329580858336, 0.040398823606403046, 0.03661193183585498, 0.033666608422044934, 0.03332803144675799, 0.02988555061456937, 0.02971080208799895, 0.028330826198775007, 0.027759179465024604, 0.026566707575487247, 0.026247684066982253, 0.024764565843348088, 0.024076815357352847, 0.02432559461154957, 0.023202716366974963, 0.02318887506761884, 0.022762173063325987, 0.02271497352772745, 0.022468965579219412, 0.02091093680818475, 0.021407971459330502, 0.02097261282501308, 0.020734673093888763, 0.020706596846860333, 0.019857579012431095, 0.020586544672328233, 0.019413844226013072, 0.020191164945015213, 0.019281942058532387, 0.019486355896956124, 0.01939733394834007, 0.01878883952638323, 0.01901544985406184, 0.019124351152985018, 0.018522413706189067, 0.018278100113552232, 0.01871836604645527, 0.01881165233555441, 0.018018900782424695, 0.017757335134684492, 0.018285899505277845, 0.017588147222439246, 0.01946527569216906, 0.017314986708796012, 0.017149545411066846, 0.017235196128330334, 0.017594730342016765, 0.01803602527922464, 0.017381560564031173, 0.016716340543598152, 0.016702422505561018, 0.017961435128552136, 0.016744353027050993, 0.017333841056661022, 0.016726534531994117, 0.016526950814352917, 0.016500262985868472, 0.016938011266648647, 0.016365948081255664, 0.01631337268118587, 0.016839481310255307, 0.016051698303542524, 0.016363879852580285]
############## VALIDATION LOSS ############## 
[0.17497859939056284, 0.07143771797235982, 0.06596833645530484, 0.059782312415978485, 0.05919860986371835, 0.041338291174421705, 0.043920019974785986, 0.033795760296212105, 0.040452095716461245, 0.03270279860361388, 0.03366091608425931, 0.03044996989489186, 0.03305097235658882, 0.030463713349080553, 0.02907005364221393, 0.0271659726459606, 0.03042696883865431, 0.02528760977564197, 0.024371081408496725, 0.02642713013497711, 0.02357205022674273, 0.02351637085324482, 0.025379944569887777, 0.02274364605089467, 0.027718168005402034, 0.02411568318448011, 0.0234345280127052, 0.02700335944217502, 0.023511561211289875, 0.021091077435652122, 0.024062553484577174, 0.022267795188407248, 0.02458646687605948, 0.023199120746450683, 0.02579480320598711, 0.024575020711613344, 0.02250927935957032, 0.022388651250295488, 0.02264598136603394, 0.02400980004584234, 0.02539312378412076, 0.02095511490616071, 0.026177847799023286, 0.019241767008697577, 0.021388604880913216, 0.02114748229117443, 0.018881523238686734, 0.022406922895278708, 0.022159606688564606, 0.021055439080787348, 0.019254733418004915, 0.029327909288672255, 0.020798040177289617, 0.021164750226079394, 0.022302774986361757, 0.021807402924762343, 0.023741110326156167, 0.019231403148367854, 0.02045848781206444, 0.02329171223876377, 0.023700645764120946, 0.025526338854950724, 0.020902744161111174, 0.02211992359519297, 0.022062422415497256, 0.020745240393843428, 0.021420474689198183]
############## TEST LOSS ############## 
0.03664608056271317
############## TRAIN MEAN_IOU ############## 
[0.4718342414713121, 0.49965181369502265, 0.5749242564847877, 0.6288531045387457, 0.6673169503206605, 0.6943392540152008, 0.7159094750075727, 0.7332681832952542, 0.7479842002461622, 0.7596286266773671, 0.7700221877511557, 0.7788478617329855, 0.7866313724635957, 0.7932626380845234, 0.7994018154772552, 0.8048274296898026, 0.8099365893516455, 0.8144272933000917, 0.8186288858587677, 0.8224714793734722, 0.8259510115325988, 0.8292083742919268, 0.8322609575079368, 0.8350867424999271, 0.8377352260925748, 0.8402176245644286, 0.8425900798525896, 0.8447664845231417, 0.8468560910708195, 0.8488559155716552, 0.850791445320791, 0.8525620611669781, 0.8542680836341403, 0.8558657426420633, 0.8573945913765881, 0.8588593865300084, 0.8602561345240017, 0.8616207039973758, 0.8628969710689407, 0.864152721792191, 0.8653170087852994, 0.8664525104938327, 0.8675294274816642, 0.8685994996680869, 0.8696550029489372, 0.8706476137981759, 0.8715234880109091, 0.8724864476972872, 0.8734158607753547, 0.874319479809151, 0.8751823777953783, 0.8759185881899284, 0.8766526903386589, 0.8774137917805362, 0.8782083598208857, 0.8789289906486735, 0.879613847882898, 0.8802661898436847, 0.8809605624090444, 0.8816012047432564, 0.8822433513564032, 0.8828604026017962, 0.883450829365232, 0.8840528378883997, 0.8846163618806246, 0.8851681066391704, 0.8857441731132902]
############## VALIDATION MEAN_IOU ############## 
[0.4718342414713121, 0.49965181369502265, 0.5749242564847877, 0.6288531045387457, 0.6673169503206605, 0.6943392540152008, 0.7159094750075727, 0.7332681832952542, 0.7479842002461622, 0.7596286266773671, 0.7700221877511557, 0.7788478617329855, 0.7866313724635957, 0.7932626380845234, 0.7994018154772552, 0.8048274296898026, 0.8099365893516455, 0.8144272933000917, 0.8186288858587677, 0.8224714793734722, 0.8259510115325988, 0.8292083742919268, 0.8322609575079368, 0.8350867424999271, 0.8377352260925748, 0.8402176245644286, 0.8425900798525896, 0.8447664845231417, 0.8468560910708195, 0.8488559155716552, 0.850791445320791, 0.8525620611669781, 0.8542680836341403, 0.8558657426420633, 0.8573945913765881, 0.8588593865300084, 0.8602561345240017, 0.8616207039973758, 0.8628969710689407, 0.864152721792191, 0.8653170087852994, 0.8664525104938327, 0.8675294274816642, 0.8685994996680869, 0.8696550029489372, 0.8706476137981759, 0.8715234880109091, 0.8724864476972872, 0.8734158607753547, 0.874319479809151, 0.8751823777953783, 0.8759185881899284, 0.8766526903386589, 0.8774137917805362, 0.8782083598208857, 0.8789289906486735, 0.879613847882898, 0.8802661898436847, 0.8809605624090444, 0.8816012047432564, 0.8822433513564032, 0.8828604026017962, 0.883450829365232, 0.8840528378883997, 0.8846163618806246, 0.8851681066391704, 0.8857441731132902]
############## TEST MEAN_IOU ############## 
0.8859471962909505
