############## TRAIN LOSS ############## 
[5.670619302605455, 15.04572540360528, 15.045331072162938, 15.045300535253576, 15.045144603059098, 15.045227424518481, 15.045155480101302, 15.045018698718097, 15.045187299315995, 15.045322128244349, 15.045183864799705, 15.045366003706649, 15.04527573972135, 15.04507184673, 15.045053520718136, 15.045126889203045, 15.045117442672318, 15.045103601507238, 15.045093523489463, 15.045078606218905, 15.045417920963184, 15.045095031325882, 15.045288363018551, 15.045282312341639, 15.045151845828906, 15.045424074740023, 15.045090933103818, 15.045064294660413, 15.045086196950963, 15.045204272141328, 15.045014548946071, 15.04517751126676, 15.045155112807816, 15.045130600800386, 15.04514234130447, 15.0451357429092, 15.045226509506637, 15.045274541184709, 15.044991345018953, 15.045138481500986, 15.044954306370503, 15.044987188803184, 15.045016353194779, 15.045256414928952, 15.045081512348071, 15.045118022609401, 15.045079276368424, 15.044960634128467, 15.045175610361872, 15.045246182261286, 15.045142811697882]
############## VALIDATION LOSS ############## 
[15.011971473693848, 15.012012089000029, 15.012012089000029, 15.012012089000029, 15.012012089000029, 15.012012089000029, 15.012012089000029, 15.012012089000029, 15.012012089000029, 15.012012089000029, 15.012012089000029, 15.012012089000029, 15.012012089000029, 15.012012089000029, 15.012012089000029, 15.012012089000029, 15.012012089000029, 15.012012089000029, 15.012012089000029, 15.012012089000029, 15.012012089000029, 15.012012089000029, 15.012012089000029, 15.012012089000029, 15.012012089000029, 15.012012089000029, 15.012012089000029, 15.012012089000029, 15.012012089000029, 15.012012089000029, 15.012012089000029, 15.012012089000029, 15.012012089000029, 15.012012089000029, 15.012012089000029, 15.012012089000029, 15.012012089000029, 15.012012089000029, 15.012012089000029, 15.012012089000029, 15.012012089000029, 15.012012089000029, 15.012012089000029, 15.012012089000029, 15.012012089000029, 15.012012089000029, 15.012012089000029, 15.012012089000029, 15.012012089000029, 15.012012089000029, 15.012012089000029]
############## TEST LOSS ############## 
15.096028825008508
############## TRAIN JACCARD_INDEX ############## 
[0.023886897715229848, 0.05601667952366733, 0.056014400233872844, 0.05601468705801363, 0.056021340179944555, 0.05601721002839572, 0.056019332888306295, 0.05602560877133324, 0.056019227634596595, 0.056009594503698044, 0.0560177526828969, 0.0560074004523269, 0.05600986730729829, 0.056022307536990605, 0.05602270962699453, 0.05602192641362451, 0.05602088986058009, 0.05601933641603134, 0.05601886819008591, 0.056023349584500254, 0.056007960685580525, 0.05602145769984806, 0.05601329552920437, 0.05601110821369419, 0.05601958115500258, 0.056006410814124385, 0.056022125291768005, 0.05602471485894578, 0.05601971150840918, 0.05601672324924823, 0.056019519692948334, 0.056019917493887524, 0.056018316231888805, 0.05602213946356797, 0.05602767690487438, 0.056020173885055, 0.0560169560266043, 0.056015993062224226, 0.05602351059267271, 0.05601929218163818, 0.05602565572316659, 0.05602798816463273, 0.05603162838477982, 0.05601370195270877, 0.056024793312164235, 0.056019577344143444, 0.056023172818110846, 0.05602918410517172, 0.05602085817633024, 0.056016547079451896, 0.056018625380234645]
############## VALIDATION JACCARD_INDEX ############## 
[0.023886897715229848, 0.05601667952366733, 0.056014400233872844, 0.05601468705801363, 0.056021340179944555, 0.05601721002839572, 0.056019332888306295, 0.05602560877133324, 0.056019227634596595, 0.056009594503698044, 0.0560177526828969, 0.0560074004523269, 0.05600986730729829, 0.056022307536990605, 0.05602270962699453, 0.05602192641362451, 0.05602088986058009, 0.05601933641603134, 0.05601886819008591, 0.056023349584500254, 0.056007960685580525, 0.05602145769984806, 0.05601329552920437, 0.05601110821369419, 0.05601958115500258, 0.056006410814124385, 0.056022125291768005, 0.05602471485894578, 0.05601971150840918, 0.05601672324924823, 0.056019519692948334, 0.056019917493887524, 0.056018316231888805, 0.05602213946356797, 0.05602767690487438, 0.056020173885055, 0.0560169560266043, 0.056015993062224226, 0.05602351059267271, 0.05601929218163818, 0.05602565572316659, 0.05602798816463273, 0.05603162838477982, 0.05601370195270877, 0.056024793312164235, 0.056019577344143444, 0.056023172818110846, 0.05602918410517172, 0.05602085817633024, 0.056016547079451896, 0.056018625380234645]
############## TEST JACCARD_INDEX ############## 
0.05308577254911753
############## VOC ############## 
0.026546243403602558
