############## TRAIN LOSS ############## 
[0.8898812251517901, 0.9027449555090956, 0.9027064577550501, 0.9026917829304129, 0.9028139249295801, 0.9027380351279233, 0.902765308682983, 0.9028585166544527, 0.9027822150571926, 0.9026032923846632, 0.9027412209559131, 0.9025994160690823, 0.9026093889732618, 0.9028050613564413, 0.9028081056233999, 0.9028247220290674, 0.9028039508171983, 0.9027697447989438, 0.9027570059170594, 0.9028367770684732, 0.9025913839404648, 0.9027920411647977, 0.9026730870072907, 0.9026535560150404, 0.90275880513159, 0.9025638270619754, 0.9028243039910858, 0.9028399586677551, 0.9027806868827021, 0.9027225171794763, 0.902742181073975, 0.9027777785384977, 0.9027525782585144, 0.9028144718424694, 0.9029037950409425, 0.9027669764048344, 0.9027286200104533, 0.9027158750875576, 0.9028256946318859, 0.9027546521376919, 0.9028576771552498, 0.902909890622706, 0.9029698510830467, 0.9026746149804141, 0.9028400899590673, 0.9027705754379969, 0.9028064387070166, 0.9029051832653381, 0.9027932932650721, 0.9027340126198691, 0.9027570045074901]
############## VALIDATION LOSS ############## 
[0.940523401779287, 0.940523401779287, 0.940523401779287, 0.940523401779287, 0.940523401779287, 0.940523401779287, 0.940523401779287, 0.940523401779287, 0.940523401779287, 0.940523401779287, 0.940523401779287, 0.940523401779287, 0.940523401779287, 0.940523401779287, 0.940523401779287, 0.940523401779287, 0.940523401779287, 0.940523401779287, 0.940523401779287, 0.940523401779287, 0.940523401779287, 0.940523401779287, 0.940523401779287, 0.940523401779287, 0.940523401779287, 0.940523401779287, 0.940523401779287, 0.940523401779287, 0.940523401779287, 0.940523401779287, 0.940523401779287, 0.940523401779287, 0.940523401779287, 0.940523401779287, 0.940523401779287, 0.940523401779287, 0.940523401779287, 0.940523401779287, 0.940523401779287, 0.940523401779287, 0.940523401779287, 0.940523401779287, 0.940523401779287, 0.940523401779287, 0.940523401779287, 0.940523401779287, 0.940523401779287, 0.940523401779287, 0.940523401779287, 0.940523401779287, 0.940523401779287]
############## TEST LOSS ############## 
0.8556377938299468
############## TRAIN JACCARD_INDEX ############## 
[0.0010156857535013157, 0.0, 0.0, 0.0, 0.0, 0.0, 0.0, 0.0, 0.0, 0.0, 0.0, 0.0, 0.0, 0.0, 0.0, 0.0, 0.0, 0.0, 0.0, 0.0, 0.0, 0.0, 0.0, 0.0, 0.0, 0.0, 0.0, 0.0, 0.0, 0.0, 0.0, 0.0, 0.0, 0.0, 0.0, 0.0, 0.0, 0.0, 0.0, 0.0, 0.0, 0.0, 0.0, 0.0, 0.0, 0.0, 0.0, 0.0, 0.0, 0.0, 0.0]
############## VALIDATION JACCARD_INDEX ############## 
[0.0010156857535013157, 0.0, 0.0, 0.0, 0.0, 0.0, 0.0, 0.0, 0.0, 0.0, 0.0, 0.0, 0.0, 0.0, 0.0, 0.0, 0.0, 0.0, 0.0, 0.0, 0.0, 0.0, 0.0, 0.0, 0.0, 0.0, 0.0, 0.0, 0.0, 0.0, 0.0, 0.0, 0.0, 0.0, 0.0, 0.0, 0.0, 0.0, 0.0, 0.0, 0.0, 0.0, 0.0, 0.0, 0.0, 0.0, 0.0, 0.0, 0.0, 0.0, 0.0]
############## TEST JACCARD_INDEX ############## 
0.0
############## VOC ############## 
0.4734572824805674
