############## TRAIN LOSS ############## 
[0.2040765517064043, 0.14646387221039953, 0.1118002978933824, 0.07425687898386706, 0.05007773508561087, 0.03520332765136216, 0.030376255814288114, 0.02639346196408476, 0.02435047766781068, 0.027376153170726857, 0.02134059075903785, 0.02192778042140039, 0.021761403704347374, 0.018058279143260407, 0.017555996943433006, 0.018095537390861963, 0.016348153512153, 0.02445007933656106, 0.018118039889445714, 0.01660399005102279, 0.015608521421683265, 0.01520249692236518, 0.015104661443950358, 0.015133035268533873, 0.01457626743426731, 0.014724720512760116, 0.018898325267474394, 0.014535121720384908, 0.014390683812634633, 0.013976206159772905, 0.014326725259993796, 0.013645828701555729, 0.01404164788137014, 0.0133591099466021, 0.014429502122037046, 0.015282777675033153, 0.013512727313649815, 0.013143693755573786, 0.013119256627318021, 0.013251217136679738, 0.012989856143322613, 0.013367664769526806, 0.013260304269187891, 0.012613913585507387, 0.012619284623478716, 0.012689080596943427, 0.07028447622265499, 0.02991884973672059, 0.019694866176258336, 0.017846690423719516, 0.015618917184068007, 0.014386577506524485, 0.013777377969073551, 0.014062534908654991, 0.013721833362134997]
############## VALIDATION LOSS ############## 
[0.18522805822830574, 0.20719710956601536, 0.204617083364842, 0.3613767536247478, 0.4019825511118945, 0.5011567771434784, 0.31307825066295325, 0.16993913419690787, 0.38516153132214265, 0.07822095295962166, 0.18679637593381546, 0.08182051113130999, 0.055484891010850086, 0.07490969113275117, 0.051881583261431434, 0.08547866191057597, 0.06290075164653507, 0.04438732973500794, 0.04295821524426049, 0.034582328854822646, 0.05515220279202742, 0.031261785978487895, 0.0454887402627398, 0.043505783868478795, 0.07023709691038318, 0.0336770575639664, 0.0235860343182496, 0.03612850380002284, 0.024528767730967672, 0.026484836039005543, 0.04165147135362906, 0.03888410267730554, 0.020702654057565856, 0.015885294597668975, 0.014769063130313275, 0.03767921655055355, 0.031092876020599815, 0.017636693247100887, 0.0294623292398219, 0.019397230088418604, 0.03418909794851845, 0.02244434907448058, 0.03223430022012954, 0.023104873613691797, 0.015058306009307796, 0.019471328595981878, 0.04188134418983085, 0.02465568764098719, 0.02126167513722298, 0.034466376199441796, 0.02174796014293736, 0.025419287456601273, 0.02167160944173149, 0.018363495065154983, 0.024973657968289712]
############## TEST LOSS ############## 
0.05095978482353567
############## TRAIN MEAN_IOU ############## 
[0.46442583257013614, 0.4739725885090527, 0.4769620436268884, 0.5026940781253952, 0.5483090625152932, 0.589863611234201, 0.6230473770751609, 0.6504815875946939, 0.6740358036917609, 0.6911964894415022, 0.7077627676027315, 0.7220204810838442, 0.73484783183347, 0.7470635122007078, 0.7576530366330534, 0.7668276294931635, 0.7750584918099481, 0.7819973144445334, 0.7882441856839635, 0.7946245170928337, 0.800641712841687, 0.8061475377899032, 0.8113234547881393, 0.8159974276482522, 0.8202894491118353, 0.8241533545760421, 0.8276643173114674, 0.8309353616860535, 0.834269787814166, 0.8375166933815759, 0.8405259890599294, 0.843231924482294, 0.8458098253688296, 0.8483744333456228, 0.8507747934745239, 0.852973227565353, 0.8550252200246932, 0.8570882994849403, 0.8590886882833533, 0.8609658023258587, 0.8627958840078062, 0.8644892734450262, 0.8660994139877526, 0.8676461781467404, 0.8691721843169616, 0.8706580137347316, 0.8706344253308064, 0.868960398274499, 0.8695989745157259, 0.870527370019002, 0.8715083652788455, 0.8726114711245975, 0.8737052695171253, 0.8747866347029403, 0.8758159279823303]
############## VALIDATION MEAN_IOU ############## 
[0.46442583257013614, 0.4739725885090527, 0.4769620436268884, 0.5026940781253952, 0.5483090625152932, 0.589863611234201, 0.6230473770751609, 0.6504815875946939, 0.6740358036917609, 0.6911964894415022, 0.7077627676027315, 0.7220204810838442, 0.73484783183347, 0.7470635122007078, 0.7576530366330534, 0.7668276294931635, 0.7750584918099481, 0.7819973144445334, 0.7882441856839635, 0.7946245170928337, 0.800641712841687, 0.8061475377899032, 0.8113234547881393, 0.8159974276482522, 0.8202894491118353, 0.8241533545760421, 0.8276643173114674, 0.8309353616860535, 0.834269787814166, 0.8375166933815759, 0.8405259890599294, 0.843231924482294, 0.8458098253688296, 0.8483744333456228, 0.8507747934745239, 0.852973227565353, 0.8550252200246932, 0.8570882994849403, 0.8590886882833533, 0.8609658023258587, 0.8627958840078062, 0.8644892734450262, 0.8660994139877526, 0.8676461781467404, 0.8691721843169616, 0.8706580137347316, 0.8706344253308064, 0.868960398274499, 0.8695989745157259, 0.870527370019002, 0.8715083652788455, 0.8726114711245975, 0.8737052695171253, 0.8747866347029403, 0.8758159279823303]
############## TEST MEAN_IOU ############## 
0.8763131850897664
############## VOC ############## 
0.9381566047668457
