############## TRAIN LOSS ############## 
[0.19472291159468727, 0.1392497378023895, 0.12211645579150131, 0.09501564002654574, 0.05983307064922006, 0.04745937700945515, 0.034429125319998546, 0.029169026669953857, 0.026654188798086065, 0.02705959765123086, 0.02586751505061313, 0.022778314848740894, 0.020099168962186522, 0.025657680095383176, 0.020509055320609797, 0.01903958871188733, 0.018951216326640534, 0.019329818712362834, 0.016862200782844075, 0.016289230427696363, 0.023698747057367017, 0.01696648964708721, 0.015724165402856226, 0.01542706249768401, 0.035637964561648736, 0.027785913565674343, 0.018822597113211412, 0.016694676172961522, 0.020959407531631155, 0.016794104951324763, 0.015088170884294552, 0.014591876354471251, 0.01589785186943036, 0.014566205811124664, 0.014389182680059929, 0.013707745476281858, 0.013752121704857092, 0.013841551900547635, 0.014011050041697852, 0.01844512614178228, 0.014380314462893718, 0.014524504861181921, 0.013895124327055775, 0.013176970347460057, 0.013255406653525325, 0.014206282932915398, 0.013190611580235732, 0.016754053033854778, 0.013312183140130999, 0.012862540068323011, 0.012853435119026684, 0.012681723484215705, 0.012702172798280781, 0.012461091215546066, 0.01729918357303685, 0.015305315970803972, 0.013245526000622425, 0.01240986681266411, 0.012255815650663665, 0.012267378708431581, 0.012494882652619938, 0.011987275615972173, 0.011870920221816312, 0.01389615483128944, 0.012481097190699598, 0.012043026959741706, 0.012409631620152845, 0.012145049232351888, 0.012966079138185795]
############## VALIDATION LOSS ############## 
[0.32464735005416123, 0.18087921744468166, 0.1415930802331251, 0.1457840265596614, 0.10183130832863789, 0.09080010959330727, 0.13893914704813676, 0.29200681868721456, 0.24638082934360878, 0.1891843962903116, 0.3231703989646014, 0.1341610493905404, 0.08063193520202357, 0.06492172093952403, 0.06628476441198704, 0.04155836137486439, 0.02820023656914047, 0.03728295676410198, 0.033898030243375725, 0.05286424219900487, 0.026867811732432422, 0.03715577385589188, 0.02296705571386744, 0.05352708934714981, 0.05935883259072023, 0.03834688177734029, 0.026900533258038407, 0.04685177730725092, 0.025292267694192773, 0.023892723827385436, 0.020935019003409966, 0.02814043280394638, 0.022178498955041755, 0.020534276450965918, 0.03412114317510642, 0.026273072496348738, 0.025196402498027858, 0.030417791622526506, 0.042549817147208194, 0.018752001098119746, 0.01724390176070087, 0.019683151341536465, 0.01765420983600266, 0.023298001939467357, 0.015353600202383948, 0.019553240899946176, 0.02224046950611998, 0.01591676897278019, 0.014910910333342412, 0.018190036783469657, 0.019556579746159854, 0.017646421623580596, 0.018933540429262555, 0.01781076313379933, 0.015447635148816249, 0.018415065737915973, 0.01662633465785606, 0.015495669096708298, 0.015335328201306802, 0.019957979702774215, 0.018328082327749216, 0.01564562233055339, 0.019191924519106455, 0.01868318764529392, 0.017104288690960874, 0.01594678745331133, 0.0188427239145134, 0.01796368834580861, 0.015023600109213707]
############## TEST LOSS ############## 
0.040485778037044735
############## TRAIN MEAN_IOU ############## 
[0.46325521184517454, 0.4743653366694579, 0.4774471126698159, 0.4874511522215766, 0.5225061924607904, 0.5637978433488725, 0.6005083526576962, 0.6319240498113202, 0.6549281730308188, 0.6744060602274027, 0.6909134178548246, 0.703666002363772, 0.7171670783747424, 0.7297331712267421, 0.7398224918691961, 0.7501304455705591, 0.7594196774938085, 0.7676845488247571, 0.7755352403666522, 0.7828153226826642, 0.7887312313457867, 0.7940911908407469, 0.7995315215609096, 0.8047779460211058, 0.8090021739134917, 0.8093794530576414, 0.8127047070511827, 0.8163878477371491, 0.819817007124961, 0.8228466542991432, 0.8261446394361891, 0.8293113042642405, 0.832270580369073, 0.8350335445489969, 0.8377804036612984, 0.8403607220263094, 0.8428305817079974, 0.8451833327611288, 0.8473763814917555, 0.8491692709493207, 0.8510604833697414, 0.8528729220768353, 0.8547335165040987, 0.8565536699853502, 0.8583023966969671, 0.85993974380665, 0.8614920785835197, 0.862954222404205, 0.8643105932184167, 0.865753414931598, 0.8671565893534068, 0.8685012003322979, 0.8698012818087328, 0.8710658507304149, 0.8721601146835465, 0.8730884248071963, 0.8740929784001531, 0.8751997523479633, 0.8762883586926503, 0.877342639205692, 0.8783539114771662, 0.8793317847423725, 0.8803082446794253, 0.8811754058073232, 0.882026050541852, 0.8829129209389558, 0.8837577985213684, 0.8845748890627612, 0.8853654045242447]
############## VALIDATION MEAN_IOU ############## 
[0.46325521184517454, 0.4743653366694579, 0.4774471126698159, 0.4874511522215766, 0.5225061924607904, 0.5637978433488725, 0.6005083526576962, 0.6319240498113202, 0.6549281730308188, 0.6744060602274027, 0.6909134178548246, 0.703666002363772, 0.7171670783747424, 0.7297331712267421, 0.7398224918691961, 0.7501304455705591, 0.7594196774938085, 0.7676845488247571, 0.7755352403666522, 0.7828153226826642, 0.7887312313457867, 0.7940911908407469, 0.7995315215609096, 0.8047779460211058, 0.8090021739134917, 0.8093794530576414, 0.8127047070511827, 0.8163878477371491, 0.819817007124961, 0.8228466542991432, 0.8261446394361891, 0.8293113042642405, 0.832270580369073, 0.8350335445489969, 0.8377804036612984, 0.8403607220263094, 0.8428305817079974, 0.8451833327611288, 0.8473763814917555, 0.8491692709493207, 0.8510604833697414, 0.8528729220768353, 0.8547335165040987, 0.8565536699853502, 0.8583023966969671, 0.85993974380665, 0.8614920785835197, 0.862954222404205, 0.8643105932184167, 0.865753414931598, 0.8671565893534068, 0.8685012003322979, 0.8698012818087328, 0.8710658507304149, 0.8721601146835465, 0.8730884248071963, 0.8740929784001531, 0.8751997523479633, 0.8762883586926503, 0.877342639205692, 0.8783539114771662, 0.8793317847423725, 0.8803082446794253, 0.8811754058073232, 0.882026050541852, 0.8829129209389558, 0.8837577985213684, 0.8845748890627612, 0.8853654045242447]
############## TEST MEAN_IOU ############## 
0.8857846034897698
############## VOC ############## 
0.94289231300354
