############## TRAIN LOSS ############## 
[0.18996178707829467, 0.12641545086427852, 0.07329002354998847, 0.04389412813559846, 0.03292224208849508, 0.028727582857214117, 0.02671751405137616, 0.023850229367412424, 0.022633936038022644, 0.021539023909549992, 0.01949552880381947, 0.023759064919038397, 0.018980030339580397, 0.017347659286413644, 0.01669563194904644, 0.01648588799493941, 0.016191507114919724, 0.015895923503112416, 0.016620199934386456, 0.015495514081841385, 0.02206831291183695, 0.0175936217587609, 0.015717964762033108, 0.01457130056931763, 0.014272422622050251, 0.015448584594671522, 0.013784771097135974, 0.013365417261616335, 0.013962302826814823, 0.024899469843755167, 0.014663744185052745, 0.02165592912802691, 0.014962843564750106, 0.014133899594313121, 0.013999311551283877, 0.013283302776750413, 0.013012656522495253, 0.013340498039683511, 0.012465826835617557, 0.012693891062627773, 0.012700531988295618, 0.01307220937818423, 0.012705641446282735, 0.012300342157785152, 0.01366486480493132, 0.012444723909301264, 0.01262556128036063, 0.012405124383869473, 0.015821480834101502, 0.013182276574609516, 0.012524265766580094, 0.012161756609776267, 0.012272783299186477, 0.01194016963058898, 0.011737803362209248, 0.012385627166745631, 0.011692960738196029, 0.011866891068649722, 0.02228074663041814, 0.01541200746270316, 0.012609379831701517, 0.012875496795786931, 0.02124597763995061, 0.013077792560530675]
############## VALIDATION LOSS ############## 
[0.28381870949969573, 0.3059710024618635, 0.16053417617199467, 0.41876592297180026, 0.356356971988491, 0.19575227855467328, 0.32121741654826147, 0.09987831196072054, 0.43773671225005506, 0.12273830467579412, 0.15027926014918908, 0.07786294460004452, 0.06862329866956263, 0.12371980165149651, 0.07554983661747446, 0.052688301193947885, 0.07091305039676965, 0.029063370480549102, 0.15944909640386992, 0.10519125699704769, 0.03258189511503659, 0.02168327982665277, 0.03364630949263479, 0.04209159705422673, 0.03080287155713521, 0.04275062961467341, 0.029619726151520132, 0.020534534555147674, 0.03069602519127668, 0.024417753386146882, 0.09442190358451769, 0.022825614677048196, 0.01770424097776413, 0.021923028005688797, 0.03170984315083308, 0.020876431545498324, 0.02632300292744356, 0.01979072110763952, 0.02107740887532047, 0.019886980636739264, 0.02202579236644156, 0.025119280771297568, 0.026149864363319734, 0.01523140779532054, 0.029650624987541462, 0.022889163783367944, 0.022742330571453945, 0.025726810170739304, 0.015435585788652008, 0.015644164116797494, 0.022873402664474414, 0.01867858780657544, 0.017308974200311827, 0.023104163507620495, 0.024274400197992138, 0.022481092708367928, 0.01993855271561473, 0.0210173603366403, 0.03321509826563153, 0.0182879606955776, 0.018693803535664782, 0.01868042892173809, 0.015232197502080132, 0.016635519689789005]
############## TEST LOSS ############## 
0.03975444052631807
############## TRAIN MEAN_IOU ############## 
[0.46317806222417335, 0.4744796586466265, 0.5110451783145871, 0.5705045703295115, 0.6200389845951183, 0.656261315753868, 0.6848712209108714, 0.7069727928788813, 0.7269293912896165, 0.7398134174647631, 0.7537129521369934, 0.7641698395883715, 0.7740236987938752, 0.7835767994055877, 0.7916064348306742, 0.7991501259374189, 0.8060400034930255, 0.8122621989464974, 0.817926506738405, 0.82213837552715, 0.826307271514927, 0.8294890898841996, 0.8335718082952069, 0.8374607863726916, 0.8410732746124268, 0.8443407792228836, 0.8474315383412816, 0.850453776819212, 0.853317190397967, 0.8551564055520136, 0.8570439042271795, 0.8587623104318842, 0.8603798145646447, 0.8624529156598959, 0.8644586941143414, 0.8663444733834481, 0.86821224882796, 0.8699308805637531, 0.8716305757428074, 0.8732804575481931, 0.8748443910667488, 0.8763190029977678, 0.8777081950290783, 0.8790765775216592, 0.8803461569923539, 0.8815513693534576, 0.8827437983976828, 0.8838860489226676, 0.8848667842847807, 0.8858038380339339, 0.8868120699315458, 0.8878109036265193, 0.8887936215142946, 0.8897586207132082, 0.8906755291663848, 0.8915399984196499, 0.8923862667771073, 0.8932368583507366, 0.8939243571178334, 0.8939508446702013, 0.8946392750954842, 0.8953399765598882, 0.8957753825832058, 0.8962075747885145]
############## VALIDATION MEAN_IOU ############## 
[0.46317806222417335, 0.4744796586466265, 0.5110451783145871, 0.5705045703295115, 0.6200389845951183, 0.656261315753868, 0.6848712209108714, 0.7069727928788813, 0.7269293912896165, 0.7398134174647631, 0.7537129521369934, 0.7641698395883715, 0.7740236987938752, 0.7835767994055877, 0.7916064348306742, 0.7991501259374189, 0.8060400034930255, 0.8122621989464974, 0.817926506738405, 0.82213837552715, 0.826307271514927, 0.8294890898841996, 0.8335718082952069, 0.8374607863726916, 0.8410732746124268, 0.8443407792228836, 0.8474315383412816, 0.850453776819212, 0.853317190397967, 0.8551564055520136, 0.8570439042271795, 0.8587623104318842, 0.8603798145646447, 0.8624529156598959, 0.8644586941143414, 0.8663444733834481, 0.86821224882796, 0.8699308805637531, 0.8716305757428074, 0.8732804575481931, 0.8748443910667488, 0.8763190029977678, 0.8777081950290783, 0.8790765775216592, 0.8803461569923539, 0.8815513693534576, 0.8827437983976828, 0.8838860489226676, 0.8848667842847807, 0.8858038380339339, 0.8868120699315458, 0.8878109036265193, 0.8887936215142946, 0.8897586207132082, 0.8906755291663848, 0.8915399984196499, 0.8923862667771073, 0.8932368583507366, 0.8939243571178334, 0.8939508446702013, 0.8946392750954842, 0.8953399765598882, 0.8957753825832058, 0.8962075747885145]
############## TEST MEAN_IOU ############## 
0.8964654793642988
############## VOC ############## 
0.9482327699661255
