############## TRAIN LOSS ############## 
[0.1914728923558115, 0.13856116581607508, 0.09854773287703325, 0.07132959963233622, 0.05134670832404145, 0.03766742897396152, 0.03123827580664609, 0.02742172047697209, 0.024537842645234353, 0.024182715629403655, 0.0232090489133387, 0.020482253946095437, 0.027659446370225767, 0.021502166717976064, 0.01856865929355761, 0.018605260396594398, 0.017722043200387613, 0.018460807004557538, 0.017304448293404537, 0.016527360011529817, 0.016234108104227898, 0.014817630360322492, 0.015364375519188674, 0.015203050748856218, 0.06444037398575125, 0.026885658066283475, 0.019018775942894788, 0.01818047509201475, 0.016526575363870408, 0.0157877877186816, 0.015672846294536785, 0.016764469914608175, 0.014678693464579614, 0.014400873912145963, 0.015310303798901874, 0.01385351422721067, 0.014135036986690384, 0.013676926623694264, 0.014395664630642345, 0.013800705590092385, 0.013373257651052496, 0.013211644745457012, 0.014634039395631434, 0.01332645965236667, 0.01280610765087175, 0.012884455149875837, 0.01291901095526981, 0.03585837157191457, 0.0162860446961949, 0.014359005244432, 0.01349956954636418, 0.013300677190895553, 0.01293730320459282, 0.012730506789946073, 0.012931156295209049, 0.012982901189946107, 0.013221052357809501, 0.012670935609856167, 0.012264846937378516, 0.012483641849243426, 0.014134212170501013, 0.01262917735001391, 0.012513707689773123, 0.012454636927761204, 0.012400802635998876, 0.011885458976869379, 0.012327754547030808, 0.012258498505731154]
############## VALIDATION LOSS ############## 
[0.162593753898845, 0.4431963720742394, 0.21413037502298168, 0.0898776492651771, 0.0734386238835606, 0.14410629225712196, 0.16446121942763234, 0.08955099791580555, 0.12326077693233303, 0.14555623586855682, 0.1955421895665281, 0.14564717166564045, 0.024673798358907886, 0.03806084982466464, 0.04085519504459465, 0.08583842802281473, 0.05178034882627282, 0.030143358105537938, 0.03552483635790208, 0.0588246549607492, 0.049878944953282676, 0.06191216482251298, 0.04986246087241406, 0.03399357911856735, 0.06982476081626088, 0.050784965429235905, 0.027129203336788157, 0.03805700506941945, 0.025001254882298263, 0.03534653998327022, 0.03533523248545095, 0.022231532699045015, 0.029617703282365612, 0.026366520307812037, 0.02572959515393949, 0.03131085042567814, 0.03548315218558498, 0.024407236161185245, 0.03164629174359873, 0.04071260254610987, 0.0329147309941404, 0.02698079584275975, 0.021441276568700287, 0.03548774868249893, 0.01898151362205253, 0.021512717337292785, 0.024770844764277048, 0.018114572336130282, 0.019427329064438156, 0.02047733191912081, 0.018808634276045302, 0.02176581874635874, 0.020426714500668002, 0.02051583220999615, 0.018237422220408916, 0.025528434043129284, 0.03462223569844283, 0.023149142407026944, 0.0245523326025874, 0.022915469482541084, 0.02635602700505771, 0.020218732273753953, 0.024676685897158643, 0.018638591519465633, 0.023059888432423275, 0.020764846902559784, 0.019469576175598538, 0.025610488309871917]
############## TEST LOSS ############## 
0.05369040500937086
############## TRAIN MEAN_IOU ############## 
[0.4631688482052571, 0.47318849934113993, 0.4884805244368476, 0.5227474892461622, 0.567614626240086, 0.6088133964452658, 0.6407404445313118, 0.6671108931034535, 0.6899837733389022, 0.7076971095961493, 0.7213996713225906, 0.7340307821024645, 0.7448505941811983, 0.754751003540314, 0.7647663177670659, 0.7735214211919286, 0.7811174392700195, 0.7883378895553382, 0.7948700463449633, 0.8010771016816836, 0.8063315588074762, 0.8114833982141169, 0.8161319257976772, 0.8204310224936889, 0.8215411198031795, 0.8205810130179465, 0.8230012000144065, 0.8261799264598537, 0.8292203336148649, 0.8322673880302154, 0.8351601238723274, 0.8377653875866452, 0.8403506107158489, 0.8428745731577143, 0.8452924178527282, 0.8475586487366272, 0.8497832707456641, 0.8518392926937824, 0.8538339884431513, 0.855705083490492, 0.8575096785485208, 0.8592889674075015, 0.8609777017756626, 0.8625978140143661, 0.8641587769663012, 0.8657242655754089, 0.8672289864437001, 0.8674685648969702, 0.8682121323035644, 0.8693731384234386, 0.8705892412512152, 0.871801699604, 0.8729774538461152, 0.8741425077120463, 0.8752601329270784, 0.8763432389981037, 0.8773244216635421, 0.8783126076062521, 0.8793075261889277, 0.8802716195046365, 0.8811423408018576, 0.8819900590020258, 0.882863762142422, 0.8837088061882569, 0.8845420791222168, 0.885356295216191, 0.8861600890889898, 0.8869331044119757]
############## VALIDATION MEAN_IOU ############## 
[0.4631688482052571, 0.47318849934113993, 0.4884805244368476, 0.5227474892461622, 0.567614626240086, 0.6088133964452658, 0.6407404445313118, 0.6671108931034535, 0.6899837733389022, 0.7076971095961493, 0.7213996713225906, 0.7340307821024645, 0.7448505941811983, 0.754751003540314, 0.7647663177670659, 0.7735214211919286, 0.7811174392700195, 0.7883378895553382, 0.7948700463449633, 0.8010771016816836, 0.8063315588074762, 0.8114833982141169, 0.8161319257976772, 0.8204310224936889, 0.8215411198031795, 0.8205810130179465, 0.8230012000144065, 0.8261799264598537, 0.8292203336148649, 0.8322673880302154, 0.8351601238723274, 0.8377653875866452, 0.8403506107158489, 0.8428745731577143, 0.8452924178527282, 0.8475586487366272, 0.8497832707456641, 0.8518392926937824, 0.8538339884431513, 0.855705083490492, 0.8575096785485208, 0.8592889674075015, 0.8609777017756626, 0.8625978140143661, 0.8641587769663012, 0.8657242655754089, 0.8672289864437001, 0.8674685648969702, 0.8682121323035644, 0.8693731384234386, 0.8705892412512152, 0.871801699604, 0.8729774538461152, 0.8741425077120463, 0.8752601329270784, 0.8763432389981037, 0.8773244216635421, 0.8783126076062521, 0.8793075261889277, 0.8802716195046365, 0.8811423408018576, 0.8819900590020258, 0.882863762142422, 0.8837088061882569, 0.8845420791222168, 0.885356295216191, 0.8861600890889898, 0.8869331044119757]
############## TEST MEAN_IOU ############## 
0.887222118570347
############## VOC ############## 
0.9436110258102417
