############## TRAIN LOSS ############## 
[0.1969908169797949, 0.14462601339763348, 0.12550288774408735, 0.08809813622150335, 0.05629931004331992, 0.0401730252144573, 0.03264622119263754, 0.02675054393507339, 0.024593366947662725, 0.024107412258918222, 0.022182833948718, 0.021527591849433945, 0.01911453248278515, 0.0271505990258611, 0.01943197914374036, 0.017970392279125547, 0.023059444560728094, 0.017489205005469622, 0.01632433969879875, 0.016141243106979238, 0.01551098407976128, 0.01606070905974185, 0.015334478348728505, 0.020918324044360233, 0.016358095196050568, 0.015112746120975898, 0.014809921925031656, 0.014359405520162336, 0.014250102108931757, 0.01412964570713607, 0.014416739176790993, 0.014790619270422974, 0.013484337358727111, 0.013503418681589333, 0.013366779568395368, 0.013716643428648109, 0.013480187934898847, 0.013119572429573751, 0.013044408400887036, 0.013571272981730668, 0.013078287843749061, 0.012942245066467975, 0.01283083210892237, 0.014595307665667287, 0.02133554559167441, 0.015686801391410397, 0.01342919680315095, 0.01264532248128776, 0.012427239909533176, 0.012408793576665827, 0.012288833318093608, 0.01269410174289668, 0.012158420398361512, 0.012104135560425552, 0.01210079389951519, 0.011915228174378475, 0.011674512223852379, 0.01425727252923959, 0.015888935147977627, 0.012229444899571102, 0.012128199186377428, 0.01578023275444368, 0.01192132671372042, 0.012399994847910092, 0.011842543196335837, 0.011443063234994272, 0.01143099228759204, 0.01161213055974594]
############## VALIDATION LOSS ############## 
[0.24712800512126848, 0.29555600940012466, 0.149271493156751, 0.22065341852459253, 0.34955905640826507, 0.4198976007162356, 0.21592917191047295, 0.191387495719919, 0.2655267402821896, 0.3098259956813326, 0.20336654490115597, 0.08284696637123239, 0.25299089708748984, 0.04008882332081888, 0.05531037518498944, 0.044406951715548836, 0.0790351516037595, 0.05407763747315781, 0.03353470815893482, 0.03397545309773847, 0.02668984398684081, 0.05156042207689846, 0.027726024097087337, 0.05603225390408553, 0.05021091996162545, 0.03690230839100538, 0.029515657537415915, 0.03385983027663885, 0.02166600813906567, 0.03634116831509506, 0.028237483445920197, 0.047246359288692474, 0.024098320809357306, 0.027644966345499542, 0.03804824103181269, 0.023099299520254135, 0.023427390000399423, 0.023077957660836333, 0.023838765225281902, 0.021793159601442954, 0.015997107213764798, 0.017876543853358896, 0.024445558806844785, 0.02205972004608781, 0.057172306028066895, 0.019427182992883756, 0.019953803871484363, 0.015304404931763807, 0.016852962985342623, 0.02272491295840226, 0.017862144017628596, 0.017004158384367533, 0.01694315668268531, 0.015988325444506665, 0.016914734982100187, 0.02883247903310785, 0.01599166268373237, 0.027259841926541982, 0.016174725987309336, 0.01884098701617297, 0.017157527289408094, 0.01709734067759093, 0.01674736868224892, 0.016010044763485592, 0.016854798786488233, 0.01587965153157711, 0.01647605182712569, 0.016586954102796668]
############## TEST LOSS ############## 
0.043695027373655874
############## TRAIN MEAN_IOU ############## 
[0.46330281394022005, 0.47282182472246187, 0.47725696955715213, 0.48794288194931307, 0.529155780066241, 0.5724028483167425, 0.6064452051042436, 0.6361528688722903, 0.6617024793281211, 0.680905658919532, 0.6975160955308793, 0.7126044201421308, 0.7270721191758508, 0.7369213184794864, 0.7475211480716327, 0.7577254079483651, 0.7661234462583387, 0.7733774373123238, 0.7807039296304857, 0.7876804148828661, 0.7940635702631496, 0.8000278537337845, 0.8048614440737544, 0.8096501692995295, 0.8133738620861156, 0.8175096651455304, 0.8214879793089789, 0.8252847355765265, 0.8288715336773846, 0.8322751468366331, 0.8353873442959141, 0.8382230266794428, 0.8409021749152793, 0.8436289381336521, 0.8461755175848265, 0.8485805048598899, 0.8508661953178612, 0.8530467179444459, 0.8551346718728006, 0.8571107457349966, 0.8590019925220592, 0.8608349577800648, 0.8625979552397857, 0.8641443263303052, 0.8654225592140679, 0.8661352481927957, 0.8675372622034572, 0.8689160057016321, 0.8703187677237365, 0.871668815612793, 0.8729690291860082, 0.8742196903572427, 0.8754346762691532, 0.8766211319614101, 0.877774545738289, 0.8788827416059133, 0.8799212005761292, 0.8809661371213896, 0.8815832266936431, 0.8824987363170933, 0.8834426644686106, 0.8842059363116015, 0.8850183449349962, 0.885885902890214, 0.8867071657567411, 0.8875426612458788, 0.8883736257080559, 0.8891652768796628]
############## VALIDATION MEAN_IOU ############## 
[0.46330281394022005, 0.47282182472246187, 0.47725696955715213, 0.48794288194931307, 0.529155780066241, 0.5724028483167425, 0.6064452051042436, 0.6361528688722903, 0.6617024793281211, 0.680905658919532, 0.6975160955308793, 0.7126044201421308, 0.7270721191758508, 0.7369213184794864, 0.7475211480716327, 0.7577254079483651, 0.7661234462583387, 0.7733774373123238, 0.7807039296304857, 0.7876804148828661, 0.7940635702631496, 0.8000278537337845, 0.8048614440737544, 0.8096501692995295, 0.8133738620861156, 0.8175096651455304, 0.8214879793089789, 0.8252847355765265, 0.8288715336773846, 0.8322751468366331, 0.8353873442959141, 0.8382230266794428, 0.8409021749152793, 0.8436289381336521, 0.8461755175848265, 0.8485805048598899, 0.8508661953178612, 0.8530467179444459, 0.8551346718728006, 0.8571107457349966, 0.8590019925220592, 0.8608349577800648, 0.8625979552397857, 0.8641443263303052, 0.8654225592140679, 0.8661352481927957, 0.8675372622034572, 0.8689160057016321, 0.8703187677237365, 0.871668815612793, 0.8729690291860082, 0.8742196903572427, 0.8754346762691532, 0.8766211319614101, 0.877774545738289, 0.8788827416059133, 0.8799212005761292, 0.8809661371213896, 0.8815832266936431, 0.8824987363170933, 0.8834426644686106, 0.8842059363116015, 0.8850183449349962, 0.885885902890214, 0.8867071657567411, 0.8875426612458788, 0.8883736257080559, 0.8891652768796628]
############## TEST MEAN_IOU ############## 
0.8895671331521237
############## VOC ############## 
0.9447835683822632
