############## TRAIN LOSS ############## 
[0.20386657783308545, 0.15617695873653567, 0.13610791958667137, 0.12538229942590268, 0.11243083230681247, 0.09474532155169023, 0.07354480689307591, 0.05734700454516454, 0.05036454313845785, 0.03717300458601466, 0.03081932701673862, 0.027572680348614313, 0.023703371594148176, 0.023446794943296694, 0.020844740482668083, 0.021117126627883932, 0.020080176031065954, 0.0224227320469983, 0.019003859284828912, 0.01816771270891836, 0.017333680747060088, 0.016478741415650457, 0.01783398397870966, 0.0164661234295046, 0.05580322391580086, 0.02253945493181278, 0.018268302519310702, 0.017326555676288432, 0.017178656512384746, 0.015811161842901964, 0.014972675914733528, 0.01527646381978516, 0.014756444262693057, 0.014618990548492016, 0.01501005043921707, 0.015360824218405797, 0.01512698353863917, 0.014155014602652003, 0.014220212565248346, 0.013656854591760281, 0.023349243837098282, 0.01667175802762981, 0.014639311558189424, 0.013983445451804646, 0.014031471168572033, 0.013174544873034901, 0.013147738934200895, 0.013152335686525246, 0.014809974943296061, 0.013307934601766032, 0.013089898403163429, 0.012935786847830625, 0.012560095168180295, 0.012437388422554947, 0.012546922239634368, 0.01234888292110718, 0.0892745526968963, 0.03558616736182221, 0.029112935678714567, 0.024340637900807836, 0.022349793765995954, 0.019929025175368733, 0.020891040102117234, 0.017246002859964565, 0.017480562915102586, 0.016280900569515186, 0.016063390962511033, 0.015512354902688178, 0.015092829779327454]
############## VALIDATION LOSS ############## 
[0.16639980469264237, 0.26253222980920005, 0.253386981347028, 0.2580297177328783, 0.17482118074800454, 0.173959512628761, 0.1419170231503599, 0.2110180141879063, 0.08088198976189483, 0.27087248218994514, 0.14929294980624142, 0.2058860066474653, 0.17957505496109233, 0.08386779722629809, 0.13255815039954932, 0.13716831890975728, 0.04183725662091199, 0.05488242011736421, 0.06525763073096089, 0.09904681014664032, 0.05129473488412652, 0.17463039665245542, 0.054512405950649115, 0.058328189905367644, 0.0491742987697031, 0.02977856113484093, 0.01996979730970719, 0.02896164836106347, 0.03084886859298921, 0.03911221998871541, 0.02538090728807683, 0.03334508379738705, 0.03437544431026075, 0.03383607833701022, 0.02233232828039749, 0.019805847265410657, 0.02780051350447477, 0.026359195218366736, 0.022929459700689596, 0.0273132927204464, 0.024394701399347362, 0.01781044790849966, 0.019144942217013416, 0.020263950139576315, 0.02031199619466183, 0.019915358893865465, 0.020116013566068576, 0.023003886581635942, 0.01583559750853216, 0.020278137798110645, 0.018179449307567933, 0.020817770604409425, 0.020293318337815648, 0.017577254450788685, 0.018999739367441804, 0.019785603435308326, 0.04423529976138882, 0.03893625148225064, 0.033506623962346244, 0.036096877765421774, 0.02314571711216487, 0.02085435983962288, 0.01857516591382377, 0.01925174957689117, 0.028377029716091996, 0.01773464652326177, 0.01648796950558237, 0.020873591084690654, 0.016499513814992765]
############## TEST LOSS ############## 
0.03789946775168482
############## TRAIN MEAN_IOU ############## 
[0.463155538380683, 0.472205652578457, 0.4723443504389342, 0.47296566845060467, 0.4772892642665554, 0.48910841184693415, 0.508804358072109, 0.5356677319552448, 0.5610218397131911, 0.5866794382129703, 0.6074563280956166, 0.6276491687104508, 0.6446619662078651, 0.6611703172460333, 0.6764871048497724, 0.6895001858204335, 0.7010970131770985, 0.7119541189692042, 0.7217942014470831, 0.731050837684322, 0.7392981047028894, 0.7472255299757192, 0.7537688247792356, 0.7603426323280679, 0.7630245277473519, 0.7663728600149756, 0.7714136860392116, 0.7766510103199933, 0.7815251790725433, 0.7862057374404358, 0.7906812939557943, 0.7949229645299482, 0.7988892294265129, 0.8026547899117341, 0.8062088237152444, 0.8095578701646479, 0.8127365536517925, 0.815734474508612, 0.8186657418001879, 0.8214855956601667, 0.8239684953345908, 0.8258766505095336, 0.8282287217475273, 0.8306021717217591, 0.8328439362414248, 0.835028067365423, 0.8371620285618413, 0.8392020120277061, 0.8411103825311403, 0.842895377326656, 0.844706967070296, 0.8464627690143414, 0.8481663417171788, 0.8498206084912961, 0.8514204830736727, 0.8529597703401033, 0.8518045362051543, 0.8505066880234727, 0.850719555004223, 0.8511989352939365, 0.851950156796086, 0.8528215192459725, 0.8537148414431391, 0.8546527511364704, 0.8556462794810802, 0.8566120535403758, 0.8576162414507823, 0.8586204035862072, 0.8595955006711118]
############## VALIDATION MEAN_IOU ############## 
[0.463155538380683, 0.472205652578457, 0.4723443504389342, 0.47296566845060467, 0.4772892642665554, 0.48910841184693415, 0.508804358072109, 0.5356677319552448, 0.5610218397131911, 0.5866794382129703, 0.6074563280956166, 0.6276491687104508, 0.6446619662078651, 0.6611703172460333, 0.6764871048497724, 0.6895001858204335, 0.7010970131770985, 0.7119541189692042, 0.7217942014470831, 0.731050837684322, 0.7392981047028894, 0.7472255299757192, 0.7537688247792356, 0.7603426323280679, 0.7630245277473519, 0.7663728600149756, 0.7714136860392116, 0.7766510103199933, 0.7815251790725433, 0.7862057374404358, 0.7906812939557943, 0.7949229645299482, 0.7988892294265129, 0.8026547899117341, 0.8062088237152444, 0.8095578701646479, 0.8127365536517925, 0.815734474508612, 0.8186657418001879, 0.8214855956601667, 0.8239684953345908, 0.8258766505095336, 0.8282287217475273, 0.8306021717217591, 0.8328439362414248, 0.835028067365423, 0.8371620285618413, 0.8392020120277061, 0.8411103825311403, 0.842895377326656, 0.844706967070296, 0.8464627690143414, 0.8481663417171788, 0.8498206084912961, 0.8514204830736727, 0.8529597703401033, 0.8518045362051543, 0.8505066880234727, 0.850719555004223, 0.8511989352939365, 0.851950156796086, 0.8528215192459725, 0.8537148414431391, 0.8546527511364704, 0.8556462794810802, 0.8566120535403758, 0.8576162414507823, 0.8586204035862072, 0.8595955006711118]
############## TEST MEAN_IOU ############## 
0.8603183295991685
############## VOC ############## 
0.9301591515541077
