############## TRAIN LOSS ############## 
[0.1968654697542792, 0.14348480655803336, 0.12236170967419942, 0.09634588870245057, 0.06400841313439447, 0.04447044029429152, 0.03365095581456616, 0.028543838761277026, 0.025235825688116723, 0.024756448410518536, 0.026874956523848546, 0.02099895400104222, 0.018709926253503508, 0.018348514916257816, 0.020757540607371845, 0.01877263838609865, 0.017158136258388426, 0.022230893793004053, 0.016012808035320795, 0.01576673551588445, 0.015777533437620412, 0.01487401644657324, 0.015838166296079353, 0.014389143677780757, 0.014840118729652048, 0.015298451640987181, 0.01406685025892682, 0.027342085516801826, 0.01575317746447819, 0.014386197610816977, 0.013817006105406059, 0.013725828656272308, 0.014105882818668007, 0.014999396855699586, 0.015746054680061503, 0.01337888429511909, 0.01320345888568743, 0.012854215265293647, 0.012855692439385363, 0.012637087672546104, 0.013305474257281234, 0.012882093328412052, 0.012325669659788275, 0.019758621390137048, 0.15089203846884203, 0.11702908374167778, 0.10700482022654903, 0.09971811619025094, 0.09420959980369688, 0.08968656302035392, 0.08636059528132817, 0.08388644225291304, 0.08168626227625855, 0.07940457707589811, 0.07807645711812887, 0.07658485199014346, 0.07538354685446164, 0.07481457615220868, 0.07368379180227314, 0.0729318996136253, 0.07219302191122158, 0.07176597137843166]
############## VALIDATION LOSS ############## 
[0.25027591340682087, 0.1635597020972009, 0.17007160274421468, 0.165814853182026, 0.14273530566224865, 0.18239014902535608, 0.07486750207403127, 0.06492997990811572, 0.12887003462688595, 0.09581487377484639, 0.05068459748929622, 0.07580315255943466, 0.06249381360762259, 0.047897650695898956, 0.10871709459552578, 0.10263770804101345, 0.1862903362980076, 0.04078802429870063, 0.0486981551363772, 0.0358324926711765, 0.025669462029256074, 0.029242569434584354, 0.02330131226164453, 0.03472811020180291, 0.02666063456996983, 0.02252875995256153, 0.04697513678932891, 0.029460363528307748, 0.036665811623428385, 0.03623872805459827, 0.02956875114172113, 0.026658230771621067, 0.027897044431929495, 0.02002045283934065, 0.02428063330258809, 0.019988880328395787, 0.02671108719911061, 0.023700906109868313, 0.031122252052905513, 0.02800303916720783, 0.03242967569944905, 0.019006560647896693, 0.020331596042595657, 0.21899250734086131, 0.12531901004852034, 0.11074751206472808, 0.10128381556155634, 0.09618478136904099, 0.09619252003875434, 0.0955325417658862, 0.09290480686753404, 0.09081534369319093, 0.0913879598180453, 0.09036003447630826, 0.09143294145663579, 0.0902954020044383, 0.08720763801944022, 0.09225225390172472, 0.09142237857860677, 0.0889326402661847, 0.09060363077065524, 0.08686852791145735]
############## TEST LOSS ############## 
0.08722862464309943
############## TRAIN MEAN_IOU ############## 
[0.46334758615708566, 0.47256586277807083, 0.4746519482887543, 0.4842032065262666, 0.5172603731756812, 0.5585159868807406, 0.597093378638362, 0.6305977600114839, 0.6576551048605291, 0.6778235166996449, 0.6961361304059759, 0.7116780259587743, 0.7254962384163797, 0.7382878924275303, 0.7490983868504429, 0.7579547983032089, 0.7660264007680051, 0.7724299291232685, 0.7796946914346369, 0.7864725095731718, 0.7928230246982059, 0.7988235800115912, 0.8042435726603946, 0.8093465937150491, 0.8139442645751678, 0.8182649134515642, 0.8223974060367893, 0.8249545688027734, 0.8278162452551696, 0.8310011743425249, 0.8341490620965356, 0.8371449209548332, 0.839972763985127, 0.8425346897529052, 0.8449009334718859, 0.8471971803957278, 0.8495531141220987, 0.8517868545678284, 0.8539358629836692, 0.855932194907386, 0.8578326621571103, 0.8595966068474022, 0.8614057270256249, 0.8631617539637798, 0.858778695265452, 0.8506543389311781, 0.8435687288507685, 0.8374661330704216, 0.8320168750780123, 0.8271040980880325, 0.8226297589035722, 0.8185449720502974, 0.8147869008081453, 0.8113924705230438, 0.8082618337493759, 0.805347327176515, 0.8026533620851534, 0.8001236851150925, 0.7976897230019441, 0.7954481673670245, 0.7933497418154467, 0.7913487005878139]
############## VALIDATION MEAN_IOU ############## 
[0.46334758615708566, 0.47256586277807083, 0.4746519482887543, 0.4842032065262666, 0.5172603731756812, 0.5585159868807406, 0.597093378638362, 0.6305977600114839, 0.6576551048605291, 0.6778235166996449, 0.6961361304059759, 0.7116780259587743, 0.7254962384163797, 0.7382878924275303, 0.7490983868504429, 0.7579547983032089, 0.7660264007680051, 0.7724299291232685, 0.7796946914346369, 0.7864725095731718, 0.7928230246982059, 0.7988235800115912, 0.8042435726603946, 0.8093465937150491, 0.8139442645751678, 0.8182649134515642, 0.8223974060367893, 0.8249545688027734, 0.8278162452551696, 0.8310011743425249, 0.8341490620965356, 0.8371449209548332, 0.839972763985127, 0.8425346897529052, 0.8449009334718859, 0.8471971803957278, 0.8495531141220987, 0.8517868545678284, 0.8539358629836692, 0.855932194907386, 0.8578326621571103, 0.8595966068474022, 0.8614057270256249, 0.8631617539637798, 0.858778695265452, 0.8506543389311781, 0.8435687288507685, 0.8374661330704216, 0.8320168750780123, 0.8271040980880325, 0.8226297589035722, 0.8185449720502974, 0.8147869008081453, 0.8113924705230438, 0.8082618337493759, 0.805347327176515, 0.8026533620851534, 0.8001236851150925, 0.7976897230019441, 0.7954481673670245, 0.7933497418154467, 0.7913487005878139]
############## TEST MEAN_IOU ############## 
0.7891103171338939
############## VOC ############## 
0.8945551514625549
