############## TRAIN LOSS ############## 
[0.1930883587212176, 0.12567906044759192, 0.09622554078295424, 0.06809328573646846, 0.053991381431350835, 0.03730081781946324, 0.02949780317207983, 0.02558791445282934, 0.025238206626864167, 0.030591348479795562, 0.021523093452324737, 0.020278404357734026, 0.018936081269235763, 0.017928901120080606, 0.017770065917625085, 0.018305253237485886, 0.020901712135890045, 0.027169362088111607, 0.017892129543061193, 0.019995804506916185, 0.01625751360814582, 0.015834987583058374, 0.015351281409059558, 0.01486875540115409, 0.014363649208937679, 0.014296184423975311, 0.013914026236077686, 0.01416117001979335, 0.014048819958760932, 0.01450342704281882, 0.01345997903210757, 0.027114290005720413, 0.019193203557651858, 0.015190597774611937, 0.015744297005873813, 0.013952060564849022, 0.01343919764281259, 0.01294544332467758, 0.013323622361362518, 0.013211505860929285, 0.013294910957516582, 0.012645791804938166, 0.012362064483265081, 0.012560578969282072, 0.012332674355019588, 0.012399821424739318, 0.012905054855756127, 0.012554027211458029, 0.024548865418444882, 0.022486502187209087, 0.015591689561669892, 0.013537049331274387, 0.012731196035773636]
############## VALIDATION LOSS ############## 
[0.1708930850613351, 0.3246245021913566, 0.13995471947333393, 0.1950459632219053, 0.09208429414851993, 0.08715565794823217, 0.1400760220838528, 0.08129066952011164, 0.16303819666306177, 0.07267328790005516, 0.06800412437787243, 0.0910766305146264, 0.07230415428970374, 0.11786084140048307, 0.056125333203988916, 0.0853198794465439, 0.07179220729306632, 0.04078216996847415, 0.023536961050886734, 0.029599092827708114, 0.03234259824396348, 0.047763503065296246, 0.02124226604606591, 0.03174264265187815, 0.035862173081613054, 0.034254770945100224, 0.03272554154197375, 0.027657232813391032, 0.02170050494811114, 0.02289072537392962, 0.02683253783513518, 0.02873618338330119, 0.017744252859961753, 0.02882202429806485, 0.02838961400237738, 0.02458711341023445, 0.02897259775622218, 0.03968974115217433, 0.025227966992294088, 0.027814664530987833, 0.024783652275800705, 0.028515228672939187, 0.027732860881323908, 0.025125883629216868, 0.0283382021475072, 0.039250846367840674, 0.02144911231509611, 0.022967840124871217, 0.03391481665711777, 0.029830086099750856, 0.021853683808562802, 0.01782324110322139, 0.019039162087674234]
############## TEST LOSS ############## 
0.04243655304866608
############## TRAIN MEAN_IOU ############## 
[0.4631365035568272, 0.47454769332129676, 0.49644878694603034, 0.5348492646002555, 0.5739553914413796, 0.6122508784672162, 0.6453526680533951, 0.6713386059881331, 0.6947766311533816, 0.709936947435946, 0.7256039547490644, 0.7398733931618768, 0.7516786891060907, 0.7626335325541796, 0.7717787607296093, 0.7803896660203332, 0.7875946131912438, 0.7913917329934266, 0.7972936173817059, 0.8029448653126622, 0.8084280045182856, 0.8135951687623789, 0.818296435180011, 0.822860256508664, 0.8270498498066051, 0.8309195589374851, 0.8345354011466911, 0.8379264404107859, 0.8410980717555897, 0.8439473746059177, 0.846782986645226, 0.8491381643054722, 0.8501080467894271, 0.8522997938834869, 0.8544368829813089, 0.8565074516846253, 0.8585785417943388, 0.8605459676132546, 0.8623904924134951, 0.8641863803605776, 0.8658762386253288, 0.8675399621327718, 0.8691449278109783, 0.8706826385077056, 0.8721482834300479, 0.8735484684909787, 0.8748337422405277, 0.8761349261344016, 0.8771799523551185, 0.8773035079509288, 0.877901197553755, 0.8789273967614045, 0.8800084300943323]
############## VALIDATION MEAN_IOU ############## 
[0.4631365035568272, 0.47454769332129676, 0.49644878694603034, 0.5348492646002555, 0.5739553914413796, 0.6122508784672162, 0.6453526680533951, 0.6713386059881331, 0.6947766311533816, 0.709936947435946, 0.7256039547490644, 0.7398733931618768, 0.7516786891060907, 0.7626335325541796, 0.7717787607296093, 0.7803896660203332, 0.7875946131912438, 0.7913917329934266, 0.7972936173817059, 0.8029448653126622, 0.8084280045182856, 0.8135951687623789, 0.818296435180011, 0.822860256508664, 0.8270498498066051, 0.8309195589374851, 0.8345354011466911, 0.8379264404107859, 0.8410980717555897, 0.8439473746059177, 0.846782986645226, 0.8491381643054722, 0.8501080467894271, 0.8522997938834869, 0.8544368829813089, 0.8565074516846253, 0.8585785417943388, 0.8605459676132546, 0.8623904924134951, 0.8641863803605776, 0.8658762386253288, 0.8675399621327718, 0.8691449278109783, 0.8706826385077056, 0.8721482834300479, 0.8735484684909787, 0.8748337422405277, 0.8761349261344016, 0.8771799523551185, 0.8773035079509288, 0.877901197553755, 0.8789273967614045, 0.8800084300943323]
############## TEST MEAN_IOU ############## 
0.8806168812693972
############## VOC ############## 
0.9403084516525269
