############## TRAIN LOSS ############## 
[0.20849180107449625, 0.13178295877065743, 0.09984887448382808, 0.05913826366802594, 0.03965718666645321, 0.03200209584624112, 0.028690836736345076, 0.027884610400006577, 0.027477048488484847, 0.021624963738963946, 0.0194962142404538, 0.01909449445671058, 0.018298488504647673, 0.01732118418104611, 0.017337468964559538, 0.022110447035850706, 0.017580982318634655, 0.017397232085197896, 0.015204215380321216, 0.02126950418224206, 0.01758470479398966, 0.01556290056438999, 0.014462441835250403, 0.017700815300650156, 0.014896412380039692, 0.014422886761593388, 0.013923144001547282, 0.013965911064129154, 0.01395446160673961, 0.019532084301416133, 0.014774597564561141, 0.01558405772975839, 0.013419553989896903, 0.013345700768367932, 0.013513174759610011, 0.01340568347557171, 0.012919654750877672, 0.01876983328026023, 0.019335849365840357, 0.015759088191296067, 0.013368025245900089, 0.0128806095889157, 0.012915944961646388, 0.012886675225721823, 0.012672701263212943, 0.0123544849438576, 0.012408072795920275, 0.012056899521298505, 0.012481411851875417, 0.012271455812125324, 0.012445826108592588, 0.012250280402063786, 0.012238045109788308, 0.012030278512922762, 0.01241349257730149, 0.011992824247090129, 0.02119588356062367, 0.01356801891548408, 0.012680618776226634, 0.012149265459696721, 0.01232111619298791, 0.012041049170400109]
############## VALIDATION LOSS ############## 
[0.23714293714831858, 0.44117291008724885, 0.14811401741177427, 0.2872445834617989, 0.4822486457871456, 1.5105861799389708, 0.5299772024154663, 0.6716704345216938, 0.22561688224474588, 0.0666130724929127, 0.07039931467642971, 0.1996141248473934, 0.10455056170330328, 0.12460567195918046, 0.11683213732698385, 0.14000015851913714, 0.02571296063708324, 0.03473996024067495, 0.03802355787917679, 0.01986011986931165, 0.02292468782295199, 0.03910633698836261, 0.019046481863102493, 0.019860400179145383, 0.021827449218607416, 0.025294466820709845, 0.025402691872680887, 0.018008379028270058, 0.024521227907754628, 0.028418374923514386, 0.01702824602013125, 0.021640145493780866, 0.01636743523618754, 0.021412481279934153, 0.017692775483809264, 0.017924833969742645, 0.016335700328151386, 0.02107259693245093, 0.11894096448725346, 0.01699881611720604, 0.017486988329419903, 0.014870343565502587, 0.01621665389222257, 0.016538801913460095, 0.01670863462940735, 0.017467649690076418, 0.015404358049672023, 0.01563165183452999, 0.015732413924792233, 0.018018615559912195, 0.016824533943744266, 0.01725297245909186, 0.016082774701656078, 0.017351590060428076, 0.01616511455572703, 0.017805957728449034, 0.02307725263138612, 0.019419625584109156, 0.016660378040636286, 0.01737973280251026, 0.01912138205679024, 0.01561382325256572]
############## TEST LOSS ############## 
0.04154782657219906
############## TRAIN MEAN_IOU ############## 
[0.46340843632414536, 0.4728985474453316, 0.4846950412333549, 0.5266538058315311, 0.5768019390535785, 0.6160003865087355, 0.6366887446996328, 0.659979029818698, 0.6781307866981438, 0.6955742239952087, 0.7134448182475459, 0.728474975169242, 0.7407579550871978, 0.7519299463108853, 0.7618105765935537, 0.7697028856019716, 0.7766500534238042, 0.7840017096416371, 0.790974898918255, 0.7968750563827721, 0.802376765925605, 0.8075705433751011, 0.8126161764333913, 0.8172654015523894, 0.8213419908875818, 0.8253978045137079, 0.8291879790323274, 0.8327721647314124, 0.8361481245573577, 0.8388862792436067, 0.8415165065645097, 0.8440894103265023, 0.8466869227521054, 0.8492292686625644, 0.8516346903534623, 0.8539280929006972, 0.8560897992537903, 0.8579277213629302, 0.8594168252773113, 0.8603710467750961, 0.8621156210297937, 0.8638452688852946, 0.8655199268916706, 0.8670695472407985, 0.8686155220409771, 0.8701173689988282, 0.8715529737171827, 0.8729566818959004, 0.8742991739565188, 0.8755829183904974, 0.8768126148361344, 0.8780081003635853, 0.8791694818316279, 0.8802887969188862, 0.881363218969053, 0.8823957684877757, 0.8832401960819691, 0.8837400427809706, 0.8846361626375903, 0.8855374638024751, 0.8864368237890639, 0.8872569632959796]
############## VALIDATION MEAN_IOU ############## 
[0.46340843632414536, 0.4728985474453316, 0.4846950412333549, 0.5266538058315311, 0.5768019390535785, 0.6160003865087355, 0.6366887446996328, 0.659979029818698, 0.6781307866981438, 0.6955742239952087, 0.7134448182475459, 0.728474975169242, 0.7407579550871978, 0.7519299463108853, 0.7618105765935537, 0.7697028856019716, 0.7766500534238042, 0.7840017096416371, 0.790974898918255, 0.7968750563827721, 0.802376765925605, 0.8075705433751011, 0.8126161764333913, 0.8172654015523894, 0.8213419908875818, 0.8253978045137079, 0.8291879790323274, 0.8327721647314124, 0.8361481245573577, 0.8388862792436067, 0.8415165065645097, 0.8440894103265023, 0.8466869227521054, 0.8492292686625644, 0.8516346903534623, 0.8539280929006972, 0.8560897992537903, 0.8579277213629302, 0.8594168252773113, 0.8603710467750961, 0.8621156210297937, 0.8638452688852946, 0.8655199268916706, 0.8670695472407985, 0.8686155220409771, 0.8701173689988282, 0.8715529737171827, 0.8729566818959004, 0.8742991739565188, 0.8755829183904974, 0.8768126148361344, 0.8780081003635853, 0.8791694818316279, 0.8802887969188862, 0.881363218969053, 0.8823957684877757, 0.8832401960819691, 0.8837400427809706, 0.8846361626375903, 0.8855374638024751, 0.8864368237890639, 0.8872569632959796]
############## TEST MEAN_IOU ############## 
0.8877282582148157
############## VOC ############## 
0.943864107131958
