############## TRAIN LOSS ############## 
[0.19625889503204072, 0.15913062220489657, 0.1244118455629628, 0.09703229481840993, 0.06788277540456604, 0.052665632637637155, 0.0387803390622139, 0.03218371364883743, 0.027747905905450787, 0.03175048599741212, 0.025195434655960615, 0.02354421275290283, 0.021425471490098012, 0.020448961194503953, 0.019722526532237057, 0.019584535470081342, 0.02192552865122084, 0.01810842532630976, 0.01921007168890388, 0.017200312224795688, 0.01702354310567046, 0.016051320443013765, 0.01608557626605034, 0.016295344577179297, 0.015535089011127884, 0.020703043981648243, 0.01692022374403235, 0.02247705173821331, 0.015479892232195215, 0.014999765441291503, 0.014378938589010152, 0.014155621854336681, 0.014290943020233163, 0.014431089125070217, 0.014448612903219622, 0.01398676493716938, 0.01377652132430592, 0.013394440473938311, 0.03132647723127324, 0.050634137556158205, 0.020839209840339316, 0.016050591867685586, 0.01457833809996242, 0.014037316497247498, 0.013705850771821296, 0.013835028225035817, 0.013369649363396404, 0.01374593799984133, 0.013191275080447798, 0.014448663706446553, 0.013635072261430658, 0.015181041834456427, 0.014065143417332086, 0.012892949411662313, 0.012711700282756004, 0.012421507166010572, 0.012345112436492969, 0.012435674956823522, 0.03129919091877234, 0.03657182469661977, 0.019678761897323368, 0.01658789764854822, 0.015780848304128594, 0.01480382321788384, 0.013877690354412471, 0.013575414678098651, 0.013189912412886147, 0.013053655980977122]
############## VALIDATION LOSS ############## 
[0.20894592503706613, 0.16135142568279714, 0.16639115179286285, 0.18313953134359098, 0.143035389482975, 0.11194230353131014, 0.09185517111829683, 0.09579573469419106, 0.16256881154635372, 0.032440206182061455, 0.07626630227063216, 0.04513777566014552, 0.07608192078038759, 0.06377680519340086, 0.0762648197511832, 0.07452929816117473, 0.06860290065992113, 0.04273327242802171, 0.02758100336673213, 0.032829359502476806, 0.03160273411548605, 0.04766683656649262, 0.03927787024454743, 0.05296477996835522, 0.04585937750251854, 0.056655939157102625, 0.03193487946455385, 0.026996050760442137, 0.024842366101402863, 0.023755553781109696, 0.034081803671285216, 0.019926927271572983, 0.02954104181159945, 0.03380218984595701, 0.027270067300574453, 0.05782033561491499, 0.02546849215001452, 0.027535775493757398, 0.1431079550701029, 0.022953724707750714, 0.017734985360327887, 0.01851996153081749, 0.016216919392201247, 0.01650157278659297, 0.017047386707774566, 0.016518243223282637, 0.019613847081713816, 0.015160835256763533, 0.016361732565450902, 0.02147048121939103, 0.017740840128823824, 0.06822774909874972, 0.017072795214606265, 0.016074418072022645, 0.01799751730526195, 0.018144609205716967, 0.016345193500027937, 0.01654952843034384, 0.07407195062613954, 0.023694577608622758, 0.01801941173114613, 0.017503295513783015, 0.016033766225126443, 0.016090392244651038, 0.015293582598222237, 0.017977230524753824, 0.015492634646886704, 0.020041844971916255]
############## TEST LOSS ############## 
0.04587754232413841
############## TRAIN MEAN_IOU ############## 
[0.4632529492850776, 0.47305455508532823, 0.47364182837374574, 0.4909947793762963, 0.5187839113914214, 0.5548518396712638, 0.5885640280740755, 0.6207793065019556, 0.647889300509616, 0.6674538109753583, 0.6863018451510249, 0.702343154060948, 0.7173596792392902, 0.730347486766609, 0.7416008812887175, 0.7510010390668302, 0.7593939304351807, 0.7670773573823877, 0.7743815860232791, 0.7815246689427007, 0.7880011528461903, 0.7939714042990057, 0.799457621467006, 0.8045517904264433, 0.8090368020641912, 0.8131301682274621, 0.8165490224554732, 0.8197082587190576, 0.8230324586232504, 0.8264515244209014, 0.8297622252154995, 0.8328436027776014, 0.8358056142523482, 0.8385066561870747, 0.8410848003249984, 0.8435882770263397, 0.8458588531425407, 0.8481466002292462, 0.850261550228875, 0.8478590749405526, 0.8482344837876054, 0.8498631463394509, 0.8516841321378141, 0.8534791442725036, 0.8552546356175397, 0.8569608814007527, 0.8585967158412074, 0.8601736023619369, 0.8616971432625711, 0.8631589316033028, 0.8644702772836428, 0.8658142761067227, 0.8667058595665941, 0.8679925573838724, 0.8692370932381432, 0.870462636689882, 0.8716632573454229, 0.8728244159672711, 0.8738955855369568, 0.8727617156398189, 0.8730211714366535, 0.8737173112663063, 0.8745056755907901, 0.8753065187651832, 0.8761508631276654, 0.8770039248036908, 0.8778481306256475, 0.8786965173643988]
############## VALIDATION MEAN_IOU ############## 
[0.4632529492850776, 0.47305455508532823, 0.47364182837374574, 0.4909947793762963, 0.5187839113914214, 0.5548518396712638, 0.5885640280740755, 0.6207793065019556, 0.647889300509616, 0.6674538109753583, 0.6863018451510249, 0.702343154060948, 0.7173596792392902, 0.730347486766609, 0.7416008812887175, 0.7510010390668302, 0.7593939304351807, 0.7670773573823877, 0.7743815860232791, 0.7815246689427007, 0.7880011528461903, 0.7939714042990057, 0.799457621467006, 0.8045517904264433, 0.8090368020641912, 0.8131301682274621, 0.8165490224554732, 0.8197082587190576, 0.8230324586232504, 0.8264515244209014, 0.8297622252154995, 0.8328436027776014, 0.8358056142523482, 0.8385066561870747, 0.8410848003249984, 0.8435882770263397, 0.8458588531425407, 0.8481466002292462, 0.850261550228875, 0.8478590749405526, 0.8482344837876054, 0.8498631463394509, 0.8516841321378141, 0.8534791442725036, 0.8552546356175397, 0.8569608814007527, 0.8585967158412074, 0.8601736023619369, 0.8616971432625711, 0.8631589316033028, 0.8644702772836428, 0.8658142761067227, 0.8667058595665941, 0.8679925573838724, 0.8692370932381432, 0.870462636689882, 0.8716632573454229, 0.8728244159672711, 0.8738955855369568, 0.8727617156398189, 0.8730211714366535, 0.8737173112663063, 0.8745056755907901, 0.8753065187651832, 0.8761508631276654, 0.8770039248036908, 0.8778481306256475, 0.8786965173643988]
############## TEST MEAN_IOU ############## 
0.8791645605154712
############## VOC ############## 
0.9395822882652283
