############## TRAIN LOSS ############## 
[0.19819134077778808, 0.130714192919366, 0.09439380497143075, 0.057645256186390784, 0.03932532352638674, 0.033734422948983336, 0.02830598792816336, 0.025931223203335796, 0.022711472208234103, 0.028521811732233646, 0.02481645265141049, 0.01939287634046228, 0.018139910666053898, 0.02759315831133643, 0.01799566960717375, 0.017460423068621674, 0.01699667394178005, 0.020143555737360642, 0.01624262458351147, 0.017853364188995986, 0.01579852398854118, 0.01472419809952781, 0.015077774626882496, 0.014973034847292814, 0.032483794088769065, 0.022846957987493224, 0.015973876029051638, 0.015647742578440958, 0.014683435226345921, 0.014066943772942634, 0.014017466015207607, 0.013700768011747985, 0.013460353771979744, 0.01612620788148126, 0.016406802200452163, 0.013696696240085739, 0.013447069009212224, 0.013095215827159517, 0.012852374950910473, 0.012992735989895221, 0.013422746572072979, 0.012808595662349247, 0.01282006786162923, 0.013284773452559838, 0.012469292114916685, 0.012233943057556948, 0.012680522728342193, 0.01231908095111181, 0.012256844334203649, 0.012078069393766357, 0.020079948800943187, 0.016293574208477594, 0.012955163458681054]
############## VALIDATION LOSS ############## 
[0.18325959847253911, 0.3834432813466764, 0.13558929968698352, 0.33535298646665085, 0.06553689339289478, 0.4405664941843818, 0.06880743122276138, 0.07873086010416348, 0.05530969623257132, 0.08163891119115493, 0.0595563177530672, 0.08123396125202086, 0.3627779089352664, 0.02256037645480212, 0.029328937441402792, 0.05745216919218793, 0.024064385733914142, 0.03902067331706777, 0.03482513593546316, 0.02291463362966098, 0.028966983889832217, 0.03396467707466846, 0.03848995114950573, 0.02466920335941455, 0.07399511833985646, 0.02488159764485032, 0.016670124148767368, 0.020957244815779666, 0.019045191835246833, 0.030499463353086922, 0.02490589859000608, 0.03511030778434931, 0.014686907130275286, 0.02820106573841151, 0.025912480611427157, 0.017499407497691175, 0.02026989142976555, 0.021004657279334815, 0.02474136270728766, 0.024429401894118272, 0.024117770842185207, 0.01717602191310303, 0.022004759085236813, 0.021023833101578786, 0.022552106273817082, 0.023555641847790455, 0.02234346204090352, 0.01566659277487619, 0.025000028640908355, 0.025410640619549098, 0.041109099911124096, 0.015743694925571188, 0.020973372802722687]
############## TEST LOSS ############## 
0.05404658577207363
############## TRAIN MEAN_IOU ############## 
[0.46328057523246285, 0.473496310077272, 0.4874162641731468, 0.531975232266091, 0.583321836080637, 0.6291036079595754, 0.6587074232531024, 0.6857965228793858, 0.7080261938206784, 0.7255990859624502, 0.7386016448338827, 0.7516246695776243, 0.7632982016683699, 0.7697301115001645, 0.7790475315875836, 0.7876956339354988, 0.7951059341430664, 0.8014211413022634, 0.8075430736885415, 0.8130112177616841, 0.8182179600268871, 0.8230605721473694, 0.8275691399703154, 0.831611439451441, 0.834654531500361, 0.8354789024000769, 0.8383881594683673, 0.8414378789094117, 0.8444188897674149, 0.8472721335050222, 0.8499599501893327, 0.8524730447176341, 0.8548725864908717, 0.8570047176636018, 0.8589358018325256, 0.8607990301407136, 0.8627615780443758, 0.8646386072442338, 0.8664221758241052, 0.8681296206809379, 0.8697408851202544, 0.8712956894625414, 0.8728124708742708, 0.8742601415058514, 0.8756378411172746, 0.8769982371244345, 0.8782841069204314, 0.8795331995766442, 0.8807432667629139, 0.8818839670301558, 0.8828765674754306, 0.8830901507858757, 0.8839910223677352]
############## VALIDATION MEAN_IOU ############## 
[0.46328057523246285, 0.473496310077272, 0.4874162641731468, 0.531975232266091, 0.583321836080637, 0.6291036079595754, 0.6587074232531024, 0.6857965228793858, 0.7080261938206784, 0.7255990859624502, 0.7386016448338827, 0.7516246695776243, 0.7632982016683699, 0.7697301115001645, 0.7790475315875836, 0.7876956339354988, 0.7951059341430664, 0.8014211413022634, 0.8075430736885415, 0.8130112177616841, 0.8182179600268871, 0.8230605721473694, 0.8275691399703154, 0.831611439451441, 0.834654531500361, 0.8354789024000769, 0.8383881594683673, 0.8414378789094117, 0.8444188897674149, 0.8472721335050222, 0.8499599501893327, 0.8524730447176341, 0.8548725864908717, 0.8570047176636018, 0.8589358018325256, 0.8607990301407136, 0.8627615780443758, 0.8646386072442338, 0.8664221758241052, 0.8681296206809379, 0.8697408851202544, 0.8712956894625414, 0.8728124708742708, 0.8742601415058514, 0.8756378411172746, 0.8769982371244345, 0.8782841069204314, 0.8795331995766442, 0.8807432667629139, 0.8818839670301558, 0.8828765674754306, 0.8830901507858757, 0.8839910223677352]
############## TEST MEAN_IOU ############## 
0.8844240407751064
############## VOC ############## 
0.9422119855880737
