############## TRAIN LOSS ############## 
[0.24209474233558048, 0.1671479442030997, 0.14479045162128434, 0.13271004062246633, 0.11127776078678467, 0.08043420494760613, 0.06196663475821953, 0.04678984246896328, 0.040358636301715635, 0.031312188190231856, 0.02885563890575557, 0.026488090613605204, 0.02525144800342418, 0.022813196734500094, 0.02007300521221918, 0.02680516118385099, 0.01892034590206537, 0.019079119067739795, 0.02912555117084569, 0.02411861125870633, 0.01928848826099892, 0.020577746518963092, 0.017805941116593376, 0.016108738919216638, 0.015722996737757646, 0.0151727303856279, 0.01581912051974418, 0.015786629815183178, 0.015377598427663985, 0.016360554098453675, 0.015521107294999465, 0.014663425912904376, 0.015569136688812962, 0.014353649781991702, 0.014908918195303428, 0.014494383663593515, 0.01358895531125568, 0.020074652435534912, 0.032750972433368095, 0.016275582567637635, 0.014420253180621847, 0.015016738662017963, 0.01373556932447025, 0.013840984361170715, 0.014010534819995833, 0.013325565453694278, 0.013514789132829252, 0.013679672586354049, 0.016814029520704737, 0.013225866119830391, 0.012766105091400646, 0.013761093443561648, 0.012539616376916701, 0.012663821362563082]
############## VALIDATION LOSS ############## 
[0.18394815571167888, 0.15847509792622397, 0.1882753039107603, 0.2625348769566592, 0.3470834458575529, 0.1109844165689805, 0.10169731233926381, 0.15870480020256603, 0.10722542137784116, 0.08684371674762052, 0.1894934414064183, 0.2879706191665986, 0.33061915285447063, 0.3379368194762398, 0.22221699444686666, 0.03828189144020572, 0.033607004100785536, 0.06278123054653406, 0.05767901964923915, 0.03811131877934232, 0.02100650771685383, 0.018870350083007532, 0.017505415961803758, 0.015123991103952421, 0.015843816676779705, 0.017559645450947917, 0.021583986797315234, 0.014624740901019643, 0.017188523896038532, 0.014474074849311043, 0.05228586325093227, 0.01614844412816798, 0.01657917575143716, 0.0133815004819018, 0.014598186703070122, 0.01569243991637931, 0.014426918809904772, 0.13915571592309894, 0.017819100881324094, 0.013457597397706089, 0.014588010990444352, 0.014957391026922884, 0.014786501552033074, 0.012553970904692131, 0.012586026972926715, 0.014736117329448462, 0.012959565967321396, 0.019188381950644887, 0.015809342429480133, 0.015577519586419357, 0.013739188859129654, 0.013074426774812095, 0.016503298490801278, 0.013317462906022282]
############## TEST LOSS ############## 
0.03423670254873507
############## TRAIN MEAN_IOU ############## 
[0.46089778649243146, 0.47289050048267517, 0.4725902873922039, 0.472549981764845, 0.4749143385403865, 0.48884789323484573, 0.5188599748385919, 0.5480925843522355, 0.5753740760925654, 0.6012349181078576, 0.6238982363327129, 0.6431482216796359, 0.6580873703634417, 0.6719116504127914, 0.6845677877600128, 0.6953276291086867, 0.7070254284787822, 0.718076620955725, 0.7278996267028757, 0.7348429451923113, 0.7429573640630052, 0.7504974325766435, 0.7573599162939433, 0.7641111032382862, 0.7704372555017471, 0.7763775055472916, 0.7819155394225508, 0.7869682746964533, 0.7917610861965128, 0.7962722448078362, 0.8003698998206371, 0.8042207891876633, 0.807983024700268, 0.8114840887688302, 0.8148982416133623, 0.81803980107243, 0.8210980372654425, 0.8240356324492274, 0.8238131073681084, 0.8258795327431446, 0.8283570964594145, 0.830760387150017, 0.8331072523787215, 0.8353752936865833, 0.8375241007353809, 0.8395840275932003, 0.8416073737112252, 0.84354583395494, 0.8452765446256947, 0.846930271467647, 0.8486797737108694, 0.8503429575546367, 0.8519528173917049, 0.8535299768319001]
############## VALIDATION MEAN_IOU ############## 
[0.4735727993881001, 0.4728965846931233, 0.47263983593267556, 0.47272323860841636, 0.479515040622038, 0.5030973097857308, 0.53294938101488, 0.5623799281961778, 0.5884052024168127, 0.6130942597108728, 0.6338464477482963, 0.651019457508536, 0.665273501592524, 0.6783865935662213, 0.6905954795725205, 0.7009711651241078, 0.7126681804656982, 0.7231201739872203, 0.73105669372222, 0.7388497591018677, 0.7467758445178762, 0.7538035056170296, 0.7606792449951172, 0.7672565123614143, 0.7733988411286298, 0.7791542516035193, 0.7844163635197807, 0.7893576306455276, 0.794023334980011, 0.7982736825942993, 0.8022817092783311, 0.8060988959144143, 0.8096813629655277, 0.8131837634479299, 0.8164242050226997, 0.819532738012426, 0.8225485787672155, 0.8243559563861174, 0.8246319819899166, 0.8270867466926575, 0.8295639332603005, 0.8319042184773613, 0.8342240838443532, 0.8364338944940006, 0.8385331630706787, 0.8405852212625391, 0.8425541800611159, 0.8444273051093606, 0.8460181460661047, 0.8477859497070312, 0.8495160095831927, 0.8511206437559689, 0.852726564687841, 0.8542806260726031]
############## TEST MEAN_IOU ############## 
0.8548083500428634
