############## TRAIN LOSS ############## 
[0.18195199513354818, 0.07898744787215381, 0.041540073828671024, 0.03358629914126485, 0.025298911398528395, 0.030850291422039672, 0.0243981409931203, 0.019104349492998742, 0.017862923572318175, 0.016809116482633998, 0.016265642030063917, 0.017332802828703378, 0.016532679160779995, 0.016363858487582893, 0.029939147137180978, 0.03555741921897877, 0.021670785858421714, 0.016881951993029262, 0.018697552776241022, 0.016260037717812165, 0.014767947084446615, 0.0140754637572713, 0.014387374218377108, 0.013562580731042937, 0.01978537651106111, 0.016153456813127205, 0.015355879277292941, 0.013807996824333394, 0.013497536882405748, 0.013892418799317768, 0.013144582610678029, 0.01330390220155587, 0.012944811070967163, 0.012660349222101472, 0.01313836093224283, 0.012735653099150875, 0.012809006063066222, 0.012963905911640945, 0.013153119163738715, 0.015399899204714677, 0.018417191414816958, 0.01324323976311732, 0.012550516145278674, 0.012454833448361102, 0.012554656418443128, 0.02188486617524177, 0.013992079665783691, 0.012584357607379757, 0.01253332765269521, 0.012285218976840779, 0.012144406310383332, 0.012115107260870974, 0.013829621039582667, 0.01459885116767239, 0.012190896721959516, 0.012736834576227577, 0.012415078981477465, 0.0119396678889422, 0.012146504655656582, 0.012074138217202917, 0.013726206332747196, 0.012138638003553087, 0.011882314379830417, 0.012205621985894805]
############## VALIDATION LOSS ############## 
[0.2436686833115185, 0.13246693505960352, 0.09820677011328585, 0.17049373861621409, 0.15491586112800768, 0.04571725280188462, 0.034110760206685346, 0.06735306381083586, 0.05781428367995164, 0.0276554075672346, 0.03732268797124133, 0.01831395740566008, 0.016500524382161742, 0.020925905966364285, 0.059064426404588366, 0.023296017309322077, 0.017595388762214604, 0.018125368035672343, 0.01997989002505646, 0.018997720086618382, 0.017395720734973166, 0.013742944609154673, 0.016997074242681265, 0.013971241054070346, 0.03046568066758268, 0.016665385077323985, 0.01680793405017432, 0.015641970751697525, 0.017569895559812292, 0.013524048276902997, 0.013987346826230778, 0.015967239023131484, 0.0163114019395674, 0.014427871826817007, 0.013018430731094936, 0.013970877646523364, 0.013557218343896024, 0.013477338560144691, 0.013795076266807668, 0.0484845301903346, 0.015751168871408, 0.014585190671770012, 0.01314813134205692, 0.013970462988842936, 0.012794566861189464, 0.016948608215898275, 0.012553572545156759, 0.015974908820627368, 0.013610056163195302, 0.013417369302581339, 0.012778271236183011, 0.01302099071771783, 0.01681091299499659, 0.012490960029775606, 0.014109785422025359, 0.015068743377923965, 0.013784940272350521, 0.013680904583238503, 0.0136366369038382, 0.013506336219827919, 0.014879949856549501, 0.014944074867183672, 0.012873973670032094, 0.013495988239917685]
############## TEST LOSS ############## 
0.04190530140291561
############## TRAIN MEAN_IOU ############## 
[0.4604229386392477, 0.5139924199194521, 0.5985480252955411, 0.6563601385097246, 0.6945514441341967, 0.7221375015136358, 0.7423841059207916, 0.7629442790875564, 0.7791573151543334, 0.7927009306243948, 0.8042820236972861, 0.814047634198859, 0.8220602338378494, 0.8294890756542618, 0.8355644590951301, 0.8343994842993246, 0.837178461052276, 0.8414229404281925, 0.8455338167983133, 0.849058365096917, 0.8527427589571154, 0.8562881910317653, 0.8595996422542108, 0.8625385584057988, 0.8652837844313802, 0.8666674667919004, 0.8689414270826288, 0.8711885326617473, 0.873371011502034, 0.8753946536296123, 0.8772952612992879, 0.8791206189104028, 0.8808612706693443, 0.8824780861268172, 0.8840275366564054, 0.8854967988020664, 0.886933828527863, 0.8882507484506916, 0.8894913329465969, 0.8906183178360397, 0.8910651307653736, 0.8919925431947451, 0.8930496710377771, 0.8940948195554115, 0.8950741158143894, 0.8956224153170714, 0.8961708340290431, 0.8969982576531332, 0.897845782943674, 0.8986719733959919, 0.8994791217752405, 0.9002747865947517, 0.9010084247266924, 0.9015243875013815, 0.9021667898506731, 0.9028439956742365, 0.9034624405809351, 0.9041027160915168, 0.9047169504133431, 0.9053031596783045, 0.9058263144783072, 0.9063360006422609, 0.9068877656717558, 0.9074296141798431]
############## VALIDATION MEAN_IOU ############## 
[0.47840578415814566, 0.5582696620155784, 0.6313247084617615, 0.6771610203911277, 0.7109488914994633, 0.7322379736339345, 0.7529803023618811, 0.7715187809046578, 0.7862232502769021, 0.7987347034847035, 0.8094153299051172, 0.8180761372341829, 0.8258778417811674, 0.8326765193658716, 0.8355697042801801, 0.8354706133113188, 0.8391804028959835, 0.8435533432399526, 0.8471703985158134, 0.8508621278931113, 0.8544878609040204, 0.8579486152705025, 0.8610513070050407, 0.8639811312451082, 0.865864915006301, 0.867829887305989, 0.8700249791145325, 0.8722529376254362, 0.8743792667108423, 0.8763042127384859, 0.878211589420543, 0.8799756099196041, 0.8816585926448598, 0.8832576941041386, 0.8847386346143835, 0.8861977598246407, 0.887577705523547, 0.8888580834164339, 0.8900539489353404, 0.8909105272854075, 0.8914516182506785, 0.8924997624228982, 0.8935604270766763, 0.8945793754914227, 0.8955448129597832, 0.8957707110573264, 0.8965486533501569, 0.8974105330074534, 0.8982456642038682, 0.8990664587301367, 0.8998624401934007, 0.9006375354879043, 0.9012602322241839, 0.9018124482210945, 0.9024976281558766, 0.9031373122159172, 0.9037671755341923, 0.904398641165565, 0.9050008935086867, 0.9055821544983808, 0.9060480489450342, 0.9066018812796649, 0.9071526667651009, 0.9076691515305463]
############## TEST MEAN_IOU ############## 
0.9076244072480635
