############## TRAIN LOSS ############## 
[0.19188037232772723, 0.09881815946082005, 0.050935012829565515, 0.03454085582917606, 0.027794832904898637, 0.023747780385452347, 0.024275543564628507, 0.019403324138398306, 0.02023357930089775, 0.017864880410048203, 0.01724707253742963, 0.019645606447640504, 0.016554277361924382, 0.015311062597115902, 0.015031650479933297, 0.01686996501253767, 0.014515382643612856, 0.027924769312596402, 0.017463821634599887, 0.014663337201282784, 0.016243861072596063, 0.02235998969046852, 0.014805392541519895, 0.013712439997549597, 0.013524805724218086, 0.013226748431554518, 0.013126831687357579, 0.013107317773549742, 0.021061581474527514, 0.01620836423496036, 0.013708236120716744, 0.013347105978912598, 0.013151905832912874, 0.013218163198011147, 0.014181096657380663]
############## VALIDATION LOSS ############## 
[0.18896782222916098, 0.28902731134611015, 0.07017381138661329, 0.049264047733124566, 0.15685877751778154, 0.03710487561629099, 0.05351618474678082, 0.09772465717704858, 0.05058222598231891, 0.058927294743411684, 0.019394369686351103, 0.031912874266066975, 0.02805943852838348, 0.06358565713333733, 0.019148806740036783, 0.020643675179385087, 0.07181841715732042, 0.015613110489485896, 0.034909674349953145, 0.024819905568352518, 0.06340761422453557, 0.014099665561362225, 0.014423262108774745, 0.015224754536414848, 0.012734702295240234, 0.014842363403123967, 0.020164239603806946, 0.01438699197024107, 0.03150202114792431, 0.013299891369088608, 0.015448778210317387, 0.01678850597647183, 0.014037266072324094, 0.014843998257728183, 0.01560347861446002]
############## TEST LOSS ############## 
0.03663519623153137
############## TRAIN MEAN_IOU ############## 
[0.4590696310876189, 0.49126553313957677, 0.5584317183977848, 0.6275277327041369, 0.6756624337789174, 0.7071583609323244, 0.7349784116487246, 0.7551846077313294, 0.7711064718865059, 0.7850147670990711, 0.7965711355209351, 0.8069381713867188, 0.8149289951936619, 0.8226863278730495, 0.8290001955386754, 0.8349595782724587, 0.8403029558626381, 0.842728694951212, 0.8465488847043063, 0.8502903862579448, 0.8541167249550691, 0.8557016909927935, 0.8587459466747336, 0.861845188446947, 0.8646862124269074, 0.8674407408044145, 0.8700212405340092, 0.8723903056737539, 0.8743562815157143, 0.8751414241017522, 0.8769457416759955, 0.8787722382191065, 0.88050580789914, 0.8821089924187273, 0.8835905633262686]
############## VALIDATION MEAN_IOU ############## 
[0.47200538130367503, 0.5205753901425529, 0.5970603227615356, 0.6539330447421354, 0.6929586108993081, 0.7224167971050038, 0.7452766860232634, 0.7639221794465009, 0.7783779607099646, 0.7911147580427282, 0.802097737789154, 0.810841721646926, 0.8188826722257277, 0.8259250977460075, 0.8321521457503823, 0.8375804389224333, 0.8424584409769844, 0.844470202922821, 0.8482884414055768, 0.8522060723865733, 0.8554072625496808, 0.857138058718513, 0.8602528501959408, 0.8632621239213383, 0.8660478416611167, 0.8687193218399497, 0.8711988785687614, 0.8734773116953233, 0.8745540415539461, 0.8759892232277814, 0.8778526677804834, 0.8796216494896832, 0.8812960701830247, 0.8828599978895748, 0.8842749420334312]
############## TEST MEAN_IOU ############## 
0.8845174034436544
