############## TRAIN LOSS ############## 
[0.18304515884232683, 0.10597310104482882, 0.053399744154130284, 0.037382612552342785, 0.03032533439958619, 0.030815830485693908, 0.023777154821751488, 0.019304806615125288, 0.018751765034992148, 0.017995428328553366, 0.01648983610416385, 0.015127374951073245, 0.018911640704106038, 0.02623985573724919, 0.01585050089272192, 0.016621987697215297, 0.015351510351850978, 0.014550851651693921, 0.014160505175036756, 0.014053815541587569, 0.014128760003635811, 0.01754559000098222, 0.015996903631005536, 0.01420671769380066, 0.01431568235322531, 0.017133867975349562, 0.014382193629579569, 0.013846399570890778, 0.013396977107166438, 0.01959810865967459, 0.016705612696052807, 0.013122408691718167, 0.012776194879709667, 0.012655282339609757, 0.012418432658336856]
############## VALIDATION LOSS ############## 
[0.2947429015355952, 0.10605631374260958, 0.19389034106450923, 0.07961929545683019, 0.11450376230127671, 0.05289212866302799, 0.035376492175547516, 0.027950167272459057, 0.03436970792929916, 0.025604480877518654, 0.026459534652531147, 0.019666202147217357, 0.04758312739431858, 0.02673825347686515, 0.02094952836084892, 0.054604483056156075, 0.014387083239853382, 0.02367520658299327, 0.02390130184700384, 0.02027752480524428, 0.01846496993675828, 0.019328344805056557, 0.014509815613136572, 0.0164609542938278, 0.01201508761219242, 0.017669599667629775, 0.01642023484386942, 0.015016040436046965, 0.019571293090634486, 0.01651624951730756, 0.012949237764319953, 0.015213005326907425, 0.014427320237326272, 0.013819262330584666, 0.012504342861254425]
############## TEST LOSS ############## 
0.04150339748823281
############## TRAIN MEAN_IOU ############## 
[0.4604688823424481, 0.49439592357422857, 0.5578570148429355, 0.6145177141234681, 0.6581156112857767, 0.6921389235838039, 0.7169752704936105, 0.7397245672103521, 0.7592059756452972, 0.7744456783339784, 0.7875466503807016, 0.7991383494557561, 0.8090204942870785, 0.8134700784812102, 0.8196591312015379, 0.8262277672419677, 0.8315739615543468, 0.8370851242058986, 0.84189150220639, 0.8461960928665625, 0.8502466775275566, 0.853736176281362, 0.8566725749421764, 0.8596935038631027, 0.8624631782641282, 0.8648844441852054, 0.867337582481874, 0.8696147815601246, 0.8718632435476458, 0.8733830991629008, 0.8749126582532316, 0.8767576974791449, 0.8785833700283153, 0.8803306910637263, 0.8819989320394155]
############## VALIDATION MEAN_IOU ############## 
[0.4780525845639846, 0.5170249132549062, 0.5885922207551844, 0.6388619226567885, 0.6769109157954946, 0.7048405058243695, 0.7288361682611353, 0.7499809159952051, 0.7672295850865981, 0.7811645725194145, 0.7934823001132292, 0.8042868551085977, 0.8119906467549941, 0.8161873992751626, 0.8230136597857756, 0.8288620464942035, 0.8343538151067846, 0.8395287639954511, 0.844086625996758, 0.8482383244177875, 0.8521098985391504, 0.855103562859928, 0.85813768120373, 0.8611010313034058, 0.8638353663332322, 0.8660646747140324, 0.868451970465043, 0.8707124625935274, 0.8728875412660486, 0.874202780863818, 0.8757849335670471, 0.8776517755845014, 0.8794399780385634, 0.8811474512605106, 0.882780018974753]
############## TEST MEAN_IOU ############## 
0.8828469803839019
