############## TRAIN LOSS ############## 
[0.18655919258457584, 0.11045253013789251, 0.058102971081294724, 0.042638746732090775, 0.03507224538338345, 0.027440040158359585, 0.025351408497757605, 0.022966879621349478, 0.06578160188085325, 0.033697917516267786, 0.023662306777377788, 0.02382401515402504, 0.019682308923251724, 0.018865836145532493, 0.017828713281306665, 0.0175857013720717, 0.015958807343063323, 0.017264985237144738, 0.015821617836057133, 0.021426168726631313, 0.016348928556072752, 0.01486975436627462, 0.015152399122991876, 0.014521852258366306, 0.0147096230333822, 0.014054096530418139, 0.01415263069478946, 0.015892702066717116, 0.021684929999094958, 0.017541539622470737, 0.013775275642606052, 0.0156401096799134, 0.018268969385079235, 0.014056927999607413, 0.014199368592754408, 0.014404587925890007, 0.013339971443889913, 0.012909517607752335, 0.012965545479862674, 0.01288922962329879]
############## VALIDATION LOSS ############## 
[0.2573336853700526, 0.16880053150303223, 0.0668639080489383, 0.08210863468839842, 0.08591439016163349, 0.09947518018238685, 0.040646315387943215, 0.04598417691886425, 0.049083240658921355, 0.046810626874075216, 0.04569936686140649, 0.02464974857866764, 0.03216910143108929, 0.021937645423938248, 0.026744283571401063, 0.027163662016391754, 0.019795498482006436, 0.020823749932734406, 0.018314550110303304, 0.027280081556562114, 0.01927556883653297, 0.020972314592012587, 0.01756083348985104, 0.014378036947592217, 0.015455484280691427, 0.015882993226542193, 0.016943067503983483, 0.01868676394224167, 0.016275783370742026, 0.014319729498204063, 0.020352307378369218, 0.020514039651435965, 0.017532563823110917, 0.01925319666042924, 0.030643794685602188, 0.015603125341893995, 0.01566125192295979, 0.01565709786818308, 0.015288020237622893, 0.018066748757572734]
############## TEST LOSS ############## 
0.036483880561409575
############## TRAIN MEAN_IOU ############## 
[0.46070137891817736, 0.4915255463203868, 0.5508376295502121, 0.6104676844300451, 0.6530377699716671, 0.6842168674275682, 0.7092833760622386, 0.7325999535418846, 0.7463376518036868, 0.7469378891023429, 0.7573347180276304, 0.7678642470288921, 0.7779670712110158, 0.7872040662411097, 0.7956758681181315, 0.8032991209545651, 0.810173665752282, 0.8162815510421186, 0.8219102830500216, 0.8263134376422779, 0.8305385149008518, 0.8348528944157265, 0.8388259724990742, 0.8425636996288557, 0.846059370685268, 0.8493281236371478, 0.8524051542217667, 0.8552082817296724, 0.8571430219186319, 0.8589137683849077, 0.8611940681128889, 0.8633447849267238, 0.8649724826619432, 0.8668649643659592, 0.8687182866238259, 0.8699996173381805, 0.8717666679137462, 0.8734844769980457, 0.8751248918675087, 0.8766726501084663]
############## VALIDATION MEAN_IOU ############## 
[0.4756992476827958, 0.5157101645189173, 0.5831718900624443, 0.6330525629660663, 0.669289718655979, 0.6981565496500801, 0.7216064228731043, 0.7423359471208909, 0.7433721142656663, 0.7518328077652875, 0.7629528501454521, 0.772872037747327, 0.7827353161924026, 0.7915246171109817, 0.7995374307912939, 0.8066915028235492, 0.8133384269826552, 0.819055529201732, 0.8244994738522697, 0.8282937477616703, 0.8326655486050774, 0.8368778579375323, 0.8406604843981126, 0.8443370216033038, 0.847677420167362, 0.8508645576589248, 0.8538291734807631, 0.8563048559076646, 0.8579535869991078, 0.8599751802051768, 0.8623155390515047, 0.8642942695056691, 0.8658622924019309, 0.8677737958290997, 0.8694085233351764, 0.8708653169519761, 0.8726002994705649, 0.8742891024140751, 0.8758780360221863, 0.8774092407787547]
############## TEST MEAN_IOU ############## 
0.8777566508813338
