############## TRAIN LOSS ############## 
[0.2145481647269146, 0.16194663186733788, 0.11711828810842456, 0.08721858369991989, 0.04792935582431587, 0.03509876235841295, 0.02934272727627005, 0.0244987716495588, 0.02210736144459932, 0.020122813784542518, 0.04931424580816481, 0.022910447668510716, 0.020336467700355965, 0.017914159475146112, 0.016844976989149645, 0.017269790880507917, 0.017635989581813682, 0.016453146953387437, 0.015287256264757063, 0.021735752202771807, 0.020324640381905075, 0.01668119237355485, 0.01481660403865012, 0.13647973843271266, 0.05077111996659959, 0.02017892770645385, 0.01692890583826984, 0.016036230032458097, 0.015989892367223226, 0.014595098702262181, 0.01451801065028318, 0.018316196608105424, 0.01430593227741082, 0.013763245641933503, 0.013038029806134669, 0.013322219844102054, 0.012974298546543798, 0.01272238460935753, 0.013181702079679313, 0.012793618978026349, 0.01340144217907879, 0.012861034958749204, 0.012405051591780942, 0.013088819706132886, 0.013355704313899213, 0.012342738318005326, 0.013104052002843772, 0.01231443981098867, 0.012509608660144982, 0.022475660190212767, 0.013769085956359835, 0.015574826619814377, 0.012588364843002244, 0.012251403742797068, 0.012186788044542679, 0.013596633993517104, 0.014614598152252871]
############## VALIDATION LOSS ############## 
[0.19354362610508413, 0.23682181274189668, 0.2716261025737314, 0.15037264674901962, 0.12146585785290774, 0.10173204431638998, 0.09505041863988428, 0.06152780167758465, 0.11645906681523603, 0.2568599546656889, 0.07837257074082599, 0.024795853258932337, 0.019930458353722796, 0.024095086079529104, 0.02007815151420586, 0.02150149188716622, 0.0217868402490721, 0.01744147072381833, 0.02023910270894275, 0.06063428225324435, 0.02639924704699832, 0.019842741627465275, 0.02525684201870771, 0.16075519866803112, 0.01917190690908362, 0.01595594029983177, 0.015302193433265476, 0.01622356751057155, 0.015615855644950095, 0.01389300442465088, 0.0141310826601351, 0.016785765641971546, 0.01431498903890743, 0.014363002305959953, 0.016211894532556042, 0.013019211206804304, 0.013551774133435068, 0.013106798835317878, 0.013183836770408294, 0.0160760716535151, 0.012785671799279311, 0.014633175095214564, 0.016016434741151685, 0.012588134418953867, 0.012806067517136826, 0.013231965603635591, 0.01253251898485948, 0.013379155302091557, 0.013576671261997783, 0.015824597082374728, 0.01318954668172142, 0.012822078650488573, 0.013041027739424916, 0.01308859309510273, 0.013005705221610911, 0.056343078284579164, 0.014155367115402924]
############## TEST LOSS ############## 
0.033877666994477765
############## TRAIN MEAN_IOU ############## 
[0.4610253394254156, 0.47269931737635584, 0.47676586822883504, 0.49586779664497116, 0.5405002812276015, 0.5871789890366632, 0.6252582012801557, 0.6560103957717484, 0.6817670694074115, 0.7025119082347767, 0.7119543866531269, 0.7243764895845104, 0.7383441292756313, 0.7508996817711238, 0.7620711237997622, 0.7718808477794802, 0.7807087362618059, 0.7884273436423894, 0.7956707038589426, 0.8022129459155573, 0.8059297888665586, 0.8111292913153365, 0.8161940679356858, 0.8155948793565905, 0.8061051272057198, 0.8087623397240767, 0.8127541457479065, 0.8166756102362195, 0.8204652340830983, 0.8240818143696398, 0.8275452505897831, 0.8304122263515318, 0.8334056348414034, 0.8363318237903956, 0.839159369871423, 0.8418364814809851, 0.844391737032581, 0.84684033289149, 0.8491570804570172, 0.8513609497128306, 0.853439552961169, 0.8554145887091353, 0.8573159821130134, 0.8591484459670814, 0.8608547702834413, 0.8624995958966177, 0.8641018279500909, 0.8656366813827205, 0.8671460445668246, 0.8681363576167339, 0.8692536833318504, 0.8704460339771735, 0.8716619489966212, 0.8729106836222313, 0.8741284467884012, 0.8752860052360071, 0.8762023521436227]
############## VALIDATION MEAN_IOU ############## 
[0.47321753642138314, 0.47293898287941427, 0.4827731339370503, 0.5146864337079665, 0.5653491931803086, 0.6074433046228745, 0.6414025881711174, 0.6696116889224333, 0.6927305354791529, 0.7107996379627901, 0.7171302893582512, 0.7315414828412673, 0.7446542487424963, 0.756541602751788, 0.7670955728082096, 0.7763537168502808, 0.7845338232376996, 0.7920555858051076, 0.7990133622113396, 0.8040879964828491, 0.8085370975382188, 0.8136205427786883, 0.8185528236276963, 0.8093116669093862, 0.806746384676765, 0.8106778895153719, 0.8147056733860689, 0.8185835340443779, 0.8222286596017725, 0.825794560067794, 0.8291183184174931, 0.8318608648636762, 0.8348327980321997, 0.8377146405332229, 0.8404947729671702, 0.8430780943702249, 0.8455862543162178, 0.8479869856553919, 0.8502338879248675, 0.8523952925906462, 0.8544019004877876, 0.8563418703920701, 0.8582263799274669, 0.8599903969203725, 0.8616452988456277, 0.8633002708939945, 0.8648408370859483, 0.8663805758251863, 0.8678451496012071, 0.8685954143019283, 0.8698874010759241, 0.8710118777611676, 0.8722690168549033, 0.8735092527726117, 0.8747020258623011, 0.8757415834595176, 0.8766799393822166]
############## TEST MEAN_IOU ############## 
0.8769551909331119
