############## TRAIN LOSS ############## 
[0.18654644703240814, 0.10102117724867689, 0.058835199442566245, 0.04034488726835195, 0.027585471571246918, 0.030044337231162434, 0.025896691358522385, 0.02063517428846476, 0.01805572846363223, 0.017689292775341182, 0.017320567499720364, 0.016237861067811783, 0.015952226397505886, 0.025352553596619417, 0.018062973366672726, 0.01727400884359471, 0.015727597313958244, 0.014835304586921592, 0.014520042569603066, 0.014254270404627596, 0.014326990689025135, 0.013781090852225552, 0.013669710502506711, 0.017204739351605845, 0.014233698432862357, 0.013190084810343545, 0.013305531940548806]
############## VALIDATION LOSS ############## 
[0.24548519797184887, 0.20156038421041825, 0.0743546711609644, 0.09931048991925576, 0.1762096329646952, 0.058328172849381674, 0.027664676966036066, 0.03332415847655605, 0.035525140872992134, 0.032148049021249306, 0.05058209751458729, 0.021053798880208942, 0.0204796194756294, 0.03040584341129836, 0.017684958026032236, 0.018567301689044517, 0.013941938002758166, 0.016026677317259944, 0.018788742065867958, 0.0156805512824041, 0.015570691074518597, 0.015806885052691486, 0.018271269632832092, 0.014139689258573687, 0.014861094381879358, 0.014194328365299632, 0.018142993452356142]
############## TEST LOSS ############## 
0.04060120505817009
############## TRAIN MEAN_IOU ############## 
[0.4601419659683833, 0.48670151849856247, 0.5445688080948752, 0.6131166191519918, 0.6581769944042772, 0.6914043341939514, 0.7181447164432423, 0.7410863287545539, 0.7603632320423384, 0.7758507136557553, 0.788687909374366, 0.7989832279649941, 0.8087735812406283, 0.816504488522942, 0.8217494052809637, 0.8280592725889103, 0.8335340401610812, 0.8388496021161208, 0.8437536306477882, 0.8479926602260487, 0.8519999928571083, 0.8556763372711234, 0.8591196045682237, 0.8620359756656595, 0.8645648460935902, 0.8673190969873119, 0.8699264329027485]
############## VALIDATION MEAN_IOU ############## 
[0.4740844947450301, 0.5149396096958834, 0.5822773505659664, 0.6367828845977783, 0.6774676652515635, 0.7052534187541288, 0.7299188094980577, 0.751057950889363, 0.7685377878301284, 0.7825302832266864, 0.7939861276570488, 0.8040344224256628, 0.812985427239362, 0.818676184205448, 0.8249068190069759, 0.8307479514795191, 0.8361715744523441, 0.8412760671447305, 0.845868303495295, 0.8500144797212937, 0.8538129259558285, 0.8573971040108624, 0.8606584913590375, 0.8631739581332487, 0.8659082510892082, 0.8686071879723493, 0.8710751743877635]
############## TEST MEAN_IOU ############## 
0.8714945468035611
