############## TRAIN LOSS ############## 
[0.17375727388000972, 0.07426814718574688, 0.04843100206926465, 0.033394597521102104, 0.026003684496154655, 0.026247157797066344, 0.023215606544368172, 0.02144050435477717, 0.019245106868471043, 0.020004902466049267, 0.015939906355924904, 0.015530271487109162, 0.05190557870397193, 0.022325081228454773, 0.01668542650263958, 0.01736708638900136, 0.01575130910763668, 0.01455370118098988, 0.01427355469707903, 0.01565185928327107, 0.019331981037818902, 0.014699168817920459, 0.014300236487886994, 0.013663819622928026, 0.013801471194931986, 0.013334163857900814, 0.026065649304262084, 0.016387081289714254, 0.014134886608509397, 0.01399092808227382, 0.015207529823119575, 0.014444699123929683, 0.01449839848823644, 0.014327508161423376, 0.012608295183855336, 0.012488308019709547, 0.012554648631202007, 0.013123741096540078, 0.012637720427576554, 0.014093016371810558, 0.013318607495543925, 0.012893245904706419, 0.012183330443410858, 0.012670710144841389, 0.012731484593697698, 0.012236769443277168, 0.012411085989426923, 0.02308916287635126, 0.01571586003174653, 0.013468043856649986, 0.012675742244322758, 0.012553419615771319, 0.012262037297635264, 0.012084244237583433, 0.014722523090706484]
############## VALIDATION LOSS ############## 
[0.30435401902479287, 0.12512950993636074, 0.048056951121372336, 0.09892436588073478, 0.07776598544681773, 0.03430387914619025, 0.0528331013286815, 0.03089944092447267, 0.05195305879940005, 0.01946449841317885, 0.01967118970830651, 0.016732463695328024, 0.030994171934092745, 0.02232015209601206, 0.019676293465582764, 0.019215727854958353, 0.01649549392545048, 0.016678211635307354, 0.016638321665060872, 0.021498158163226703, 0.018748572342755163, 0.014437267255476293, 0.018040341599022642, 0.015373272656956139, 0.014754592112320311, 0.014881559127174756, 0.03332437103723779, 0.015110358267145999, 0.014728947843918028, 0.014216003391672583, 0.016054565908716005, 0.013621197054710458, 0.015398979625281166, 0.01588302489150973, 0.015496444477535346, 0.014394220868673395, 0.013177643995732069, 0.015076503321966705, 0.017385001129963818, 0.013065134859917796, 0.013932495213606778, 0.014474537360536702, 0.015592968611813644, 0.013200705377932857, 0.012437321190886638, 0.012784110573942171, 0.015738322509124, 0.022212185020394185, 0.017222046824719978, 0.014008854406283182, 0.015843742636635023, 0.012675916200832409, 0.015135072856484091, 0.014058540383463396, 0.017940388691118535]
############## TEST LOSS ############## 
0.06996217853192127
############## TRAIN MEAN_IOU ############## 
[0.46164551830372297, 0.5226405260933412, 0.6078462874567186, 0.6654591012645412, 0.7036316559926884, 0.7319027858005988, 0.755918511265033, 0.7733138791612677, 0.7886199576629175, 0.8003575781712661, 0.8112753746477334, 0.820929341622301, 0.8250420379477579, 0.8252809744428944, 0.8309875267582971, 0.8365580447622247, 0.8414800730911461, 0.8463274663364565, 0.8507834109100135, 0.8547407086636569, 0.8576309954797899, 0.8605115582814088, 0.8636263403538111, 0.8664623357959695, 0.8691786596098462, 0.8716755549649935, 0.8733759228442166, 0.8737079211183496, 0.8755828798622698, 0.8775075762658506, 0.8792378596357397, 0.8808498249666111, 0.882313063418543, 0.8837263084746696, 0.8852309298676413, 0.8867143332152754, 0.8881225497336, 0.889440184509432, 0.890644525756707, 0.8917965276821239, 0.8927647692931665, 0.8938148255283768, 0.8948349719111984, 0.8958405751634289, 0.8967643815117914, 0.8976797554138545, 0.8985617897800497, 0.8992183188328872, 0.8992317560556773, 0.8998628323142593, 0.9005798488049894, 0.9013071998551085, 0.9020270648840312, 0.9027246905339731, 0.9033792848522598]
############## VALIDATION MEAN_IOU ############## 
[0.4854009361828075, 0.5714197158813477, 0.6384183343719033, 0.6863557591157801, 0.7197549167801353, 0.7447054701692918, 0.7652108669281006, 0.78116975812351, 0.7950253767125747, 0.8058094277101404, 0.8162518704638762, 0.8251616078264573, 0.8231600452871883, 0.8279585031902089, 0.8338537742109859, 0.8389819194288815, 0.8438907440970925, 0.8485673771185034, 0.8528040226768044, 0.856327540734235, 0.8589299215989954, 0.8620548108044792, 0.8650080000652987, 0.8678240670877344, 0.8703978797968697, 0.8728339005919064, 0.8731181341059068, 0.8746133516816532, 0.8765266818158767, 0.8784031096626731, 0.8799913420396692, 0.8815785891869489, 0.8830226274097667, 0.8844416176571566, 0.8859499798101538, 0.8874080110998714, 0.8887746930122375, 0.8900199602631962, 0.8912221824421602, 0.8922440690152785, 0.8932757167255178, 0.8943035672692692, 0.8953372520558974, 0.8962922657237333, 0.8972010121626013, 0.8981197546510136, 0.898976536358104, 0.89903483320685, 0.899506109602311, 0.9001993992749382, 0.9009359163396499, 0.9016535212011898, 0.9023616313934326, 0.903059300254373, 0.9035669810631696]
############## TEST MEAN_IOU ############## 
0.9028002619743347
