############## TRAIN LOSS ############## 
[0.19952862045249423, 0.11640480266430893, 0.06525218262765053, 0.04369486994235902, 0.04023329438515813, 0.0273411005697641, 0.023337692966231623, 0.02164877681502116, 0.021224731938107998, 0.01908015348709415, 0.018220425473299582, 0.01696802894081417, 0.019993474036832718, 0.017439580503599467, 0.016714236252261577, 0.01570692686426982, 0.014760655876425272, 0.014322564040461706, 0.014714535854354099, 0.015771616763133253, 0.01443285635999731, 0.013841316796134453, 0.014072693679859308, 0.013890601043287362, 0.013427337335825369, 0.10050654221590408, 0.032506451822464935, 0.020817138666815654, 0.016826343077637657, 0.015727854616990364, 0.01493479302341773, 0.014741289051803382, 0.014201991675371254, 0.013564478728693683]
############## VALIDATION LOSS ############## 
[0.13345806475947886, 0.26599446026717916, 0.07349129503264147, 0.06448643972330234, 0.04093684217728236, 0.03863486050463775, 0.0340974647551775, 0.028973425574162427, 0.020476540605373243, 0.04931521059616523, 0.021705487030832207, 0.01711251893464257, 0.023343690944945112, 0.019646497278967324, 0.018484001897056315, 0.01756170211250291, 0.016248005004051852, 0.015730938737225884, 0.026552322923260575, 0.018129552577567452, 0.01668635117547477, 0.015343245858436121, 0.015195709351888475, 0.013597182272111668, 0.015160163727534167, 0.06014543574522523, 0.027071186560480034, 0.01858017560751999, 0.018221038941513088, 0.014407723265535691, 0.016435296247329784, 0.021470502594157177, 0.019018361947553998, 0.018978011766996455]
############## TEST LOSS ############## 
0.037373676173614735
############## TRAIN MEAN_IOU ############## 
[0.459688656535503, 0.4775898206878353, 0.5220129310682013, 0.5890268196125288, 0.6347245626352929, 0.6692135958252726, 0.7006106449140085, 0.7250623618428772, 0.7450522627379443, 0.7615567546438526, 0.7741341373404941, 0.7864349979806591, 0.7968313033516342, 0.8051337325895155, 0.812942301904833, 0.81996387847372, 0.8263355356615942, 0.832203876327824, 0.8373620606757499, 0.8418180398844384, 0.8459393192787428, 0.8498617744929081, 0.8534651205346391, 0.8567376088451695, 0.8598983005897419, 0.8574819516491246, 0.8531681625424204, 0.8544594629390819, 0.8566253020151241, 0.8588650802502761, 0.8611251389658129, 0.8632730773171863, 0.8652957375790622, 0.8672986215836292]
############## VALIDATION MEAN_IOU ############## 
[0.4726703868192785, 0.4915548878557542, 0.5576701094122494, 0.6138161736376145, 0.6516545765540179, 0.6858890547471888, 0.7135406487128314, 0.7355467887485728, 0.753494448521558, 0.7681967651142794, 0.7804539519197801, 0.7919052138048059, 0.8008125915246851, 0.8091205814305473, 0.8164635686313405, 0.8231348044732038, 0.829269125181086, 0.8348384394365198, 0.8396961163072025, 0.8438773540889516, 0.8478830000933479, 0.8516658649725073, 0.8550824768402997, 0.858312238665188, 0.8613404631614685, 0.8535041949328255, 0.8535856674699223, 0.8554777012151831, 0.857715953798855, 0.8599713935571558, 0.8622045026105993, 0.8642656873254215, 0.8662775579620811, 0.8682315910563749]
############## TEST MEAN_IOU ############## 
0.8684229160800124
