############## TRAIN LOSS ############## 
[0.18061939599244176, 0.08970457905702092, 0.04789880731117886, 0.03497987874859088, 0.026921463501010393, 0.03097532847518655, 0.02740729013394967, 0.02246523923177675, 0.01968324654798552, 0.016975217561766103, 0.01664432788871833, 0.016555182830858474, 0.02051105845807674, 0.01898033099840521, 0.015501240035519004, 0.01840903371182346, 0.020594439101153734, 0.015768012560501293, 0.014341515274970112, 0.014957279665395617, 0.014273079234880168, 0.01496038942383854, 0.014448462123353337, 0.013297585789365945, 0.013648966657677414, 0.03066362992772279, 0.01598926040507551, 0.014065120633490183, 0.013534934348049196, 0.018198606803560176, 0.014038500942390513, 0.013979249712507668, 0.018116162919967965, 0.01321402150898467, 0.012934978824813623]
############## VALIDATION LOSS ############## 
[0.32959385391543894, 0.09768732549513087, 0.07153610161998693, 0.0455135711852242, 0.11540999263525009, 0.24070367348544738, 0.02767899046268533, 0.056215125081293726, 0.021189002320170403, 0.021587299237794736, 0.017100779914899784, 0.03963264039553264, 0.024000451352228138, 0.01669972639202195, 0.016217716257361806, 0.01786241335246493, 0.015754789990537307, 0.01572182317100027, 0.01857782095013296, 0.017216351348906755, 0.01702795487225932, 0.019877935458412942, 0.017035174950519028, 0.016517505734501517, 0.012803773505284506, 0.017886735060635733, 0.017004434211070046, 0.014948508674826692, 0.015142114394727875, 0.018496274701593554, 0.02168118885225233, 0.01808235821697642, 0.017268358401077634, 0.015889061231385258, 0.015526763793519315]
############## TEST LOSS ############## 
0.030786472750884114
############## TRAIN MEAN_IOU ############## 
[0.46117988379823194, 0.5030004005577113, 0.576269110312333, 0.6401789687775277, 0.6833483621075347, 0.7143105059056669, 0.7321176255071485, 0.7521713521029498, 0.7690085345828855, 0.7839462048298603, 0.7963568942772375, 0.806978254302128, 0.8151491163550196, 0.8212939412207216, 0.8281278525655335, 0.8340167898584057, 0.8386090534764368, 0.8430738368549863, 0.8476878017992586, 0.8518719757730896, 0.855478440587585, 0.8589489778151383, 0.8619810318624651, 0.8649588138670534, 0.8677696428588919, 0.8692203723901027, 0.870305896208093, 0.8724438962904183, 0.8745758630133964, 0.8764119442250278, 0.8779607387007894, 0.8796602104966705, 0.8810455247357085, 0.8824459257963542, 0.884008601307869]
############## VALIDATION MEAN_IOU ############## 
[0.4829649346716264, 0.5361135111135595, 0.6114465173553018, 0.6634749664979822, 0.7010912825079525, 0.7233358306043288, 0.7423942790311926, 0.7609636748538298, 0.7765911852612215, 0.7903508263475755, 0.8017995497759651, 0.8113368048387415, 0.8182229960665983, 0.8246553645414465, 0.8312337047913495, 0.8364498790572671, 0.8406824855243459, 0.8453479865018059, 0.8497901488752926, 0.8536504331757041, 0.857237275908975, 0.8604340974022361, 0.8634159775341258, 0.8663693526211906, 0.8690506219863892, 0.8692562439862419, 0.8713303944643807, 0.8734803410137401, 0.8755643683321336, 0.8770438537878149, 0.8788203562007231, 0.8804690592429217, 0.8816330117337844, 0.883202941978679, 0.8847223590402042]
############## TEST MEAN_IOU ############## 
0.8850487817417492
