############## TRAIN LOSS ############## 
[0.18456742081891847, 0.11791205818991403, 0.08744791127439286, 0.05061990705419432, 0.03734562554195322, 0.033494342162550705, 0.026925614474945375, 0.022407644217506656, 0.022138109965551947, 0.019454434627314676, 0.021522334251376625, 0.017222353392532346, 0.023211550955484446, 0.017994804310964774, 0.015521593146479211, 0.01611343560727766, 0.01486685690218331, 0.024082085844506888, 0.01628838657288233, 0.015035713038004533, 0.014455833371627974, 0.015193390726061488, 0.01441047154996242, 0.01405194090251383, 0.013584490346319571, 0.018937389293962437, 0.014241555885009066, 0.01746402166758639, 0.013964306852604086, 0.013527182072426218, 0.013647102209663874, 0.01602624687743751, 0.014781600899516127, 0.013484471317103787, 0.012801863882388617, 0.01295434426818345, 0.012802568125865749, 0.012749380498142863, 0.016395602856662025, 0.014897832728771342, 0.01287121162435191, 0.012924002071313962, 0.012498365202289377]
############## VALIDATION LOSS ############## 
[0.24895772513221293, 0.12443053853862426, 0.09220343126970179, 0.0973354041138116, 0.06654392522485818, 0.03889190745266045, 0.03078999797649243, 0.08891147112145144, 0.08191897128434743, 0.06914314035983647, 0.05327069737455424, 0.021098629872807684, 0.02524974843596711, 0.0235477155622314, 0.01977995547520764, 0.02337541464058792, 0.02007571199689718, 0.016887072062886813, 0.018815105424865204, 0.018252822378759876, 0.01533297572613639, 0.01740141065024278, 0.014371563625686309, 0.015515907174524139, 0.020052931463236317, 0.017283663153648376, 0.017022276078076923, 0.015321476631523931, 0.015301768174942802, 0.01611999934539199, 0.015271113171954365, 0.020645777694880962, 0.01307730604072704, 0.014276174664059105, 0.01592470716465922, 0.013702122795888606, 0.013462396146839155, 0.013300609911846764, 0.040514618733569104, 0.013599281199276447, 0.02161034391097286, 0.01641770496087916, 0.01994369746021488]
############## TEST LOSS ############## 
0.03848817641987945
############## TRAIN MEAN_IOU ############## 
[0.4607374028780976, 0.48473517496038127, 0.5090631774148425, 0.5605047925098522, 0.6101337240354435, 0.648886347944672, 0.6804777291175481, 0.7071238635359584, 0.7270522617005013, 0.7434773215570966, 0.7576850394944887, 0.7698236317247957, 0.7808370191503216, 0.7890580751605936, 0.797932286520262, 0.8059380682739051, 0.8130224822340785, 0.8184823373685012, 0.8234477248546239, 0.8285689172712533, 0.8333463286225861, 0.8378074724931974, 0.8417534030772544, 0.8454934016272828, 0.8489531181954049, 0.8516618295295818, 0.8544565004271429, 0.8570005039911013, 0.8594910433968982, 0.8619771958202929, 0.8643201480846148, 0.8664978424439559, 0.8681952027050225, 0.8700580818427576, 0.8719559291730056, 0.873762692148621, 0.8754829317331314, 0.8771219249512698, 0.8785913199991793, 0.8794592107469971, 0.8808484818484332, 0.8821715084282128, 0.883469432995126]
############## VALIDATION MEAN_IOU ############## 
[0.47625459117047925, 0.49469983051804933, 0.5304428163696738, 0.5866979746257558, 0.6311934485154993, 0.6649648126433877, 0.6943180981804343, 0.717967639951145, 0.7356741919237024, 0.7510101444580976, 0.7636669137898613, 0.7758063463603749, 0.7846809765871834, 0.7935264916980967, 0.8020308087853825, 0.8094600228702321, 0.8162627079907585, 0.820690558237188, 0.8259822586003471, 0.8309646178694332, 0.8355788378154531, 0.8397210100117851, 0.843606734977049, 0.8472069396692163, 0.8505242677295909, 0.8529376562903909, 0.8558400974554174, 0.8581583605093115, 0.8607172054402968, 0.8631609467899098, 0.8654273292597603, 0.8672678084934459, 0.8690858553437626, 0.8709860198638019, 0.8728478375603171, 0.874603643136866, 0.8762812369010028, 0.877883627134211, 0.8789599327480092, 0.880130880019244, 0.8814984524951262, 0.8828029913060805, 0.8840814373072456]
############## TEST MEAN_IOU ############## 
0.8842631029360222
