############## TRAIN LOSS ############## 
[0.18304030013245506, 0.09580635972874793, 0.05097045743133168, 0.03551635166907029, 0.027382306181951553, 0.029355995508061873, 0.021594452753512038, 0.019808956799474923, 0.01865630639352005, 0.018419605717566366, 0.016380671034189494, 0.0157714258860545, 0.015744744856665667, 0.022689219236978003, 0.01530644587379553, 0.015486547603850832, 0.025868776024671625, 0.016278926808563236, 0.014773179468623287, 0.014832457842154277, 0.014478467005254651, 0.013960938995099953, 0.0140190727134059, 0.013075224649337297, 0.01375412303526458, 0.01325192629372248, 0.03348573948558722, 0.016541795704413106, 0.014595375342823163, 0.013369465621213454, 0.013665989428330716, 0.013368994066793774]
############## VALIDATION LOSS ############## 
[0.17925927919500015, 0.11094694716088913, 0.06540347175563083, 0.056894716971060806, 0.06963505387744483, 0.027684188502676347, 0.05216826755991753, 0.03588810398736421, 0.046068946118740475, 0.03146775472251808, 0.01685737508951741, 0.020339753862251255, 0.03708433020202553, 0.021095961907549816, 0.015340550720472546, 0.017391104278538155, 0.018454868072534308, 0.021697973942055422, 0.019316826673115, 0.016845505218952894, 0.015390042736030677, 0.013011827900567475, 0.017295916838680998, 0.015060013680554488, 0.01648725519942887, 0.017003438983331707, 0.0170773248297765, 0.01597345743657035, 0.017809116391136366, 0.015693197821212167, 0.013898308772374602, 0.019323498476296663]
############## TEST LOSS ############## 
0.038342462389758136
############## TRAIN MEAN_IOU ############## 
[0.4607577918953187, 0.49355447171507655, 0.5646456995525876, 0.6315481731215039, 0.6779987606647853, 0.7110078395218462, 0.7369695265550871, 0.7570807124311859, 0.7747312687538765, 0.7882359184928842, 0.8001552510100443, 0.8106738139648695, 0.8196285226055093, 0.825944502208684, 0.8319290666966825, 0.8379376703822935, 0.8419766675781559, 0.8457485421283825, 0.8500555161688779, 0.8540359578422598, 0.8575756727038203, 0.8609265229991965, 0.8640902078634983, 0.867040533874486, 0.8696368207802644, 0.8721699477047533, 0.8730273218573751, 0.874003809046101, 0.8757837519452378, 0.8776984669872232, 0.8795725006509472, 0.8813053188291756]
############## VALIDATION MEAN_IOU ############## 
[0.47683970367207246, 0.5218766542042003, 0.600456342977636, 0.6568601482054767, 0.6968712701516993, 0.723972920109244, 0.7478261695188635, 0.7663480429088368, 0.7819309970911812, 0.7943637581432567, 0.8055679237141329, 0.8152767735369065, 0.8233896388727076, 0.8286629915237427, 0.8350010654505562, 0.8405745274880353, 0.8434085951131933, 0.8478481524130878, 0.8520560545079848, 0.8557668784085442, 0.8592234464252696, 0.862520719275755, 0.8655337726368624, 0.868371910908643, 0.8708944460924934, 0.8733452102717232, 0.8731281056123621, 0.8748720673953786, 0.8767118734471938, 0.8786266060436473, 0.880414671757642, 0.8821145716835471]
############## TEST MEAN_IOU ############## 
0.882251505057017
