############## TRAIN LOSS ############## 
[0.19448485094550494, 0.08798590018036398, 0.05114541275779138, 0.03391268409511729, 0.028223076092733723, 0.02735658241687594, 0.021345509474190907, 0.01926904679842394, 0.02026809100690927, 0.01733933875614123, 0.03811986785935792, 0.022165897840357107, 0.02019800595951745, 0.016432206747373817, 0.016020278270180162, 0.01525162547713498, 0.014729496443996558, 0.015664058554967917, 0.014390196811684684, 0.017213237726733693, 0.014304909672638451, 0.01394999719451408, 0.013610131708225486, 0.013608771134042056, 0.013461510326738495, 0.01334755093400442, 0.015408634094873795, 0.021226330122256, 0.014028361690155155, 0.020778921785185468, 0.014403802855569567, 0.014822737046366406, 0.013756028121664515, 0.013360682349475855, 0.012844412307557021]
############## VALIDATION LOSS ############## 
[0.2890875847900615, 0.1394859346396783, 0.07964973129770335, 0.09772381120744873, 0.23028463212882772, 0.03234615708317827, 0.042872990755473864, 0.07197810906697721, 0.024321097168414033, 0.12743220916565726, 0.026426292736740672, 0.048632353872937316, 0.01654735632131205, 0.019593210233485, 0.014658617814454962, 0.01931406442514237, 0.013816993327482659, 0.01709738666849101, 0.015933667473933277, 0.017740030553849304, 0.014286401298116235, 0.017585087951053593, 0.013488560914993286, 0.012513929238433348, 0.011903935687287766, 0.012854294495328385, 0.030029734980095837, 0.015401512302239151, 0.016863528748645502, 0.014818122665233472, 0.014692990383242859, 0.01587373886586112, 0.014457555268617236, 0.01567751111681847, 0.01952711514690343]
############## TEST LOSS ############## 
0.03664852105306857
############## TRAIN MEAN_IOU ############## 
[0.45981870702392347, 0.5076939465629088, 0.5809937510136012, 0.6387143775417998, 0.6805947209532196, 0.7056901483116923, 0.7331245618092047, 0.7546377089377996, 0.770540438793801, 0.7852245891416395, 0.7909203236167496, 0.7991176457018465, 0.8065792720865559, 0.814612076894657, 0.8218499115995459, 0.8283608700778033, 0.834251040945182, 0.8395401783086158, 0.8442259289928384, 0.8484050301281182, 0.8520589172840118, 0.8556811471243162, 0.8590291396186158, 0.8621478745260754, 0.8650388326999303, 0.8677294371095864, 0.8701869406410165, 0.8710457255711427, 0.8729982537192267, 0.8746773942902282, 0.8761228182025858, 0.8778269504373138, 0.8794943754737442, 0.8811296454152545, 0.8827078237726882]
############## VALIDATION MEAN_IOU ############## 
[0.47947938301984, 0.5471269979196436, 0.6123469436869902, 0.6618414871832904, 0.6952929251334247, 0.7202220418873955, 0.7444470805280349, 0.7633687643443837, 0.7780448163256926, 0.7906347583321964, 0.7942713323761436, 0.802774545024423, 0.8105485474362093, 0.8183153972906225, 0.825111399678623, 0.8313375641317928, 0.8369306711589589, 0.8418348186156329, 0.8464458234169904, 0.8501652549294865, 0.8538826143040377, 0.857352730105905, 0.860587972051957, 0.8635903912432054, 0.8663796431878034, 0.8689903406535878, 0.8709160580354578, 0.8719153754851398, 0.8739715043236228, 0.8752081674688003, 0.8769961630596834, 0.8786278787781211, 0.8802902067408842, 0.8818937925731435, 0.8834570120362675]
############## TEST MEAN_IOU ############## 
0.8835699713591373
