############## TRAIN LOSS ############## 
[0.1839102860036734, 0.10399052352216598, 0.06986166507861502, 0.04340009568762537, 0.033730741193820094, 0.025008937570492964, 0.027576065540464746, 0.027825532232511888, 0.021240287082823547, 0.018156725186477037, 0.017295547899462888, 0.016658776647386117, 0.017332254050022644, 0.01601767513548603, 0.017612886095948115, 0.015388099734696585, 0.01804780523053597, 0.014840540108019235, 0.014540115786666, 0.013897835434338934, 0.014523878489067225, 0.01573014331390024, 0.013802520534325693, 0.013397766167071421, 0.013209671301238641, 0.013680696062668151, 0.013020854474775292, 0.019948413705679815, 0.02841034296245591, 0.014774523313610337, 0.013449864487188894, 0.019776901249094186, 0.014341991334977383, 0.012973670124051135, 0.012870018370449543, 0.01248686050530523, 0.012412027471598136, 0.012374966937066937, 0.012426402828832334, 0.012022285187314893, 0.013867109570325026, 0.013873890309745597, 0.012348159238368878]
############## VALIDATION LOSS ############## 
[0.21916689942864812, 0.19870999455451965, 0.12922162343473995, 0.0507251890924047, 0.04417597272378557, 0.12036121899590772, 0.05234039750169305, 0.06229404710671481, 0.032007449963951815, 0.026333398240454057, 0.025033462354365515, 0.02047972326331279, 0.019491288454874474, 0.025763586410047376, 0.020300112062079066, 0.02396858179503504, 0.030461748075835845, 0.015849634429768604, 0.018991442424628663, 0.018626463928205127, 0.014913042432025951, 0.01492431411957916, 0.016620673074880066, 0.013912564116146635, 0.01376890906077974, 0.015067275257452446, 0.013734694077249835, 0.06210773964138592, 0.020991479430128548, 0.016740156995022997, 0.017137290362049553, 0.014341101077768733, 0.013623355257817927, 0.015311480910681626, 0.013658568372621256, 0.01628460841910804, 0.01775979998466723, 0.015303786926190643, 0.015009419828215066, 0.01603640941902995, 0.029505486709668356, 0.014120452352525556, 0.015150803552173516]
############## TEST LOSS ############## 
0.0406925501471216
############## TRAIN MEAN_IOU ############## 
[0.46005485821011904, 0.49230341915343256, 0.5345241967085246, 0.5942300779593958, 0.6402762133527446, 0.6791141794340031, 0.7058847659342998, 0.7282354529644992, 0.7457283747357291, 0.7624400523868767, 0.7765366326312761, 0.7887277369563644, 0.7988337306557475, 0.8075954245554434, 0.8151123189442867, 0.8217676398721901, 0.8275894989838471, 0.8327858725915084, 0.83796331447524, 0.8426019835311014, 0.8468013788397247, 0.8505505766417529, 0.8540354959062628, 0.8573947254870389, 0.8605162461061735, 0.8633820938097464, 0.8660257764764734, 0.8684360521870691, 0.8688321206215266, 0.8701683899035325, 0.8722173180934545, 0.873740437063011, 0.87531438590707, 0.8770676706288312, 0.8788021931777129, 0.8804597975434484, 0.882038843390104, 0.8835331817736497, 0.8849539309740067, 0.8863055146223789, 0.8875749997190527, 0.8885683453566319, 0.8897101794545715]
############## VALIDATION MEAN_IOU ############## 
[0.47596700401867137, 0.5126248387729421, 0.5659169659895056, 0.6188881993293762, 0.6606132563422707, 0.69474656792248, 0.7179299102110022, 0.7367182233754326, 0.7542478161699632, 0.7697051903780769, 0.7827779440318837, 0.7940174902186674, 0.8032862719367532, 0.8115364698802724, 0.8183559109182919, 0.8248441920560949, 0.8299900082980886, 0.8354101847199833, 0.8402936809203204, 0.8447599796687856, 0.8487474532688365, 0.8522301386384403, 0.8556990588412565, 0.8589516948251164, 0.8619589419925914, 0.8646812999949736, 0.8672822713851929, 0.8689211466733147, 0.8691696279189166, 0.8711595640462988, 0.8732054829597473, 0.8744446319692275, 0.8761396162650165, 0.8779180260265574, 0.879607873804429, 0.8812287274528953, 0.8827697424327626, 0.8842321494046379, 0.8856159448623657, 0.8869615337427925, 0.888065871070413, 0.8891215604894301, 0.8902674632913926]
############## TEST MEAN_IOU ############## 
0.8903186140638409
