############## TRAIN LOSS ############## 
[0.2165146543568856, 0.16611497990182927, 0.1380810015205596, 0.11141072890746433, 0.09161126467625837, 0.07853345907721165, 0.07108143294179761, 0.06355446887932517, 0.05546100776189485, 0.05021462477491917, 0.04742827685549855, 0.04386765367628352, 0.04139818180025228, 0.037789960228208755, 0.031868065380164096, 0.027714894769864308, 0.02285624758617298, 0.022160210316321132, 0.021207916717095352, 0.020616007235681487, 0.018886603213645315, 0.017529061388199194, 0.016269595821614604, 0.016998485778458416, 0.01517214795348008, 0.015832671514913643, 0.015319125471963874, 0.014257149940759346, 0.016026651946122985, 0.01618826890842536, 0.014172548708203878, 0.04524257846453504, 0.018894613424718782, 0.015418335235350439, 0.014565156203241565, 0.013925444665113213, 0.013841631834873476, 0.013604792316343534, 0.016356432008103945, 0.01370933253594951, 0.0134264828599486, 0.01609266154480645, 0.013651704101042973, 0.014228952777999881, 0.01378758274950087, 0.012903795187437051, 0.012767278343892179, 0.012333803039321021, 0.012423550634569413, 0.01335333290862272, 0.012797712873843676, 0.013091188956152749, 0.01240199783540054, 0.05132463203768271, 0.015260709006012091]
############## VALIDATION LOSS ############## 
[0.1865070988150204, 0.16983634014340007, 0.20350660646662994, 0.2521704023375231, 0.11248502398238462, 0.11232738941907883, 0.11374089625828407, 0.1022132297649103, 0.07634345705018324, 0.08343528233030263, 0.05779436570318306, 0.060498717843609696, 0.07660620374714627, 0.06392800424467115, 0.05725757087416509, 0.07853757272310116, 0.07300271521158078, 0.146391840542064, 0.11501499396913192, 0.02919824459754369, 0.027746863279710796, 0.05350345241672853, 0.13281111945124233, 0.026887373916585657, 0.028042006059823668, 0.04249046227949507, 0.027942257166347084, 0.024277863558381796, 0.023367254008703372, 0.037684741046498806, 0.35836712928379283, 0.09843387213699958, 0.019877928692628357, 0.015051666154142688, 0.01883680187165737, 0.021647627657169804, 0.02546008040799814, 0.027471898890593472, 0.02048650835914647, 0.016226098735761994, 0.014933348962051026, 0.016298002207323033, 0.0185694021775442, 0.014393656815895262, 0.013905743602663279, 0.01646793756962699, 0.019920335479957217, 0.015924850232241786, 0.018693036016295937, 0.014056459562305142, 0.017406303106861955, 0.016135903924484465, 0.01639011546092875, 0.016083961215746755, 0.013976158163345912]
############## TEST LOSS ############## 
0.03581685208235726
############## TRAIN MEAN_IOU ############## 
[0.4619410995494675, 0.4734905611824345, 0.47303350551708323, 0.47773850789746725, 0.49491102026926503, 0.5158037917839514, 0.5365801570383278, 0.5564025954620259, 0.5756893971481839, 0.5942311878945377, 0.6110319829470402, 0.6269040329230798, 0.640859692886069, 0.6538694802973721, 0.6659233135146063, 0.6779628967916643, 0.6893522284320883, 0.7004782718581122, 0.7100554958388612, 0.719128663072715, 0.7282812301371548, 0.736779725632152, 0.744603077704842, 0.7511801393450918, 0.7579180888227515, 0.7641385668838346, 0.7699039558301101, 0.7753760935486974, 0.7806017133029731, 0.7851809714291547, 0.7896782304789569, 0.7908662605930019, 0.793111447144199, 0.7969666522096943, 0.8007131577343554, 0.8043460253928159, 0.8077874368912464, 0.8110606658297617, 0.8140044381489625, 0.8168934281613376, 0.8197515449813895, 0.8224385727096248, 0.8248289827559445, 0.8272969062263901, 0.8296232461123854, 0.8319045997954704, 0.834126735861237, 0.8362689485421052, 0.8383408204929249, 0.8402814998014553, 0.8421688293283051, 0.8439915127850868, 0.8457213173041472, 0.8461727826176463, 0.8472105264663696]
############## VALIDATION MEAN_IOU ############## 
[0.474501429235234, 0.4733221162767971, 0.47345614082673015, 0.48455729905296774, 0.5047729716581457, 0.5263380127794602, 0.5464584511869094, 0.5658345678273369, 0.5849815852501813, 0.6027934130500344, 0.6190052453209373, 0.6340599270427928, 0.6473713867804584, 0.6597833913915297, 0.6719778109999264, 0.6835746414521161, 0.6950379469815422, 0.7052864292088676, 0.7146858713206123, 0.7237136013367597, 0.7324644186917473, 0.7406386662932003, 0.7479658757939058, 0.7545161913422977, 0.7610638281878304, 0.7670281599549686, 0.7726147735820097, 0.7780094883021187, 0.7828680907978731, 0.7873605349484611, 0.7912443034789142, 0.7916298859259662, 0.7949820160865784, 0.7987936419599196, 0.8024923976729897, 0.8060531651272493, 0.809393938849954, 0.8125798526932212, 0.8153991138233858, 0.8183005241786733, 0.8210973844808691, 0.8235360594356761, 0.8260496083427878, 0.8284216978970695, 0.8307292110779706, 0.8329948397243724, 0.835172134287217, 0.8372860165203319, 0.8393129986875197, 0.8412036580197951, 0.8430633965660544, 0.8448328305693233, 0.8465649170034072, 0.8464770632631639, 0.8479261433376986]
############## TEST MEAN_IOU ############## 
0.8482675783561938
