############## TRAIN LOSS ############## 
[0.20923087740870747, 0.13769201410783305, 0.08020808353919436, 0.04395888923239466, 0.03578717135698409, 0.028114671604959545, 0.024443290473238843, 0.02217131752420116, 0.020828982896951807, 0.01785802695824689, 0.017451267472367634, 0.0172007653793018, 0.019952931482269353, 0.01713491597124753, 0.0152187042812993, 0.01716882684834402, 0.014972788332080518, 0.027155857328703074, 0.016059680190566625, 0.015338502569451323, 0.014467359429250497, 0.014129077817464399, 0.014035039357966869, 0.013526429834372893, 0.01339230255374836, 0.013090395425270135, 0.013592244903053585, 0.013838638063847414, 0.012953848732207474, 0.042823223928870585, 0.0255603004700026, 0.016915703661160898, 0.016027073253172677, 0.01430577234163679, 0.013634903359579275, 0.014269886075871418, 0.013624712783918792, 0.014132202558873876, 0.013759071243347952, 0.0184755440285379, 0.013102156959625112, 0.012515108453462253, 0.012992364370163429, 0.01289591023924987, 0.012993674948685677, 0.012463731647192224, 0.012613026315119822, 0.01207558563407007, 0.012422896720267631, 0.015772074873156443, 0.012556039630687115, 0.012120928681405211, 0.01207828744805443, 0.012712704184515452, 0.013421177259973577, 0.01277584197452745, 0.012241591447712603, 0.01825898125880977, 0.014588940951570466, 0.012290023591344219, 0.011990650201442878, 0.011931248087863866, 0.013887717036177983, 0.0122588332081717, 0.011641924974282045, 0.01176048635907874]
############## VALIDATION LOSS ############## 
[0.19094468653202057, 0.20454230203348048, 0.11947370977962718, 0.18156022929093418, 0.11985299999223036, 0.14634724070920663, 0.08861405380508479, 0.2180820107460022, 0.1748177996453117, 0.15586786410387823, 0.367459732820006, 0.07546556478037554, 0.057595474207225966, 0.019801397753112456, 0.016132162363432786, 0.01699734728454667, 0.017544700298458338, 0.019150865592939013, 0.017441893434699846, 0.01874343793400947, 0.019163144286721945, 0.014957342652932686, 0.01997972750926719, 0.023737675236428484, 0.015626697390175918, 0.014436119236052036, 0.03277853996876408, 0.017546899096273324, 0.015153056914534639, 0.02824828976436573, 0.01671382861540598, 0.015341483275679982, 0.014266516931135865, 0.013614535934346564, 0.014410344171611703, 0.01314632611020523, 0.012796923299046123, 0.012975169400520185, 0.01517291262964992, 0.01374259771888747, 0.013887556434115943, 0.014976674526491585, 0.012756509350284058, 0.012885707896202803, 0.012622416430317304, 0.012658987002556814, 0.013560695244985469, 0.013703884776024258, 0.013045137556379332, 0.014596372952356058, 0.014655317755087334, 0.01224174747681793, 0.0123499167863937, 0.012223065310322186, 0.021328055683304283, 0.01213887711877332, 0.012900970684474005, 0.017351685995783878, 0.013599271721699658, 0.013918528525049196, 0.012718246427967268, 0.012907145353143705, 0.013590420103248428, 0.013007381109192091, 0.013020714525790775, 0.013192590243895264]
############## TEST LOSS ############## 
0.03469682262476646
############## TRAIN MEAN_IOU ############## 
[0.4604277436596316, 0.4728770723214021, 0.4948777675225928, 0.5570607261883246, 0.6086520016998858, 0.6502588302702517, 0.681415202649864, 0.7064367134023357, 0.7248191354242531, 0.7412800837207485, 0.7557069598822981, 0.7661067899819967, 0.7769382837656382, 0.7862606253978368, 0.7956622025451144, 0.8038293195737375, 0.8109434093977954, 0.8161437660455704, 0.8210364733193372, 0.8263644857986553, 0.8311798971247029, 0.8357657117618097, 0.839964761121853, 0.8438776071007187, 0.8474385963903891, 0.8508739000236666, 0.8540721366534362, 0.8568267089289587, 0.859556052733112, 0.8609026022054054, 0.8598734108177392, 0.8613261242170591, 0.8632175177335739, 0.8651033962095106, 0.8670166303982606, 0.8688838163743148, 0.8706098291519526, 0.8722668495532628, 0.8738549230871974, 0.8750365396609178, 0.8763838571471136, 0.8778482220462851, 0.8792454572142782, 0.8805584613535855, 0.881822832130097, 0.8830443801912101, 0.8842318215080209, 0.8853850191509401, 0.8864994036990244, 0.8873892631885167, 0.8882917914841626, 0.8892886050649591, 0.890250316342792, 0.8911507033013009, 0.8919939410847586, 0.8927670407134134, 0.893584449146245, 0.8942956235763189, 0.8946222360875156, 0.8953356754940909, 0.8960690711801117, 0.8968043786448401, 0.8974377057842307, 0.8980824218408482, 0.8987455617737126, 0.8994040219364939]
############## VALIDATION MEAN_IOU ############## 
[0.47265881299972534, 0.4751876943251666, 0.523412311778349, 0.5854169621187097, 0.6306986002361074, 0.6670017312554752, 0.6947097497827867, 0.7164422343758976, 0.7334379483671749, 0.7488098425023696, 0.7613197705324959, 0.771809623521917, 0.7815017559949089, 0.7909916253650889, 0.7998507618904114, 0.8072964724372415, 0.8142848996555104, 0.8182275645873126, 0.8237071072354036, 0.8287610376582426, 0.8334730092216941, 0.8378632910111371, 0.841905786710627, 0.8456531763076782, 0.8491450162494883, 0.8524750751607558, 0.8554555878919714, 0.8581702884505776, 0.86083743502112, 0.8597617745399475, 0.8603733322199654, 0.8622558222097509, 0.8640971814884859, 0.8660444582209867, 0.8679473610485301, 0.8697068551007439, 0.8714310912524953, 0.8730331834624795, 0.8745728836340063, 0.8756318968885085, 0.8770928838673759, 0.8785469987813164, 0.8798927279079661, 0.881180507295272, 0.8824113607406616, 0.8836278249235714, 0.8847922858069924, 0.88593169520883, 0.8869970651233897, 0.8877973766887889, 0.8887743038289687, 0.8897527421222013, 0.8906943166957182, 0.8915597410763011, 0.8923588745734271, 0.8931618893847746, 0.8939822421354406, 0.8943307539995979, 0.8949504564790165, 0.8956863213987911, 0.8964254119816948, 0.8971426311661216, 0.8977381832459393, 0.8983956540332121, 0.8990662974469802, 0.8997114931835848]
############## TEST MEAN_IOU ############## 
0.8997239813660131
