############## TRAIN LOSS ############## 
[0.22426197899354472, 0.18349346397696314, 0.1604023710698695, 0.16499667634835113, 0.17163843621273298, 0.15202732746665543, 0.12143926785604374, 0.11183494067675359, 0.07973615825176239, 0.06486194329084577, 0.05637787211988423, 0.051866428876245346, 0.04423813647716432, 0.03575991275342735, 0.03356302866863238, 0.02901977053969293, 0.026635990100535186, 0.024946726883786755, 0.0223392519747486, 0.020288351344297063, 0.01919253734317986, 0.01866544926589405]
############## VALIDATION LOSS ############## 
[0.19837484552579768, 0.17286568617119508, 0.31185801940805774, 0.1988517265109455, 0.2616693210952422, 0.20179562796564662, 0.4010903484681073, 0.43133531072560477, 0.4184567086836871, 0.310723892029594, 0.2765667342087802, 0.3013364164268269, 0.34246143348076763, 0.3685162014820996, 0.26183659890118766, 0.36460554073838625, 0.28578945205492134, 0.33542177081108093, 0.28321948121575746, 0.2349900857490652, 0.22633756697177887, 0.20827791007126079]
############## TEST LOSS ############## 
0.1810482766140591
############## TRAIN MEAN_IOU ############## 
[0.4531104878799335, 0.47164764355968786, 0.47190068058065465, 0.4733558611289875, 0.4734196155457883, 0.47323562567298477, 0.4742017178922086, 0.47767426999839574, 0.4887974793846543, 0.5060903228618003, 0.5240623113271352, 0.5414023624884116, 0.5572705123875592, 0.5732535703762157, 0.5886026427552506, 0.6026251219414376, 0.6158841912810867, 0.6283319624694618, 0.6396043316738026, 0.6501665131465809, 0.6605473402384165, 0.6699447245211214]
############## VALIDATION MEAN_IOU ############## 
[0.4531104878799335, 0.47164764355968786, 0.47190068058065465, 0.4733558611289875, 0.4734196155457883, 0.47323562567298477, 0.4742017178922086, 0.47767426999839574, 0.4887974793846543, 0.5060903228618003, 0.5240623113271352, 0.5414023624884116, 0.5572705123875592, 0.5732535703762157, 0.5886026427552506, 0.6026251219414376, 0.6158841912810867, 0.6283319624694618, 0.6396043316738026, 0.6501665131465809, 0.6605473402384165, 0.6699447245211214]
############## TEST MEAN_IOU ############## 
0.6725835572589528
