############## TRAIN LOSS ############## 
[0.22371712165909843, 0.17548881511430484, 0.16703626755121592, 0.13770341853032242, 0.1345877234597464, 0.09677673614508397, 0.07411267447310525, 0.064500154071563, 0.04419542053664053, 0.03723666645787858, 0.035291509300067615, 0.02884384400739863, 0.024823569516475137, 0.025450980567650217, 0.023187889339956077, 0.019686346194027243, 0.019319155429666106, 0.017960579713454116, 0.018809435637416067, 0.01710733202462261, 0.016178192218413222]
############## VALIDATION LOSS ############## 
[0.18381957446827607, 0.25252572315580707, 0.29318181556813855, 0.529432500109953, 0.6395028408835916, 0.3508499492617214, 0.5624287882271934, 0.40074046043788686, 0.4477219809504116, 0.5399548165938434, 0.6954756624558392, 0.5441956625265234, 0.6750694338013145, 0.561042259721195, 0.8349098387886497, 0.871703400331385, 0.9570249459322762, 0.8661975790472591, 0.43967882675283093, 0.32570139099569884, 0.3973825118120979]
############## TEST LOSS ############## 
0.6906624548362963
############## TRAIN MEAN_IOU ############## 
[0.4530780025430628, 0.4716675442618293, 0.4725337680932638, 0.47476452266847763, 0.4770706738974597, 0.48328229784965515, 0.49864739260158025, 0.5200395535778355, 0.5437191048183957, 0.5659122595915923, 0.586026533229931, 0.6018869006955946, 0.6173282249553783, 0.6300104598741274, 0.6430596225970501, 0.6526874094396025, 0.6614344200572452, 0.669213452854672, 0.6765237337834126, 0.6843694480689796, 0.6929010152816772]
############## VALIDATION MEAN_IOU ############## 
[0.4530780025430628, 0.4716675442618293, 0.4725337680932638, 0.47476452266847763, 0.4770706738974597, 0.48328229784965515, 0.49864739260158025, 0.5200395535778355, 0.5437191048183957, 0.5659122595915923, 0.586026533229931, 0.6018869006955946, 0.6173282249553783, 0.6300104598741274, 0.6430596225970501, 0.6526874094396025, 0.6614344200572452, 0.669213452854672, 0.6765237337834126, 0.6843694480689796, 0.6929010152816772]
############## TEST MEAN_IOU ############## 
0.6909893043113478
