############## TRAIN LOSS ############## 
[0.22351330840909803, 0.19355847988579725, 0.17852748124986081, 0.16397795765786558, 0.1445986952733349, 0.10638211425897237, 0.08452140338517525, 0.06503196674826983, 0.05411840622892251, 0.047940023042060236, 0.03729779857235986, 0.033387351579762796, 0.028861864344091027, 0.0287496830663971, 0.0270017863226098, 0.022021085049050884, 0.02074276255695401, 0.018861729802714812, 0.018026425754903135, 0.020006513852324034, 0.017289623165050068]
############## VALIDATION LOSS ############## 
[0.18138110637664795, 0.18984145276686726, 0.2815953475587508, 0.528133371297051, 0.4214525135124431, 0.5314276148291195, 0.6138560982311473, 0.3968415979076834, 0.18158143495812135, 0.5073256317306968, 0.3395444557947271, 0.4881681449273053, 0.631932325222913, 0.19636461927610285, 0.28921158699428334, 0.4611487476264729, 0.4177713587003596, 0.4697614750441383, 0.8726799908806296, 0.29604776028324575, 0.2865571581265506]
############## TEST LOSS ############## 
0.29185910893209055
############## TRAIN MEAN_IOU ############## 
[0.45306491368525736, 0.4719741239741042, 0.47254292465545034, 0.47259409524299, 0.47375283531240514, 0.47515275268941315, 0.48394456666869085, 0.5007158952790338, 0.522264035972389, 0.543508903400318, 0.5629672327557126, 0.582131252095506, 0.5987126279521633, 0.6133305253209295, 0.6281123112987828, 0.6410739808469206, 0.6522085215594318, 0.6628094347747596, 0.6725023050565977, 0.6796875161093634, 0.6882405603254164]
############## VALIDATION MEAN_IOU ############## 
[0.45306491368525736, 0.4719741239741042, 0.47254292465545034, 0.47259409524299, 0.47375283531240514, 0.47515275268941315, 0.48394456666869085, 0.5007158952790338, 0.522264035972389, 0.543508903400318, 0.5629672327557126, 0.582131252095506, 0.5987126279521633, 0.6133305253209295, 0.6281123112987828, 0.6410739808469206, 0.6522085215594318, 0.6628094347747596, 0.6725023050565977, 0.6796875161093634, 0.6882405603254164]
############## TEST MEAN_IOU ############## 
0.6877262668176131
