############## TRAIN LOSS ############## 
[0.2226500909876179, 0.1795461314755517, 0.191065405873028, 0.18113213777542114, 0.16858338786138072, 0.16104886096877022, 0.15099722247671438, 0.14463358916140892, 0.12426112974817688, 0.10640593436924187, 0.08232387990967648, 0.06257216410862433, 0.04553833618961476, 0.0389387957953118, 0.030440366399046535, 0.03249166588726882, 0.02868180349469185, 0.02316035287505066, 0.021579664502594922, 0.020363495962039846, 0.019365259169324023, 0.019779371022171265]
############## VALIDATION LOSS ############## 
[0.18264901638031006, 0.17162953317165375, 0.18606933425454533, 0.17955787392223582, 0.17267308252699234, 0.22249387292300954, 0.1919631326899809, 0.22875327134833617, 0.48530327572542076, 0.5286454225287718, 0.2666127225931953, 0.25232728789834413, 0.1765270084142685, 0.26142093363930197, 0.2708409516250386, 0.1727753956528271, 0.2878333496696809, 0.2568509824135724, 0.21104480676791249, 0.24447977630531087, 0.2081832675372853, 0.3385673480875352]
############## TEST LOSS ############## 
0.260558284638506
############## TRAIN MEAN_IOU ############## 
[0.4530834700610187, 0.4716923293229696, 0.4719784308124233, 0.4720140027033316, 0.4720170900628373, 0.4720507207754496, 0.4720887010161941, 0.4722145046736743, 0.4729588861401017, 0.47689141131736135, 0.4852804581861238, 0.4993926713595519, 0.5179621577262878, 0.537403320943987, 0.5559847596529368, 0.5730625842068646, 0.5880917858433079, 0.6022464504113069, 0.6157884340028505, 0.6283235759348482, 0.6398774304905454, 0.650669370148633]
############## VALIDATION MEAN_IOU ############## 
[0.4530834700610187, 0.4716923293229696, 0.4719784308124233, 0.4720140027033316, 0.4720170900628373, 0.4720507207754496, 0.4720887010161941, 0.4722145046736743, 0.4729588861401017, 0.47689141131736135, 0.4852804581861238, 0.4993926713595519, 0.5179621577262878, 0.537403320943987, 0.5559847596529368, 0.5730625842068646, 0.5880917858433079, 0.6022464504113069, 0.6157884340028505, 0.6283235759348482, 0.6398774304905454, 0.650669370148633]
############## TEST MEAN_IOU ############## 
0.6532071063012788
