############## TRAIN LOSS ############## 
[0.22292522522243294, 0.17624403677276662, 0.15972517833516403, 0.13066997963028984, 0.11079551037904378, 0.07215100305305945, 0.054442547060347894, 0.041737671538784694, 0.03667696243202364, 0.03260328887483558, 0.02859940072773276, 0.025469603117656062, 0.02331159807540275, 0.021546137569522537, 0.020732802540265226, 0.018383015324739186, 0.018543167392144334, 0.021440778179345903, 0.018447534256690257, 0.015977051914543718, 0.016598979665620905]
############## VALIDATION LOSS ############## 
[0.18093685630489798, 0.23981340755434596, 0.21159407058182886, 0.5083153931533589, 0.7072568009881413, 0.21141510938896851, 0.5183957043816062, 0.37263944569756, 0.44583408096257376, 0.6855981104514178, 0.7057537646854625, 0.7659547995118534, 0.5429716390721938, 0.47445469042834115, 0.40412670023301067, 0.5619674780789543, 0.42440490336979136, 0.41146156893056984, 0.3427695088526782, 0.44624435551026287, 0.4540855568998]
############## TEST LOSS ############## 
0.6172275716608221
############## TRAIN MEAN_IOU ############## 
[0.4530925130521929, 0.47170382093738866, 0.4722640256623964, 0.4732316821008115, 0.47966215497738607, 0.49414108492232656, 0.5215496726938196, 0.54956868371448, 0.5744994186066292, 0.5968140669771143, 0.6132445802559724, 0.6284054549964698, 0.641337649242298, 0.6537030613100206, 0.6652602698351886, 0.6756665255572345, 0.6845213883631939, 0.6931405518506024, 0.7004633400891278, 0.7082361997784795, 0.7151748409142366]
############## VALIDATION MEAN_IOU ############## 
[0.4530925130521929, 0.47170382093738866, 0.4722640256623964, 0.4732316821008115, 0.47966215497738607, 0.49414108492232656, 0.5215496726938196, 0.54956868371448, 0.5744994186066292, 0.5968140669771143, 0.6132445802559724, 0.6284054549964698, 0.641337649242298, 0.6537030613100206, 0.6652602698351886, 0.6756665255572345, 0.6845213883631939, 0.6931405518506024, 0.7004633400891278, 0.7082361997784795, 0.7151748409142366]
############## TEST MEAN_IOU ############## 
0.7104797883467241
