############## TRAIN LOSS ############## 
[0.2245690532632776, 0.18739097343908773, 0.17314842746064468, 0.15076413086137255, 0.13169773084086342, 0.11115646483124914, 0.09620655952273188, 0.06226086455422479, 0.0510875788592809, 0.04119214168875604, 0.033431307588880126, 0.03060488377672595, 0.02680622267763357, 0.023239992558956146, 0.022876317663168586, 0.019345267826842295, 0.01889928790262422, 0.017512265995547577, 0.01725674677338149, 0.016776109139460163, 0.015798990639883118, 0.01534641531572954]
############## VALIDATION LOSS ############## 
[0.20548428069142735, 0.1805032780941795, 0.31761087564861074, 0.3965107903761022, 0.3048662736135371, 0.6578119397163391, 0.31822805895524864, 0.26597947846440706, 0.5860086153535282, 0.29354485168176536, 0.31331973917344036, 0.18970082700252533, 0.6361958594883189, 0.5290028873611899, 0.3880264566225164, 0.23837053863441243, 0.23313343963202307, 0.2494900182766073, 0.9572686447816736, 0.25804679358706756, 0.21873242802479687, 0.22558330437716315]
############## TEST LOSS ############## 
0.3826489027702447
############## TRAIN MEAN_IOU ############## 
[0.4530988327554754, 0.4716620678837235, 0.47182683928592783, 0.47224860094689036, 0.4738371936050621, 0.4774881069724624, 0.484930657051705, 0.5014415351120202, 0.5254648488921088, 0.5478149716918533, 0.5699710394885089, 0.5899632154284297, 0.6084110446878381, 0.6233575730710417, 0.6373035553339366, 0.6500208909447128, 0.6627896975826573, 0.6745273454769237, 0.6849212855906099, 0.6917093138437014, 0.7005723247656951, 0.7088243768021867]
############## VALIDATION MEAN_IOU ############## 
[0.4530988327554754, 0.4716620678837235, 0.47182683928592783, 0.47224860094689036, 0.4738371936050621, 0.4774881069724624, 0.484930657051705, 0.5014415351120202, 0.5254648488921088, 0.5478149716918533, 0.5699710394885089, 0.5899632154284297, 0.6084110446878381, 0.6233575730710417, 0.6373035553339366, 0.6500208909447128, 0.6627896975826573, 0.6745273454769237, 0.6849212855906099, 0.6917093138437014, 0.7005723247656951, 0.7088243768021867]
############## TEST MEAN_IOU ############## 
0.7104729023846713
