############## TRAIN LOSS ############## 
[0.22382160417131475, 0.17812735547085065, 0.16293401150284587, 0.13908969268605514, 0.10755744012626442, 0.10216424473234124, 0.07730883218952127, 0.0550776649568532, 0.0498293798819587, 0.042325174284947885, 0.032842858367272326, 0.02855714035497324, 0.026553049884937906, 0.023129355086869485, 0.02166137841807024, 0.019612056303870033, 0.019937522910736704, 0.01755598497048423, 0.017944444524678024, 0.01781708185837881, 0.018235088829454536, 0.016008986437038797, 0.015851900812137772, 0.015461316055341347, 0.014881436939577799, 0.015055660737326016, 0.014396237486318962, 0.014031105423094454, 0.013905693676222014, 0.013330565249497021, 0.015061514024194833, 0.015140003424037147, 0.013720176811959292, 0.013469845056533813, 0.013318779148362778, 0.013205937009204078, 0.013075346617984611, 0.012799370303951405, 0.012969131594070711, 0.012585430003299907, 0.012529028655105346, 0.01250171785972811, 0.012159518872362536, 0.012085242360528256, 0.01251061581628951, 0.012532113472352157, 0.011907072838496518, 0.012100037715926364, 0.01183856130149719, 0.011892219023728693, 0.011741615341019791, 0.011847282105402366, 0.011770408172663805, 0.011578418012406375, 0.012221866690025136, 0.1798754958435893, 0.17784768463792028, 0.1689089270862373, 0.16287854515217445, 0.16113170457852855, 0.16027374082320445, 0.15739762017855774, 0.15525712092985977, 0.15370001221025312, 0.1523409675101976]
############## VALIDATION LOSS ############## 
[0.186277415822534, 0.20439106313621297, 0.48616619846400094, 0.3732424746541416, 0.6789741340805503, 0.2870521457756267, 0.3747015507782207, 0.23377448408042684, 0.17885399565977209, 0.7398433194440954, 0.40417245030403137, 0.2620842106202069, 0.3500005357405719, 0.3597071258460774, 0.31782234591596265, 0.26301058688584494, 0.2177028270328746, 0.244997402324396, 0.24196621950934916, 0.09513881364289452, 0.25737710735377145, 0.18923008529578939, 0.07304961716427523, 0.1329563558101654, 0.0827209254836335, 0.10145895204999868, 0.05979496678885292, 0.06546380907735404, 0.05856242315734134, 0.06106053796761176, 0.08559181935646955, 0.126889788052615, 0.08584781495087287, 0.05977225007818026, 0.07950068133718827, 0.08091121386079227, 0.04118841152419062, 0.03999347502694411, 0.04220486706232324, 0.04710597501081579, 0.06790537825402092, 0.07966286798610407, 0.09076245392070097, 0.04846416632918751, 0.026729073704165572, 0.0827346025582622, 0.044559091877411396, 0.03133951346663868, 0.04541363545200404, 0.02894147321143571, 0.03220644494628205, 0.032383138313889503, 0.03058679434744751, 0.04110589119441369, 0.09825160507770146, 0.1863576401682461, 0.17426268142812393, 0.16606218762257519, 0.16529818405123317, 0.15854285657405853, 0.16437811448293574, 0.16056574267499588, 0.15771008151419022, 0.15592644407468684, 0.15344961951760686]
############## TEST LOSS ############## 
0.14582893893574222
############## TRAIN MEAN_IOU ############## 
[0.45311886635986537, 0.471709803954975, 0.47229453921318054, 0.4744060764441619, 0.4790336610497655, 0.4921135483561335, 0.5068927745561342, 0.5298444290418882, 0.5539417911220241, 0.5753523659061741, 0.5930837682775549, 0.6107605325209128, 0.6277483105659485, 0.642007463687175, 0.6552999744544158, 0.6677289025203602, 0.6790956049352079, 0.6898753965223158, 0.6998962518331167, 0.7089402756175479, 0.7176688651780825, 0.7250016686078664, 0.7322661071210295, 0.7396049322308721, 0.7460510102478234, 0.7522925235129692, 0.7580364555925936, 0.7636782978032086, 0.7689249193346178, 0.7739078805253312, 0.7785820880451718, 0.7823171067882229, 0.786042832039498, 0.7897971127484296, 0.7935364649102494, 0.7969594694472648, 0.8002297153344026, 0.8035155647509807, 0.806642150556719, 0.8096088750942333, 0.8124335665960569, 0.8150337918384655, 0.8175201705984168, 0.8199056918556625, 0.8223295985041438, 0.8247349697190363, 0.8268552519179679, 0.8290131446477529, 0.8311332721967954, 0.8330935739182137, 0.8350532038791759, 0.8369405446825801, 0.838779315755174, 0.8405538072457185, 0.8422240679328507, 0.8413424218023146, 0.8352647246541204, 0.8292656895276662, 0.8234612281258041, 0.817842778321859, 0.8124004231916891, 0.8071262965331206, 0.8020134294355238, 0.7970543858167287, 0.7922421484380155]
############## VALIDATION MEAN_IOU ############## 
[0.45311886635986537, 0.471709803954975, 0.47229453921318054, 0.4744060764441619, 0.4790336610497655, 0.4921135483561335, 0.5068927745561342, 0.5298444290418882, 0.5539417911220241, 0.5753523659061741, 0.5930837682775549, 0.6107605325209128, 0.6277483105659485, 0.642007463687175, 0.6552999744544158, 0.6677289025203602, 0.6790956049352079, 0.6898753965223158, 0.6998962518331167, 0.7089402756175479, 0.7176688651780825, 0.7250016686078664, 0.7322661071210295, 0.7396049322308721, 0.7460510102478234, 0.7522925235129692, 0.7580364555925936, 0.7636782978032086, 0.7689249193346178, 0.7739078805253312, 0.7785820880451718, 0.7823171067882229, 0.786042832039498, 0.7897971127484296, 0.7935364649102494, 0.7969594694472648, 0.8002297153344026, 0.8035155647509807, 0.806642150556719, 0.8096088750942333, 0.8124335665960569, 0.8150337918384655, 0.8175201705984168, 0.8199056918556625, 0.8223295985041438, 0.8247349697190363, 0.8268552519179679, 0.8290131446477529, 0.8311332721967954, 0.8330935739182137, 0.8350532038791759, 0.8369405446825801, 0.838779315755174, 0.8405538072457185, 0.8422240679328507, 0.8413424218023146, 0.8352647246541204, 0.8292656895276662, 0.8234612281258041, 0.817842778321859, 0.8124004231916891, 0.8071262965331206, 0.8020134294355238, 0.7970543858167287, 0.7922421484380155]
############## TEST MEAN_IOU ############## 
0.7875733155192751
