############## TRAIN LOSS ############## 
[0.2245066173978754, 0.17770087114862493, 0.1776593089909167, 0.14573702175874967, 0.1095782383470922, 0.0905367677678933, 0.06778644397854805, 0.0614147079554764, 0.04988104366772884, 0.03719419386942644, 0.03375350522833902, 0.02996161227693429, 0.02550877884936494, 0.022783394550552238, 0.02151035635757285, 0.0195867681020015, 0.020363989563004392, 0.017880967742687947, 0.01722488708391383, 0.056653400253806566, 0.02620032920527297]
############## VALIDATION LOSS ############## 
[0.18507375173708973, 0.29159599893233357, 0.1960136460907319, 0.3574879239587223, 0.5560464508393231, 0.7611410933382371, 0.24490368278587565, 0.652468674323138, 0.30891159878057595, 0.5064127936082727, 0.26266497198273153, 0.2760538020554711, 0.4100072454003727, 0.32468480572980996, 0.528970858630012, 0.527114740189384, 0.7754677779534284, 0.4657937077914967, 0.5383428510497598, 0.658444015418782, 0.30373137838700237]
############## TEST LOSS ############## 
0.43822389913327764
############## TRAIN MEAN_IOU ############## 
[0.4531121374787511, 0.47169700184383906, 0.4729116744286305, 0.47324601701788, 0.47644871231671926, 0.4855776453340376, 0.5018083412904997, 0.525415716944514, 0.5479585592811173, 0.5691071136577709, 0.5897947372616948, 0.6072248172115635, 0.6231483221054077, 0.6369378405648309, 0.6501673137819445, 0.6611565770329656, 0.6711570217802718, 0.6793438776119335, 0.6882659889556266, 0.6939547029701439, 0.6957845736194301]
############## VALIDATION MEAN_IOU ############## 
[0.4531121374787511, 0.47169700184383906, 0.4729116744286305, 0.47324601701788, 0.47644871231671926, 0.4855776453340376, 0.5018083412904997, 0.525415716944514, 0.5479585592811173, 0.5691071136577709, 0.5897947372616948, 0.6072248172115635, 0.6231483221054077, 0.6369378405648309, 0.6501673137819445, 0.6611565770329656, 0.6711570217802718, 0.6793438776119335, 0.6882659889556266, 0.6939547029701439, 0.6957845736194301]
############## TEST MEAN_IOU ############## 
0.6944597851146351
