############## TRAIN LOSS ############## 
[0.22363918818332054, 0.19415980577468872, 0.16453547473694827, 0.17359238399847135, 0.17243481830165192, 0.16603688593651797, 0.13811646643522624, 0.11959237081779016, 0.11001610051135759, 0.10346946442449415, 0.08444976685820399, 0.06388358822142756, 0.05639285604293282, 0.04480109393999383, 0.039125081504116185, 0.03183590499935923, 0.030174048365773382, 0.03143416007829679, 0.026759644592734607, 0.022898831203378534, 0.02162348244943329, 0.01936838176806231]
############## VALIDATION LOSS ############## 
[0.20730811971075394, 0.17586486216853647, 0.2690504079355913, 0.18735680948285496, 0.2624106696423362, 0.48918434276300315, 0.3828856103560504, 0.5566780461984522, 0.7092034290818607, 0.4229106692706837, 0.30485718741136436, 0.23633117798496694, 0.32583747716510997, 0.23630312348113341, 0.48871419009040384, 0.3781697066391216, 0.29519036762854634, 0.22341073435895584, 0.8947970516541425, 0.9900899003533756, 0.7123914851861841, 0.3680700572098003]
############## TEST LOSS ############## 
0.5113200256318757
############## TRAIN MEAN_IOU ############## 
[0.4531023574841989, 0.4718803417038273, 0.47206922157390696, 0.47258121741784587, 0.4727931650909218, 0.47275577686928416, 0.4735054059608563, 0.47381029741184133, 0.47603747329196416, 0.4792221953739991, 0.48448254369400645, 0.4959390517827627, 0.5114626014554823, 0.5276362670434488, 0.544350667579754, 0.5597871123133479, 0.5748723487596255, 0.5884631694974126, 0.6009694595594663, 0.6109517136135617, 0.6203170064333323, 0.6293691847775433]
############## VALIDATION MEAN_IOU ############## 
[0.4531023574841989, 0.4718803417038273, 0.47206922157390696, 0.47258121741784587, 0.4727931650909218, 0.47275577686928416, 0.4735054059608563, 0.47381029741184133, 0.47603747329196416, 0.4792221953739991, 0.48448254369400645, 0.4959390517827627, 0.5114626014554823, 0.5276362670434488, 0.544350667579754, 0.5597871123133479, 0.5748723487596255, 0.5884631694974126, 0.6009694595594663, 0.6109517136135617, 0.6203170064333323, 0.6293691847775433]
############## TEST MEAN_IOU ############## 
0.6300224506493771
