############## TRAIN LOSS ############## 
[0.1742198695470621, 0.0989534958844652, 0.047268510502469434, 0.03391873084327525, 0.03195955165502456, 0.02494849375793123, 0.024847266520163766, 0.021422764466790197, 0.02001547950177311, 0.062406908531950134, 0.024886919936450484, 0.019579822688388662, 0.018720087593186413, 0.02133015883868342, 0.01952200608646816, 0.016827255997152346, 0.018804356978098687, 0.01584481024015527, 0.015494974292311314, 0.015584107033220364, 0.015661451680300472, 0.01902933291008545, 0.025723149322459962, 0.016110147725002053, 0.015348823147465114, 0.015790730784017895, 0.014222283075723026, 0.020817675594206865, 0.014571693967104898, 0.01374354146144076, 0.013868975585225868, 0.01416121889115521, 0.013774147894871127, 0.013815282390931168, 0.015843803138547653, 0.02022766089696135, 0.016193712985998875, 0.013282841962955153, 0.013428729147071371, 0.013321705821163213, 0.0129500262183347, 0.013479184042578479, 0.015229239627752487, 0.013174285638137712, 0.01346144883113133, 0.016388568861477146, 0.01383210529011112, 0.013069089505242536, 0.013250091111052546, 0.013044272188667778, 0.013143767348935341, 0.013877138950618671, 0.013072961760970118, 0.012482307664630515, 0.01377137170408156, 0.013755730225343828, 0.01414662870150563, 0.013281685774222956, 0.012360976904060121, 0.012156699796685495, 0.013133779822571858, 0.0161132086760591, 0.014667935799471699, 0.01236924472021627, 0.012230923172791262, 0.012363024906523794, 0.012396101869206439, 0.011904303110330491, 0.011799777929276766]
############## VALIDATION LOSS ############## 
[0.1369080341914121, 0.059660813387702495, 0.16659510953753603, 0.05803947523236275, 0.02895374081152327, 0.025862838707718196, 0.020671597882813097, 0.022292684800192423, 0.021731030049861644, 0.02534903653477337, 0.02057919001170233, 0.019931879040657307, 0.01901362777925005, 0.021621590717604347, 0.018070705527184056, 0.020327444535260107, 0.017852058141108823, 0.01777256700192012, 0.017215259300143112, 0.02041243365509253, 0.2357945237673965, 0.017512204216829703, 0.018884792960449762, 0.016839469034297793, 0.016553344570246396, 0.017332939029324288, 0.015393924260256337, 0.01557589998907026, 0.014936098920217916, 0.014578934941513865, 0.014654070595461949, 0.01682086520846568, 0.013846164747305652, 0.017449133992925577, 0.015462251033122633, 0.015555464260864491, 0.015200368092194492, 0.015746317548202535, 0.01460674149440784, 0.016054173511471235, 0.015419273080267743, 0.013984124997959417, 0.014704514532258697, 0.015467116956179049, 0.015435615517929489, 0.017041848808088723, 0.01578047601323502, 0.02329832377533118, 0.013727565350777963, 0.018259082884326868, 0.014034743694698109, 0.01459741433534552, 0.015403382936675175, 0.01574250170047961, 0.014807413222596925, 0.015322552026048595, 0.023324464977371926, 0.01518784457927241, 0.014217735715575662, 0.01599975225205223, 0.023128833694785248, 0.014719249589332179, 0.014966225908959614, 0.015376815462813657, 0.014418060653934292, 0.015858083671214534, 0.015703748254215017, 0.014143410750536942, 0.015121366445194273]
############## TEST LOSS ############## 
0.03772503050665061
############## TRAIN MEAN_IOU ############## 
[0.46952027941609287, 0.4895110087351756, 0.5790818449076232, 0.6482897180694718, 0.6946911226521741, 0.7277915166304992, 0.7536574932369026, 0.7732172133149328, 0.789260107654709, 0.7944569480311763, 0.7990347039592158, 0.8084007670750489, 0.8170357891568193, 0.8242143846309937, 0.8298459415500229, 0.8358047762969593, 0.8408338373845762, 0.8455543899321342, 0.8499733204240197, 0.8539710230118519, 0.8576094215517646, 0.8585201488421844, 0.8608355216077856, 0.8626822531223297, 0.8653212211153529, 0.8677586118380228, 0.8701635972336605, 0.8719479275179339, 0.8738788822749713, 0.8758831381260812, 0.8778270585042937, 0.8795895724146215, 0.8812644672286403, 0.8828417927295238, 0.8841889731518857, 0.8852205907439327, 0.8862152523822613, 0.8874578787399842, 0.8887339556539381, 0.8899395342345711, 0.891096219017699, 0.892181410177334, 0.8931125743432088, 0.8940520082508121, 0.8949961648868011, 0.8957707508727237, 0.8965384388292158, 0.8973893721898397, 0.8981794301454011, 0.8989806169862146, 0.8996843811091002, 0.9003862671486966, 0.901068511041435, 0.9017774398262436, 0.9024417821888451, 0.9029715066557532, 0.9035826199226551, 0.9040385060482197, 0.9046410158410803, 0.9052338213533968, 0.9058134649787937, 0.9061194118615743, 0.9065136971237423, 0.9069890323522929, 0.9075032843125833, 0.9080022119723998, 0.908477484374433, 0.9089505801329741, 0.9094324391167443]
############## VALIDATION MEAN_IOU ############## 
[0.46952027941609287, 0.4895110087351756, 0.5790818449076232, 0.6482897180694718, 0.6946911226521741, 0.7277915166304992, 0.7536574932369026, 0.7732172133149328, 0.789260107654709, 0.7944569480311763, 0.7990347039592158, 0.8084007670750489, 0.8170357891568193, 0.8242143846309937, 0.8298459415500229, 0.8358047762969593, 0.8408338373845762, 0.8455543899321342, 0.8499733204240197, 0.8539710230118519, 0.8576094215517646, 0.8585201488421844, 0.8608355216077856, 0.8626822531223297, 0.8653212211153529, 0.8677586118380228, 0.8701635972336605, 0.8719479275179339, 0.8738788822749713, 0.8758831381260812, 0.8778270585042937, 0.8795895724146215, 0.8812644672286403, 0.8828417927295238, 0.8841889731518857, 0.8852205907439327, 0.8862152523822613, 0.8874578787399842, 0.8887339556539381, 0.8899395342345711, 0.891096219017699, 0.892181410177334, 0.8931125743432088, 0.8940520082508121, 0.8949961648868011, 0.8957707508727237, 0.8965384388292158, 0.8973893721898397, 0.8981794301454011, 0.8989806169862146, 0.8996843811091002, 0.9003862671486966, 0.901068511041435, 0.9017774398262436, 0.9024417821888451, 0.9029715066557532, 0.9035826199226551, 0.9040385060482197, 0.9046410158410803, 0.9052338213533968, 0.9058134649787937, 0.9061194118615743, 0.9065136971237423, 0.9069890323522929, 0.9075032843125833, 0.9080022119723998, 0.908477484374433, 0.9089505801329741, 0.9094324391167443]
############## TEST MEAN_IOU ############## 
0.9096003615494931
