############## TRAIN LOSS ############## 
[0.1735829426361634, 0.13507704320992972, 0.11136487500557492, 0.05578896487215618, 0.040406028152787474, 0.03200899442943098, 0.027713804111421644, 0.024209673843673757, 0.02502666004337706, 0.02132759802882467, 0.020361539056138682, 0.01802952010771847, 0.017606247782807897, 0.1509872324353604, 0.11648602857514545, 0.10556571870236783, 0.09860662030274267, 0.0940088903413968, 0.09016638509257957, 0.08798921542863052, 0.08522860870302261, 0.08297935027528454, 0.08046843205486331, 0.07831953474328862, 0.07685163867164839, 0.07539957625841773, 0.07388394732061807, 0.07261927430895534, 0.07160421486037809, 0.07063311412259266, 0.06943871716020612, 0.06867599317820759]
############## VALIDATION LOSS ############## 
[0.15754696595318177, 0.11601189129492816, 0.10662382139879115, 0.08978679221050412, 0.033649062920434805, 0.03537203627181988, 0.049860676312271285, 0.051716577188641415, 0.027106331807433392, 0.041926505847596655, 0.030286697488205106, 0.020500731636203973, 0.13509422847453287, 0.1243079582265779, 0.11605018172778335, 0.10426387512216381, 0.09357183864888023, 0.08885984414932775, 0.08873594961330003, 0.08753950908487919, 0.08101489789345685, 0.08008516083161037, 0.07657895748521767, 0.0775914481457542, 0.07475812557865591, 0.07226957190854877, 0.06965307423881456, 0.06927820806409798, 0.06971598504220738, 0.06710781960510741, 0.06561614835963529, 0.06690620850114261]
############## TEST LOSS ############## 
0.07209496048815323
############## TRAIN MEAN_IOU ############## 
[0.4696730406166197, 0.4733616168703045, 0.48594413415805715, 0.5331185964850692, 0.5947917834058538, 0.6421103439889513, 0.6775077941181423, 0.7028617579657752, 0.7239478359351287, 0.7418332381828411, 0.756581703821818, 0.7699338632660944, 0.781433525117668, 0.7766662597119272, 0.7573092950356973, 0.7424431601623157, 0.7313653807919305, 0.722486494092254, 0.7153107776298179, 0.7092657328188956, 0.7042278564191079, 0.7002341011623004, 0.6969559439667711, 0.6944533935538283, 0.6924319264588056, 0.6909405162205567, 0.6897621125251323, 0.6889300276567271, 0.6883703373573922, 0.6879713417173506, 0.6877701561730187, 0.6877540653353339]
############## VALIDATION MEAN_IOU ############## 
[0.4696730406166197, 0.4733616168703045, 0.48594413415805715, 0.5331185964850692, 0.5947917834058538, 0.6421103439889513, 0.6775077941181423, 0.7028617579657752, 0.7239478359351287, 0.7418332381828411, 0.756581703821818, 0.7699338632660944, 0.781433525117668, 0.7766662597119272, 0.7573092950356973, 0.7424431601623157, 0.7313653807919305, 0.722486494092254, 0.7153107776298179, 0.7092657328188956, 0.7042278564191079, 0.7002341011623004, 0.6969559439667711, 0.6944533935538283, 0.6924319264588056, 0.6909405162205567, 0.6897621125251323, 0.6889300276567271, 0.6883703373573922, 0.6879713417173506, 0.6877701561730187, 0.6877540653353339]
############## TEST MEAN_IOU ############## 
0.6876543105250658
