############## TRAIN LOSS ############## 
[0.17310451766526377, 0.13398310464915927, 0.11654920948182677, 0.10109256045171269, 0.06973457692174224, 0.04994716256991163, 0.04350105788021743, 0.05476749532327459, 0.040147634655203636, 0.03558777449316941, 0.03475708359651066, 0.03309284787843222, 0.03209404737126451, 0.030204065651674796, 0.0298152031494422, 0.02816290557720103, 0.027917624929466762, 0.02769608565329297, 0.02638761563696437, 0.026240222525220732, 0.025301861482345173, 0.024507149546365212, 0.024254510112039676, 0.024687343071474955, 0.023768940548253088, 0.023535038550124242, 0.0225526084787808, 0.022401413357992832, 0.023316342303915334, 0.02219345817669622, 0.021135083961862703, 0.022020547799682162, 0.02100434232511566, 0.02185352638296716, 0.020373872070162145, 0.019940606693879846, 0.019658845377381187, 0.019307756454574766, 0.020405283996936033, 0.019979256157016567, 0.019431770061822357, 0.018836284043720446, 0.020358251902769815, 0.01924510859582271, 0.01835925335081311, 0.018513139335203682, 0.01804762080873925, 0.018098788468066503, 0.017941765801830066, 0.018185120787018456, 0.01768317830807588, 0.01779850463903098, 0.017329288258527715, 0.019170173005461023, 0.01738843753480831, 0.017413588897283148, 0.016930161077562754, 0.06531454572193995, 0.8976282553898322, 0.8977956750371434, 0.8979477299763275, 0.8979218320266621, 0.8980633603022979, 0.8978399932384491, 0.8978834733501211, 0.8981031022361807, 0.897976252812523, 0.8977290675178304]
############## VALIDATION LOSS ############## 
[0.15606220796996473, 0.13961204565038868, 0.142147070052577, 0.09688376854447757, 0.07178347484738219, 0.04468210246048722, 0.03807697715420349, 0.05550218110575395, 0.03528228522661854, 0.03562620304086629, 0.03308292529454418, 0.03083876023689906, 0.03238576132000661, 0.028995215016252854, 0.028620328717664175, 0.03681878438767265, 0.02620234197991736, 0.04810510678034203, 0.030401956363051545, 0.029467628684406187, 0.027973809297762664, 0.029254576081738752, 0.028110454041583865, 0.025978302144828963, 0.027165311297365262, 0.025556883391212013, 0.02488504620451553, 0.025895657383051572, 0.0290293609906061, 0.025321540404476373, 0.021034757168415713, 0.020706029170576262, 0.023684213084040905, 0.025648025795817375, 0.020863715741856425, 0.020447790878368358, 0.02026741018555328, 0.02191904041112638, 0.020472653264946798, 0.021902758408995235, 0.01980878138805137, 0.019704267729585077, 0.019494354597055445, 0.019004390100199803, 0.019827206235598114, 0.019416581839323044, 0.0207527861291287, 0.01785461666683356, 0.020576830478567704, 0.01839484002295078, 0.01841412667258113, 0.019273857531302115, 0.01863516147668455, 0.01863565200976297, 0.018735497130774985, 0.0187793635927579, 0.018353778485427883, 0.9405231136901706, 0.9405231136901706, 0.9405231136901706, 0.9405231136901706, 0.9405231136901706, 0.9405231136901706, 0.9405231136901706, 0.9405231136901706, 0.9405231136901706, 0.9405231136901706, 0.9405231136901706]
############## TEST LOSS ############## 
0.8556361830595768
############## TRAIN MEAN_IOU ############## 
[0.46954556883455395, 0.47349386199100596, 0.48057692907414995, 0.4962182016791524, 0.5262905654606519, 0.5665356984009614, 0.6007656919526624, 0.6286625062023197, 0.6460145800500303, 0.6657325536818117, 0.6830795638196103, 0.6981433785713471, 0.7112729487655399, 0.722762821493922, 0.7329342459236179, 0.7420640802598214, 0.7500342479697218, 0.7574640437289402, 0.7639128595322102, 0.7701774097240723, 0.7756219173336888, 0.7808541121246578, 0.7857937971213916, 0.7899394677029, 0.7940542394513482, 0.7980089907173638, 0.8017015631671425, 0.8052314509142626, 0.8084295829674145, 0.8111702074875703, 0.8141923307835519, 0.8169547279138822, 0.8195479598131266, 0.8220566390333949, 0.8243736646196864, 0.8266791005929311, 0.8289154741141174, 0.8310564589930011, 0.833096727594599, 0.8349483235999271, 0.8367543384298548, 0.8385751612551577, 0.8403139012353914, 0.8418266762484301, 0.8434139358567762, 0.844925183970649, 0.8464518208224494, 0.8478624925420091, 0.8492813676864177, 0.8505761016596545, 0.8518834100650238, 0.8531419973115664, 0.8543472977371903, 0.8554940599578995, 0.8565657904019227, 0.857691522385623, 0.8587677556652207, 0.8598214731560098, 0.8562772397522453, 0.8500239822241638, 0.8439711455826286, 0.8381084195665411, 0.8324273118564675, 0.8269195835869592, 0.8215793575252499, 0.816396428926571, 0.8113651439413294, 0.8064793802059449]
############## VALIDATION MEAN_IOU ############## 
[0.46954556883455395, 0.47349386199100596, 0.48057692907414995, 0.4962182016791524, 0.5262905654606519, 0.5665356984009614, 0.6007656919526624, 0.6286625062023197, 0.6460145800500303, 0.6657325536818117, 0.6830795638196103, 0.6981433785713471, 0.7112729487655399, 0.722762821493922, 0.7329342459236179, 0.7420640802598214, 0.7500342479697218, 0.7574640437289402, 0.7639128595322102, 0.7701774097240723, 0.7756219173336888, 0.7808541121246578, 0.7857937971213916, 0.7899394677029, 0.7940542394513482, 0.7980089907173638, 0.8017015631671425, 0.8052314509142626, 0.8084295829674145, 0.8111702074875703, 0.8141923307835519, 0.8169547279138822, 0.8195479598131266, 0.8220566390333949, 0.8243736646196864, 0.8266791005929311, 0.8289154741141174, 0.8310564589930011, 0.833096727594599, 0.8349483235999271, 0.8367543384298548, 0.8385751612551577, 0.8403139012353914, 0.8418266762484301, 0.8434139358567762, 0.844925183970649, 0.8464518208224494, 0.8478624925420091, 0.8492813676864177, 0.8505761016596545, 0.8518834100650238, 0.8531419973115664, 0.8543472977371903, 0.8554940599578995, 0.8565657904019227, 0.857691522385623, 0.8587677556652207, 0.8598214731560098, 0.8562772397522453, 0.8500239822241638, 0.8439711455826286, 0.8381084195665411, 0.8324273118564675, 0.8269195835869592, 0.8215793575252499, 0.816396428926571, 0.8113651439413294, 0.8064793802059449]
############## TEST MEAN_IOU ############## 
0.8013702440743494
############## VOC ############## 
0.9006851315498352
