############## TRAIN LOSS ############## 
[0.17169786563461964, 0.13286196937163672, 0.08806124209585758, 0.04691195526990939, 0.03654531655447171, 0.029300111673168233, 0.028738459127510455, 0.023782995986743823, 0.022259061306563986, 0.026975376995045458, 0.022331622840316447, 0.01948236065564325, 0.018261326772689417, 0.01727413084475441, 0.0388549378661959, 0.018127391974836052, 0.016644173622685107, 0.026079906414992905, 0.01675863700566461, 0.0159997619805975, 0.015309444869876848, 0.015876191766798362, 0.016564410070779623, 0.016115424376367045, 0.015498270114950903, 0.014633959178133187, 0.022530892725429824, 0.8977201147390915, 0.8976364084729204, 0.8979132999707987, 0.41239547719423836, 0.12364762665720673, 0.11147161542966559, 0.10470055812248238, 0.0988510044308396, 0.09448608955754353, 0.09142904164823326, 0.08886805010607114, 0.08661065245600971, 0.08380090403328608, 0.0815004385873541, 0.07922139507089113]
############## VALIDATION LOSS ############## 
[0.13309981834654713, 0.14178259086375142, 0.04547063305097468, 0.06389819107511464, 0.03534888457872119, 0.02691916898623401, 0.024460158785622493, 0.02413809306773485, 0.02767796321388553, 0.04302498457186362, 0.018981877111775035, 0.021783143154108058, 0.02239194103315765, 0.023176703017716314, 0.019605365453981886, 0.018547020195161596, 0.045264555141329765, 0.017469917752725238, 0.016422285022688846, 0.018787403134446518, 0.02272722658281233, 0.01591905927760344, 0.017149329148963385, 0.01902385034105357, 0.017513607117329157, 0.016105883188691793, 1.0343748705059874, 0.9405231136901706, 0.9405231136901706, 0.9405166249649197, 0.12594695038655224, 0.12543807514742308, 0.10736122230688731, 0.10003082337332707, 0.09370321824270136, 0.09126163741537169, 0.09040790562536202, 0.08691710598912894, 0.08325588016533385, 0.08021311257399764, 0.07973895148903716, 0.07641211707218021]
############## TEST LOSS ############## 
0.08027308634435287
############## TRAIN MEAN_IOU ############## 
[0.46961326078251675, 0.4740417590280911, 0.49523411342152607, 0.5599597649531322, 0.6197933098217389, 0.6635954471321793, 0.697202925478016, 0.7230969804364282, 0.7442452590744775, 0.7608961382427731, 0.7729916317505879, 0.785183763181841, 0.7957192170727361, 0.8049794218024692, 0.8102696599724056, 0.8161445528537303, 0.822533518075943, 0.826769003996978, 0.8316985728504421, 0.8364571053702552, 0.8408405681451162, 0.8447777808786513, 0.8483156067831022, 0.8515720088202674, 0.8545737312183724, 0.857518301890777, 0.8602793146898081, 0.8467667655901866, 0.8342131494401811, 0.8224757630545814, 0.8114498668425792, 0.8012279468076723, 0.7922767760517361, 0.7845356198581489, 0.7777999959013484, 0.771910954166103, 0.7667222001531102, 0.7620786766748171, 0.7579383194983542, 0.7542987291340355, 0.7510809205673836, 0.7482163857769322]
############## VALIDATION MEAN_IOU ############## 
[0.46961326078251675, 0.4740417590280911, 0.49523411342152607, 0.5599597649531322, 0.6197933098217389, 0.6635954471321793, 0.697202925478016, 0.7230969804364282, 0.7442452590744775, 0.7608961382427731, 0.7729916317505879, 0.785183763181841, 0.7957192170727361, 0.8049794218024692, 0.8102696599724056, 0.8161445528537303, 0.822533518075943, 0.826769003996978, 0.8316985728504421, 0.8364571053702552, 0.8408405681451162, 0.8447777808786513, 0.8483156067831022, 0.8515720088202674, 0.8545737312183724, 0.857518301890777, 0.8602793146898081, 0.8467667655901866, 0.8342131494401811, 0.8224757630545814, 0.8114498668425792, 0.8012279468076723, 0.7922767760517361, 0.7845356198581489, 0.7777999959013484, 0.771910954166103, 0.7667222001531102, 0.7620786766748171, 0.7579383194983542, 0.7542987291340355, 0.7510809205673836, 0.7482163857769322]
############## TEST MEAN_IOU ############## 
0.7452027664040074
############## VOC ############## 
0.8726013898849487
