############## TRAIN LOSS ############## 
[0.17638255709463413, 0.12356336862855666, 0.07564463342229526, 0.05494509317685623, 0.04146953889059725, 0.03273906335150739, 0.029742785058244393, 0.027347285459908815, 0.02819357727243154, 0.03006931676671983, 0.025304517595449817, 0.02134499283557808, 0.019037271887567396, 0.018180466265426024, 0.01922493847926055, 0.029672434557699138, 0.01774442148487176, 0.016668578599336313, 0.016682328264069585, 0.016145520744979516, 0.01683231930013511, 0.015434804185805423, 0.01608465690383906, 0.01693523009433537, 0.031114331943712926, 0.021609311187136417, 0.016398536628699518, 0.016679600843958354, 0.015527160668342904, 0.015255223470949777, 0.01512445468111551, 0.01456644114836849, 0.018801674016054953, 0.018847664881094888, 0.014570868955841204, 0.014171103105737685, 0.03356803388141834, 0.018882021607898244, 0.015349614391992759, 0.016924765376323783, 0.014330867317144398, 0.013726435314343722, 0.013689337591934312, 0.013392777851287712, 0.016461497999157186, 0.014059105122394793, 0.013615009007841215, 0.013501133901897716, 0.018026819798743, 0.014406198803503235, 0.013995002846124474, 0.014041335011521975, 0.014891407999990357, 0.013364452750187132, 0.013089673677543262, 0.01414686624120149, 0.013854478099928782, 0.015812478326093237, 0.013444033044449112, 0.014110915228590235, 0.013778272244307372, 0.014314637624297862]
############## VALIDATION LOSS ############## 
[0.17227289942549726, 0.08899227047667783, 0.07870584813987508, 0.04047978877582971, 0.0453334668395566, 0.02957271821066445, 0.03138729190344319, 0.037117263375251904, 0.021417155533152467, 0.0735280582425641, 0.0246227407718406, 0.02153439644504996, 0.020345914816739512, 0.021377173690673185, 0.05156888783562417, 0.02344181028870391, 0.019933536721795212, 0.018557476318057847, 0.01640168163815842, 0.018290366886147096, 0.019855048580496918, 0.017170722614608558, 0.017230256150166195, 0.018036203604995037, 0.05517667276309986, 0.019455416949794573, 0.017682407635684107, 0.018890955521925993, 0.017314271133977408, 0.01640363859341425, 0.017553713355286448, 0.016283819196270963, 0.017824447239000424, 0.015762542557044356, 0.015599322286160552, 0.016608663414623224, 0.01993512314762555, 0.016247646737040256, 0.015353250865112333, 0.0165990209389551, 0.01474495013883593, 0.01335796746699249, 0.014261708877907665, 0.013983316025605388, 0.015829618271513312, 0.014565185835475431, 0.014670885606285404, 0.014470641784296901, 0.014530810609679012, 0.01585818582451811, 0.014617119596211934, 0.01496573060970096, 0.01553536715972073, 0.01475500582954755, 0.016767336786085486, 0.01553278588963782, 0.017534420295965438, 0.014343672970711601, 0.013948274283286403, 0.020536862752016855, 0.014601626022554496, 0.01545080476823975]
############## TEST LOSS ############## 
0.03517776454864728
############## TRAIN MEAN_IOU ############## 
[0.46947954326599567, 0.47591748605440326, 0.5213784223741239, 0.5805532859789359, 0.6280003270587405, 0.6664784650007883, 0.6973607236737603, 0.7214175586227898, 0.7398422540308119, 0.7560473487183854, 0.7668509281970359, 0.7787930060614336, 0.7894527334887702, 0.7989037249002371, 0.8071090780399941, 0.8121182032533594, 0.8177104962838663, 0.8237404111806337, 0.8291425919747567, 0.8340646887684727, 0.8384781442246996, 0.8424674167826369, 0.8462569936438724, 0.8495845652378358, 0.8525757303646019, 0.8534189615700696, 0.8560172413383518, 0.8585915514477739, 0.8609373292944453, 0.8632792387459729, 0.8655010821583035, 0.8675777259710673, 0.8693372279674083, 0.8707895678979857, 0.8724217857863452, 0.8741388414894138, 0.8746953995915147, 0.8755085242761148, 0.8768354235468684, 0.8781574551049653, 0.8793946045476038, 0.8807320275285222, 0.8820158919772586, 0.8832387510720674, 0.8842952420582643, 0.8853146237833006, 0.8863772819708059, 0.8874075222122777, 0.8883461764266899, 0.8890605388997911, 0.889946706660159, 0.8908129103548892, 0.891592183091619, 0.8923699168471603, 0.8931790625189876, 0.8939159088306599, 0.8946459381966978, 0.8952705446664277, 0.8959068776787938, 0.8965752065718711, 0.8971479902933309, 0.8977662327590289]
############## VALIDATION MEAN_IOU ############## 
[0.46947954326599567, 0.47591748605440326, 0.5213784223741239, 0.5805532859789359, 0.6280003270587405, 0.6664784650007883, 0.6973607236737603, 0.7214175586227898, 0.7398422540308119, 0.7560473487183854, 0.7668509281970359, 0.7787930060614336, 0.7894527334887702, 0.7989037249002371, 0.8071090780399941, 0.8121182032533594, 0.8177104962838663, 0.8237404111806337, 0.8291425919747567, 0.8340646887684727, 0.8384781442246996, 0.8424674167826369, 0.8462569936438724, 0.8495845652378358, 0.8525757303646019, 0.8534189615700696, 0.8560172413383518, 0.8585915514477739, 0.8609373292944453, 0.8632792387459729, 0.8655010821583035, 0.8675777259710673, 0.8693372279674083, 0.8707895678979857, 0.8724217857863452, 0.8741388414894138, 0.8746953995915147, 0.8755085242761148, 0.8768354235468684, 0.8781574551049653, 0.8793946045476038, 0.8807320275285222, 0.8820158919772586, 0.8832387510720674, 0.8842952420582643, 0.8853146237833006, 0.8863772819708059, 0.8874075222122777, 0.8883461764266899, 0.8890605388997911, 0.889946706660159, 0.8908129103548892, 0.891592183091619, 0.8923699168471603, 0.8931790625189876, 0.8939159088306599, 0.8946459381966978, 0.8952705446664277, 0.8959068776787938, 0.8965752065718711, 0.8971479902933309, 0.8977662327590289]
############## TEST MEAN_IOU ############## 
0.8980696054420085
############## VOC ############## 
0.9490348100662231
