############## TRAIN LOSS ############## 
[0.18958140688168035, 0.12343806003195208, 0.07467491909660198, 0.0498613349187213, 0.03633408180463153, 0.03166116572715141, 0.025091322604566813, 0.022211577101434406, 0.020374493862225396, 0.021397218083006306, 0.020917351294711634, 0.01758351384636921, 0.01727149645621712, 0.016262454458990612, 0.016674983365511573, 0.015672037528978812, 0.014660618632931161, 0.01441759490282149, 0.014895447303314466, 0.014149445769804958, 0.027316165219589666, 0.017189349878478696, 0.014886015648576053, 0.014130272160007342, 0.01363876452543647, 0.013267235465448451, 0.01306909610945228, 0.012889604833027398, 0.013014870406304663, 0.012619347613606904, 0.012935505424802369, 0.0126962670490045, 0.012526544553504602, 0.012215332832892199, 0.012429247452952975, 0.012349540896311, 0.012092876613039422, 0.012051046184087926, 0.012056337669491768, 0.012131992022733431, 0.012474578931122212, 0.012013422916769175, 0.012083067111922679, 0.01349716103711241, 0.08582543430698884, 0.13308371976017952, 0.11694795527570956, 0.11195261816720704, 0.10695437583568934, 0.10260944440960884, 0.09960443949377215, 0.09783084318041801, 0.09557737520820386, 0.09264730742654285, 0.08976514924418282, 0.08779736276011209, 0.08594829604231022, 0.08410207740962505, 0.08297146771203827]
############## VALIDATION LOSS ############## 
[0.5040474411319283, 0.8269318798009087, 0.7353523654096267, 0.5248475390322068, 1.2105117194792803, 0.3469667978146497, 0.4908745990079992, 0.7363903732860789, 0.5598881875767427, 0.39192160788704367, 0.13056585630949805, 0.2234911462839912, 0.07197233245653264, 0.4100664363187902, 0.2273070189882727, 0.24922931895536535, 0.2973552854622112, 0.4549552973578958, 0.252941815292134, 0.23748271956163294, 0.055147178251953685, 0.13999290851985707, 0.16935509881552527, 0.06864278478657498, 0.090641447726418, 0.07427044826395371, 0.0822067891850191, 0.04863233973874765, 0.05312752033419469, 0.0796129727626548, 0.08230945818564471, 0.07827690835384761, 0.07817052458139027, 0.10640968820627998, 0.08048496504916865, 0.09087241835453931, 0.07651135413085713, 0.06002533852177508, 0.04571312337237246, 0.0471032175290234, 0.06457627279793515, 0.050134286284446716, 0.06479703130967476, 0.07068005116546855, 0.1473069164682837, 0.15070692405981176, 0.13382316030123653, 0.16538308648502126, 0.15681444020832286, 0.16327877693316517, 0.16674735353273504, 0.1446189060807228, 0.14751930841628244, 0.13787937602576086, 0.13358364867813446, 0.12488539297791089, 0.11798168894122629, 0.12093572756823372, 0.1087371141594999]
############## TEST LOSS ############## 
0.10526138708898515
############## TRAIN MEAN_IOU ############## 
[0.4630006531605849, 0.476425901055336, 0.49855062768266006, 0.5475199037307018, 0.5893858808117944, 0.6124611553308126, 0.6405007065953435, 0.6626433617359883, 0.6782994117285754, 0.6930653533420047, 0.7076489546814481, 0.7213333361857647, 0.733416054699872, 0.7450169236273378, 0.7530702827750025, 0.7607572690860646, 0.768207544410551, 0.7745841524085483, 0.7794582634358793, 0.784929049981607, 0.7891571312337309, 0.79307821393013, 0.7976867862649866, 0.8018529294310389, 0.8063650960857803, 0.8103987196007291, 0.8142298266694352, 0.8178623520039223, 0.8214347249752766, 0.8247742314596433, 0.8277621833053795, 0.8306243484084671, 0.833354423174987, 0.835898831889436, 0.8382747213582735, 0.8405579449357213, 0.8427302982356097, 0.8449257273931761, 0.847043776028865, 0.8490906760499284, 0.8510174364657015, 0.8529096350476548, 0.8547091645163458, 0.8563684611707121, 0.8569867836462485, 0.8507642254636094, 0.8434183460635107, 0.8367518694014162, 0.83059384935611, 0.824985664438557, 0.819788251374219, 0.8149197182139835, 0.8104006430587253, 0.8061491959803814, 0.8021851302804174, 0.7985025918161547, 0.7950665370838063, 0.7918732472368188, 0.7888736048260251]
############## VALIDATION MEAN_IOU ############## 
[0.4630006531605849, 0.476425901055336, 0.49855062768266006, 0.5475199037307018, 0.5893858808117944, 0.6124611553308126, 0.6405007065953435, 0.6626433617359883, 0.6782994117285754, 0.6930653533420047, 0.7076489546814481, 0.7213333361857647, 0.733416054699872, 0.7450169236273378, 0.7530702827750025, 0.7607572690860646, 0.768207544410551, 0.7745841524085483, 0.7794582634358793, 0.784929049981607, 0.7891571312337309, 0.79307821393013, 0.7976867862649866, 0.8018529294310389, 0.8063650960857803, 0.8103987196007291, 0.8142298266694352, 0.8178623520039223, 0.8214347249752766, 0.8247742314596433, 0.8277621833053795, 0.8306243484084671, 0.833354423174987, 0.835898831889436, 0.8382747213582735, 0.8405579449357213, 0.8427302982356097, 0.8449257273931761, 0.847043776028865, 0.8490906760499284, 0.8510174364657015, 0.8529096350476548, 0.8547091645163458, 0.8563684611707121, 0.8569867836462485, 0.8507642254636094, 0.8434183460635107, 0.8367518694014162, 0.83059384935611, 0.824985664438557, 0.819788251374219, 0.8149197182139835, 0.8104006430587253, 0.8061491959803814, 0.8021851302804174, 0.7985025918161547, 0.7950665370838063, 0.7918732472368188, 0.7888736048260251]
############## TEST MEAN_IOU ############## 
0.7856063481533166
