############## TRAIN LOSS ############## 
[0.1983324211795588, 0.14292650669813156, 0.10887366649065469, 0.06835176307405974, 0.04109033265125912, 0.03457806196466491, 0.030257795534625247, 0.024530774825630156, 0.022628643549978733, 0.020815564092953463, 0.0203516130536996, 0.01825275070763923, 0.017236954538856406, 0.019096975252535696, 0.01751217311499892, 0.018540369850155468, 0.015350481520432073, 0.014949694502393942, 0.014257341063254186, 0.013716059856469164, 0.013834066254816748, 0.014624918584485311, 0.016032955332382304, 0.014185283452624807, 0.01729338290169835, 0.01607453385116281, 0.013304578329159602, 0.01326738069513561, 0.013071450404822826, 0.012531228212488664, 0.012762525100009265, 0.01261316070559661, 0.012628338847158325, 0.01225528883672244, 0.012496794787915173, 0.012209979974589235, 0.0120795050610763, 0.011969976920030406, 0.011965649989056023, 0.01256792646883106, 0.011934456629426899, 0.012269540645836576, 0.01197285419707564, 0.011762754494525693, 0.01178724888233921, 0.011577593930367683, 0.011357045669511363, 0.011869482192638758, 0.012658337093386296, 0.17750845957748793, 0.18181000982184667, 0.15964512104118192, 0.14582440196662336, 0.1388517780279791, 0.12931843122115005, 0.1250564703667486, 0.1229158239187421, 0.12182812704830556, 0.11978786811232567, 0.11728303657995688, 0.11669467429856996, 0.11645242632240863, 0.11438721780841415, 0.11340253034958968, 0.11281464792586662, 0.11185640620218741, 0.11109810201702891]
############## VALIDATION LOSS ############## 
[0.39551592399092284, 0.5380334398325752, 0.44376394503256855, 0.7775024876875036, 0.7348016886150136, 0.7378342502257403, 0.8601390263613533, 1.3545458246679867, 0.4002668506958905, 0.5549839244169348, 0.9042640433591955, 0.9941063347984763, 0.5285173339002273, 0.3281826587284313, 0.688117735526141, 0.1475458925261217, 0.5226000477285946, 0.25322157670469847, 0.5085815331515144, 0.7473980644169975, 0.2774302486111136, 0.6977432089693406, 0.21802800104898565, 0.25844022368683534, 0.1603371238007265, 0.1269935724489829, 0.15470424995702856, 0.16469713782562928, 0.08598235337173238, 0.09177537876016953, 0.0989907353239901, 0.222566380220301, 0.06344918840948273, 0.052874100558898025, 0.3192650097257951, 0.05047226741033442, 0.19358650375814998, 0.059117147370296365, 0.10619442033417084, 0.42151178507243886, 0.10436025218052022, 0.2644843257525388, 0.06378492318532046, 0.10452865502413582, 0.07639177450362374, 0.16460234715658076, 0.031020008356255645, 0.2498993794707691, 0.04423372294096386, 0.1989346409545225, 0.16605168493355021, 0.14622343813671784, 0.1299999500898754, 0.1409665083183962, 0.12003081817837323, 0.13100107320967844, 0.15511284155004165, 0.1544722353710848, 0.1463556228315129, 0.1575853780788534, 0.15542244297616623, 0.14825877021340764, 0.13963974223417394, 0.1438324898481369, 0.13779773256357977, 0.14306402819998124, 0.14013352814842672]
############## TEST LOSS ############## 
0.13259744174552687
############## TRAIN MEAN_IOU ############## 
[0.4629660240701727, 0.4729377679728173, 0.47802835380708847, 0.505465865940661, 0.5482357611527314, 0.5852122975362314, 0.6117796954270955, 0.6345613550495457, 0.6489068922158834, 0.6669716158428708, 0.6812823817536637, 0.6909389085060841, 0.6994354072454814, 0.7092708163970226, 0.7184813594495928, 0.7249850775744464, 0.7340897442521276, 0.7406298880641525, 0.7478130137598192, 0.7530953731085803, 0.7571898151088405, 0.7628243235317437, 0.7663560759376835, 0.7710827830675486, 0.775699486603608, 0.7799120690371539, 0.7845534923914317, 0.7888614229253821, 0.7928835757680841, 0.7969710996022096, 0.800809807874061, 0.8044020396632117, 0.8074441383013854, 0.8107439698399724, 0.8139772350723679, 0.8162473609318605, 0.8191796557323353, 0.8215853781313509, 0.8242232630381713, 0.826629624978916, 0.8281421870798678, 0.8303674725261895, 0.8321386326003719, 0.8342688228632953, 0.8362288547528757, 0.838194312276067, 0.8398983712131912, 0.8418355632472683, 0.8432178408712954, 0.843315209891345, 0.8369516706144488, 0.8305298041652989, 0.8243305924776438, 0.8183452495046564, 0.8125849100383552, 0.807114564083718, 0.8018869169660516, 0.7968447127857724, 0.7920093689415906, 0.7874374236609485, 0.7830494199250195, 0.7788354746393256, 0.7748203108439574, 0.7710200137383229, 0.7673598560127052, 0.7638329090298833, 0.7604334362455316]
############## VALIDATION MEAN_IOU ############## 
[0.4629660240701727, 0.4729377679728173, 0.47802835380708847, 0.505465865940661, 0.5482357611527314, 0.5852122975362314, 0.6117796954270955, 0.6345613550495457, 0.6489068922158834, 0.6669716158428708, 0.6812823817536637, 0.6909389085060841, 0.6994354072454814, 0.7092708163970226, 0.7184813594495928, 0.7249850775744464, 0.7340897442521276, 0.7406298880641525, 0.7478130137598192, 0.7530953731085803, 0.7571898151088405, 0.7628243235317437, 0.7663560759376835, 0.7710827830675486, 0.775699486603608, 0.7799120690371539, 0.7845534923914317, 0.7888614229253821, 0.7928835757680841, 0.7969710996022096, 0.800809807874061, 0.8044020396632117, 0.8074441383013854, 0.8107439698399724, 0.8139772350723679, 0.8162473609318605, 0.8191796557323353, 0.8215853781313509, 0.8242232630381713, 0.826629624978916, 0.8281421870798678, 0.8303674725261895, 0.8321386326003719, 0.8342688228632953, 0.8362288547528757, 0.838194312276067, 0.8398983712131912, 0.8418355632472683, 0.8432178408712954, 0.843315209891345, 0.8369516706144488, 0.8305298041652989, 0.8243305924776438, 0.8183452495046564, 0.8125849100383552, 0.807114564083718, 0.8018869169660516, 0.7968447127857724, 0.7920093689415906, 0.7874374236609485, 0.7830494199250195, 0.7788354746393256, 0.7748203108439574, 0.7710200137383229, 0.7673598560127052, 0.7638329090298833, 0.7604334362455316]
############## TEST MEAN_IOU ############## 
0.7571560346718991
