############## TRAIN LOSS ############## 
[0.19108454339407585, 0.12680780766783534, 0.0667753399576287, 0.0464480791140247, 0.03270334803272743, 0.027839782685544844, 0.02374666488754588, 0.024264640099293477, 0.02035728475783725, 0.02504205620671446, 0.020142504165100085, 0.017536913434899336, 0.018165253568440676, 0.016790589330264845, 0.015437875232483083, 0.015617870322957233, 0.014814927305623487, 0.014699113290958308, 0.014732268362029179, 0.014238403191336908, 0.01603198264146576, 0.01665004513956405, 0.014530574160351141, 0.013536912439441358, 0.013665466336533427, 0.013270980596693384, 0.013101936871739658, 0.013135293253219209, 0.0132577722086697, 0.013092382842473485, 0.012796450355971182, 0.012615081992604443, 0.012432393894807712, 0.012333631779797174, 0.012348139325056124, 0.01223236761005545, 0.10081366743464526, 0.20418022341422132, 0.13997936399804578, 0.12163966088681608, 0.11327205860131495]
############## VALIDATION LOSS ############## 
[0.30025668880518747, 0.3686798951205085, 0.524137605639065, 0.5888519041678485, 0.6417314024532542, 0.8778928307925954, 0.5671035892823163, 1.0366910625906551, 0.326788711197236, 0.1315182188854498, 0.36911635889726524, 0.30404551064266877, 0.23855925658169916, 0.25057274103164673, 0.26617641133420605, 0.34923839744399576, 0.35663530230522156, 0.11574972245623083, 0.5084883114870857, 0.38210856388596925, 0.050118732978315914, 0.11776386508170296, 0.19922931492328644, 0.1415068384479074, 0.20155072650488684, 0.13423008866169872, 0.1521731527412639, 0.17959749348023357, 0.1576022356748581, 0.11048951306763817, 0.1536182222120902, 0.165440592695685, 0.2912083837915869, 0.11168443499242559, 0.11794525472556844, 0.2027521186015185, 0.20004917155293858, 0.18886065132477703, 0.255465385668418, 0.19937141064335318, 0.19419976192362168]
############## TEST LOSS ############## 
0.17860763930913173
############## TRAIN MEAN_IOU ############## 
[0.4631785637623555, 0.4757169170959576, 0.5129772883814734, 0.5714700906663328, 0.6136954015976673, 0.6455694573956567, 0.6683766866052473, 0.6884950133594306, 0.7005999474912077, 0.715239051226023, 0.7290211859587077, 0.7400206407985171, 0.7498685500106296, 0.7593548450921033, 0.7676027538003148, 0.7743613140003102, 0.7804011243420679, 0.785919959480698, 0.7921983333858283, 0.7959645825463373, 0.7998629300980955, 0.8047689827712806, 0.8087720492401639, 0.8122489847041465, 0.8160728562522579, 0.8192653720443314, 0.8226981960438393, 0.8258347277705734, 0.8286271860470643, 0.8313319336723637, 0.8340715645132838, 0.8365425999100143, 0.8388354915219385, 0.8404464471984554, 0.8426626864317301, 0.8447986116280427, 0.8452262942855423, 0.8370714195676752, 0.8280489315857759, 0.8196968363749014, 0.8120628055688497]
############## VALIDATION MEAN_IOU ############## 
[0.4631785637623555, 0.4757169170959576, 0.5129772883814734, 0.5714700906663328, 0.6136954015976673, 0.6455694573956567, 0.6683766866052473, 0.6884950133594306, 0.7005999474912077, 0.715239051226023, 0.7290211859587077, 0.7400206407985171, 0.7498685500106296, 0.7593548450921033, 0.7676027538003148, 0.7743613140003102, 0.7804011243420679, 0.785919959480698, 0.7921983333858283, 0.7959645825463373, 0.7998629300980955, 0.8047689827712806, 0.8087720492401639, 0.8122489847041465, 0.8160728562522579, 0.8192653720443314, 0.8226981960438393, 0.8258347277705734, 0.8286271860470643, 0.8313319336723637, 0.8340715645132838, 0.8365425999100143, 0.8388354915219385, 0.8404464471984554, 0.8426626864317301, 0.8447986116280427, 0.8452262942855423, 0.8370714195676752, 0.8280489315857759, 0.8196968363749014, 0.8120628055688497]
############## TEST MEAN_IOU ############## 
0.8044858040231647
