############## TRAIN LOSS ############## 
[0.20999044653128934, 0.1457292910765957, 0.11267359408776502, 0.08375008202887871, 0.05301586349771635, 0.03909320817203135, 0.03267274960573461, 0.02724802865319558, 0.025873496776094306, 0.02379448606154403, 0.02257398549920401, 0.019899217525144685, 0.024405646880434173, 0.01969810010160546, 0.017455173681515293, 0.01634325601814969, 0.016145639574608288, 0.016063742968883063, 0.015222590177546482, 0.01493763129503743, 0.018388371763599885, 0.015043272070485997, 0.015116067766841199, 0.014197962427813862, 0.014012897254999828, 0.013938271409101985, 0.013614207380325408, 0.013745799490779236, 0.014694710136265368, 0.013313041848910821, 0.014782170450465905, 0.01373618223226151, 0.013685789544487724, 0.013402504569573983, 0.013390682329348213, 0.013099644553369365, 0.013064890967782688, 0.012431752477848047, 0.012609491193969105, 0.012194471301611614, 0.012213905794999085, 0.013189429203300056, 0.01269670166201084, 0.012372911033044392, 0.18813738533975305, 0.18254011426423047, 0.16960877079415965, 0.16271502846801603, 0.15780633234897176, 0.15378517667586739, 0.15110162746261907, 0.14840102084987872, 0.14648784556098887]
############## VALIDATION LOSS ############## 
[0.20467794467421138, 0.37965891115805683, 0.5908963119282442, 0.5867514540167416, 0.4197782996822806, 0.6643516140825608, 0.32580124630647544, 0.8937065531225765, 0.392885206376805, 0.24476414568283977, 0.2296648507609087, 0.0587783429552527, 0.23207534937297597, 0.10821014248272952, 0.14790711508077733, 0.2558855133898118, 0.19815728331313415, 0.28247538208961487, 0.1296381941613029, 0.08510546462939066, 0.08114330119946424, 0.13377797515953288, 0.11657605670830783, 0.296413581160938, 0.1453321032664355, 0.09850715670515509, 0.11224122082485873, 0.14673917784410365, 0.05725097897298196, 0.34610988813288074, 0.1257244423031807, 0.14009950485299616, 0.032819912604549355, 0.32684885578996997, 0.3196809379493489, 0.1848378409357632, 0.06466096946421791, 0.03874729759991169, 0.033003911047297364, 0.0352280577096869, 0.05398055056438727, 0.04870285477270098, 0.03511058330974158, 0.03352231455638128, 0.2120961152455386, 0.17347108265932867, 0.1692240851766923, 0.16324226733516245, 0.1578415220274645, 0.15497023480779984, 0.15031229310175953, 0.14731669425964355, 0.14476162721129024]
############## TEST LOSS ############## 
0.13716570445985504
############## TRAIN MEAN_IOU ############## 
[0.4632050544023514, 0.47261294400369797, 0.4789427744375693, 0.49850827576340856, 0.5350653102269044, 0.5731895058541685, 0.6027647256851196, 0.6303459623375455, 0.6474839771116102, 0.6650556865576152, 0.6818059199565166, 0.6969325550504633, 0.711215755423984, 0.7222800021236008, 0.7333663645628337, 0.7430862236667324, 0.7513831797483805, 0.7591332132751877, 0.7659140881654378, 0.772773657296155, 0.778954691983558, 0.7847745313837722, 0.7900994830840343, 0.7950931215608442, 0.7990929186344147, 0.8033303666759182, 0.8074617748324936, 0.8113574989744134, 0.8147054483761659, 0.818221805868922, 0.8205985217481047, 0.823399580813743, 0.8261565678828472, 0.8290686083806528, 0.8310123118194374, 0.8328438151527096, 0.8349865521933582, 0.8373943446455775, 0.8397486201814703, 0.8420385162572603, 0.8442401330213289, 0.8462607014823604, 0.8481821160058718, 0.8500944335718412, 0.8499314511144483, 0.8426655571202974, 0.8352649010516502, 0.8281528998065639, 0.8213144717989741, 0.8147339361744959, 0.808397725627229, 0.8022917436586844, 0.7964028055603439]
############## VALIDATION MEAN_IOU ############## 
[0.4632050544023514, 0.47261294400369797, 0.4789427744375693, 0.49850827576340856, 0.5350653102269044, 0.5731895058541685, 0.6027647256851196, 0.6303459623375455, 0.6474839771116102, 0.6650556865576152, 0.6818059199565166, 0.6969325550504633, 0.711215755423984, 0.7222800021236008, 0.7333663645628337, 0.7430862236667324, 0.7513831797483805, 0.7591332132751877, 0.7659140881654378, 0.772773657296155, 0.778954691983558, 0.7847745313837722, 0.7900994830840343, 0.7950931215608442, 0.7990929186344147, 0.8033303666759182, 0.8074617748324936, 0.8113574989744134, 0.8147054483761659, 0.818221805868922, 0.8205985217481047, 0.823399580813743, 0.8261565678828472, 0.8290686083806528, 0.8310123118194374, 0.8328438151527096, 0.8349865521933582, 0.8373943446455775, 0.8397486201814703, 0.8420385162572603, 0.8442401330213289, 0.8462607014823604, 0.8481821160058718, 0.8500944335718412, 0.8499314511144483, 0.8426655571202974, 0.8352649010516502, 0.8281528998065639, 0.8213144717989741, 0.8147339361744959, 0.808397725627229, 0.8022917436586844, 0.7964028055603439]
############## TEST MEAN_IOU ############## 
0.7907572666803996
