############## TRAIN LOSS ############## 
[0.2073463196488651, 0.14612240525516304, 0.1038646157327536, 0.05608648399042117, 0.04109207404827749, 0.030567418582536077, 0.02689918230061193, 0.02440360144435151, 0.02266186651949947, 0.022347146129185282, 0.019261329736862634, 0.018759313266019564, 0.017897525475033232, 0.01662309962400311, 0.015544875940257634, 0.016835698354485874, 0.015155112534459378, 0.016560879749925556, 0.01482738385832793, 0.014129322387177396, 0.02031833297145125, 0.015388918738510157, 0.014683450169458583, 0.01366011447877296, 0.013385813519660686, 0.013369982816732011, 0.013015761770106651, 0.013121091169179292, 0.013367491849773639, 0.01306703990652553, 0.012991547408337528, 0.012855940743827739, 0.013562018441892153, 0.01248472581642705, 0.01259382044569262, 0.015080887207610381, 0.013587590609047864, 0.012511103690878765, 0.0128123984495933, 0.012696868060408411, 0.012295448944929082, 0.012166163582052733, 0.01210950529580382, 0.012010161720870717, 0.012611366562998376, 0.01188047365537165, 0.011961179728795951, 0.011929446573344034, 0.01190403656958527, 0.011982488125008909, 0.011626125690904824, 0.011739241884316545, 0.01171593985369278, 0.2521315340355441, 0.11759478357192632, 0.09959211497492082, 0.0778708966901979, 0.06426546068207638, 0.054563963810938435, 0.05040389100542745, 0.04678036909349061, 0.04456388897489052]
############## VALIDATION LOSS ############## 
[0.5340720520300024, 0.3702271247611326, 0.6087717273656059, 1.0033730408724617, 1.0688991616753971, 0.9163490533828735, 0.677934608038734, 1.0603606490527882, 0.9207404711667229, 1.123106598854065, 0.3206123814863317, 0.8474690423292273, 1.046581829295439, 1.0856617829378914, 0.47552041797076955, 0.36470670033903685, 0.6378994689268225, 0.3723663266967325, 0.17096618080840392, 0.4968544595381793, 0.2311492194147671, 0.3897381512557759, 0.41035010358866525, 0.29780201175633597, 0.25101030398817625, 0.38697508152793436, 0.22037201418596156, 0.30066119572695565, 0.07111950328244883, 0.1847292158533545, 0.16581883675911846, 0.48366112919414744, 0.284788578748703, 0.13382949241820505, 0.13357807169942296, 0.5338814311167773, 0.30711497454082265, 0.2367909866220811, 0.11205938239307965, 0.1410057610448669, 0.08765729297609891, 0.03795709559584365, 0.1825767326004365, 0.3891664164907792, 0.13704907455865076, 0.103191098307862, 0.17946196391301997, 0.08226027098648689, 0.19969065312077017, 0.0605035163462162, 0.4253788222284878, 0.21627716544796438, 0.3099386262543061, 0.19828077011248646, 0.19319885530892542, 0.09471746183493558, 0.07131583594224032, 0.09392933065400404, 0.10023593420491499, 0.08177805691957474, 0.09129721802823684, 0.08480366713860456]
############## TEST LOSS ############## 
0.08102197606455196
############## TRAIN MEAN_IOU ############## 
[0.46328661248490616, 0.4739812169526074, 0.4833915777303077, 0.5204074261961756, 0.5626071699567743, 0.5951687540556934, 0.6214915135422269, 0.6428203687474534, 0.6583854499700907, 0.6730605404119234, 0.6833084233709283, 0.6972431081372339, 0.7067031030719345, 0.714063972234726, 0.7206707717599096, 0.7290569503565092, 0.7365970635736311, 0.7425883919806093, 0.7491758071087502, 0.7561156282553801, 0.7607256560712248, 0.7659385808416315, 0.7703720758090148, 0.774495892428063, 0.7789494741607357, 0.7833292693705172, 0.7869492310124475, 0.7908401432875041, 0.7942003019758173, 0.7981650410471736, 0.8015043550246471, 0.8046880090558851, 0.8068912995828165, 0.8094299443670221, 0.8122850350431494, 0.81484972786259, 0.8163019547591338, 0.8183966134045575, 0.8205909656511771, 0.8229402110383317, 0.8251133118126843, 0.827338443414585, 0.8296168301556561, 0.831463131550196, 0.8328688917933283, 0.8345493424583126, 0.8363648355007172, 0.8379763775580639, 0.8397259446414741, 0.8411069246562751, 0.842783468800622, 0.8437030637586439, 0.8449919618464805, 0.8424378754319372, 0.8363919620578354, 0.831497988185367, 0.8280086686482301, 0.8257511225906579, 0.8242558305327957, 0.8232266411587998, 0.8225732727630718, 0.8221022639725659]
############## VALIDATION MEAN_IOU ############## 
[0.46328661248490616, 0.4739812169526074, 0.4833915777303077, 0.5204074261961756, 0.5626071699567743, 0.5951687540556934, 0.6214915135422269, 0.6428203687474534, 0.6583854499700907, 0.6730605404119234, 0.6833084233709283, 0.6972431081372339, 0.7067031030719345, 0.714063972234726, 0.7206707717599096, 0.7290569503565092, 0.7365970635736311, 0.7425883919806093, 0.7491758071087502, 0.7561156282553801, 0.7607256560712248, 0.7659385808416315, 0.7703720758090148, 0.774495892428063, 0.7789494741607357, 0.7833292693705172, 0.7869492310124475, 0.7908401432875041, 0.7942003019758173, 0.7981650410471736, 0.8015043550246471, 0.8046880090558851, 0.8068912995828165, 0.8094299443670221, 0.8122850350431494, 0.81484972786259, 0.8163019547591338, 0.8183966134045575, 0.8205909656511771, 0.8229402110383317, 0.8251133118126843, 0.827338443414585, 0.8296168301556561, 0.831463131550196, 0.8328688917933283, 0.8345493424583126, 0.8363648355007172, 0.8379763775580639, 0.8397259446414741, 0.8411069246562751, 0.842783468800622, 0.8437030637586439, 0.8449919618464805, 0.8424378754319372, 0.8363919620578354, 0.831497988185367, 0.8280086686482301, 0.8257511225906579, 0.8242558305327957, 0.8232266411587998, 0.8225732727630718, 0.8221022639725659]
############## TEST MEAN_IOU ############## 
0.8210738958734455
