############## TRAIN LOSS ############## 
[0.22882201784365885, 0.19686318712460027, 0.16967084440025124, 0.16477969127732353, 0.13442044000367862, 0.11903836860044582, 0.09984270845716064, 0.0906204501720699, 0.06932732029943853, 0.054702173012333946, 0.0431303723236999, 0.039969761931412925, 0.031253222275424646, 0.028141368356709544, 0.027937081969670347, 0.023610252786327054, 0.021184549566257645, 0.021219108958502073, 0.019466574102438784, 0.018800525221268873, 0.017890931811888475, 0.016503953853169002, 0.016108858046700824, 0.0158057555405272, 0.016826046731423686, 0.015167331071318808, 0.015096361597848905, 0.014476344820011306, 0.014413093342571645, 0.013751424798691595, 0.013880919086167941, 0.013702835283569387, 0.013587033275414157]
############## VALIDATION LOSS ############## 
[0.19292583448045394, 0.19094695413813872, 0.2412268983967164, 0.20081617025768056, 0.30641785789938536, 0.36425135240835305, 0.19094525014652924, 0.1939470005386016, 0.235989849357044, 0.2982669498990564, 0.30914578542989846, 0.08057828641989652, 0.15200871930402868, 0.1194508952253005, 0.06929733889067874, 0.15919513649800243, 0.06602263275314779, 0.06493844705469468, 0.05075468495488167, 0.0757421831436017, 0.03612625007243717, 0.06593163289568003, 0.05306256869260002, 0.24065360952826106, 0.033737614969996846, 0.03273137187694802, 0.03732661267413812, 0.025068978066830075, 0.033246403505258704, 0.052873711156494474, 0.03898440312375041, 0.04910024228122305, 0.06448126847253126]
############## TEST LOSS ############## 
0.09450672603014744
############## TRAIN MEAN_IOU ############## 
[0.4562915346106967, 0.4721900023318626, 0.47226532890989975, 0.47239430611198013, 0.47284613348342275, 0.4742962540806951, 0.480954040546675, 0.49062059215597204, 0.5041930788272136, 0.5227008832467569, 0.5436946717468468, 0.5638151249370059, 0.5848285507511448, 0.6029504183176402, 0.6206585813213039, 0.6364179769077817, 0.6501555748887964, 0.663678657364201, 0.6759939242053676, 0.6870836599453075, 0.6975932717323303, 0.7073798517923098, 0.7163228279835469, 0.724634947003545, 0.7312121536280658, 0.738557382209881, 0.7453711435601518, 0.7519131125630559, 0.7579848943529902, 0.7636009728586352, 0.7688085646242708, 0.7737209329733977, 0.7784052040125873]
############## VALIDATION MEAN_IOU ############## 
[0.47189950241762046, 0.47233666742549224, 0.4723724810516133, 0.47248224651112275, 0.47342142813345967, 0.4764707912417019, 0.48592142147176404, 0.4967941852176891, 0.5135555758195764, 0.5333228567067314, 0.5541519662913155, 0.574306887738845, 0.5945080343414756, 0.6121525378788218, 0.628652877667371, 0.6436444485888762, 0.6571561764268314, 0.6700793750145856, 0.6818626803510329, 0.6926165117936975, 0.7026083013590645, 0.7120392322540283, 0.7206152572351343, 0.7282217004719902, 0.7349982682396384, 0.7420962487950045, 0.7487171853289885, 0.7549778854145723, 0.7608679533004761, 0.766323447227478, 0.7713480381404653, 0.7761142639552846, 0.7806245930054608]
############## TEST MEAN_IOU ############## 
0.7807654355511521
