############## TRAIN LOSS ############## 
[0.1868685328628163, 0.10929700382355903, 0.05830322088975761, 0.036014016484841704, 0.03237718808766756, 0.025132749437329335, 0.024475487295185793, 0.020867423428147024, 0.022687011851450882, 0.017990445029116363, 0.01641978179985607, 0.016461270697716926, 0.05982255431936701, 0.02068899690198737, 0.01692717257144584, 0.016121009641603845, 0.017074341445255117, 0.016867802179468847, 0.015395378530327533, 0.021054186949481232, 0.015129767811378918, 0.014553363541946621, 0.014044024418359873, 0.013357071536341431, 0.013329152728909173, 0.013028459617163281, 0.013633396152432102, 0.013436189972216616, 0.012792121965085735, 0.015088762153518965]
############## VALIDATION LOSS ############## 
[0.19842207694754882, 0.15159963159000173, 0.08100708135787178, 0.08069764581673286, 0.07776496384073706, 0.04721245942089487, 0.07892879635533866, 0.1595980566652382, 0.03037674697663854, 0.03124478755190092, 0.02419163303121048, 0.022523024859016434, 0.026492805329754072, 0.01970613219172639, 0.021974322988706475, 0.01712631820427144, 0.03967043965616647, 0.015760773792862892, 0.01871017585782444, 0.020913910942480844, 0.01795832659391796, 0.01709572332637275, 0.015292383374317604, 0.015084022299989182, 0.013632925199892591, 0.014559843632228234, 0.014831677763996756, 0.015341229955939686, 0.015755603802116477, 0.01480974180295187]
############## TEST LOSS ############## 
0.030898038772019472
############## TRAIN MEAN_IOU ############## 
[0.45997761522193215, 0.4915886330040726, 0.5457234608160483, 0.6100667735209336, 0.655666662229074, 0.6893472200309908, 0.7168594465867894, 0.737816772348172, 0.7533189589912827, 0.7690994022665797, 0.7828555328620447, 0.7947695875490034, 0.7987406974708712, 0.803507200769476, 0.8108157217502594, 0.8176781966074093, 0.8238128480073568, 0.8290205646205593, 0.8341104750697678, 0.8382050894402169, 0.8419573576869192, 0.8459488540082365, 0.8496846967452282, 0.8531554337288882, 0.8564138799100309, 0.8594640167178335, 0.8622799302275116, 0.8648331866071031, 0.8672834562288748, 0.869558096737475]
############## VALIDATION MEAN_IOU ############## 
[0.4792261772296008, 0.5102186763987822, 0.5792697422644671, 0.6357720529331881, 0.6733149956254398, 0.7045736277804655, 0.7278837316176471, 0.7466099612853107, 0.7613801009514752, 0.7761153193081126, 0.7890333217733047, 0.799861259320203, 0.7999058506068062, 0.8070518725058612, 0.8142797105452594, 0.8208162679391748, 0.8264742318321677, 0.8315908137489768, 0.8364549980444067, 0.8398529887199402, 0.8439505485927358, 0.8477895470226512, 0.8513879109831417, 0.8547783353749443, 0.8579205835566801, 0.8608749508857727, 0.8635404004770166, 0.8660326284520766, 0.86843381208532, 0.8703980200430926]
############## TEST MEAN_IOU ############## 
0.8706036715796499
