############## TRAIN LOSS ############## 
[0.19597045604038882, 0.11374605452088085, 0.05313439272042062, 0.04114967364364782, 0.02918294011741071, 0.027015160039268637, 0.022222958423348295, 0.019238827699745022, 0.02075811237965182, 0.017925775647666807, 0.025194494723896118, 0.01795145891594222, 0.016367231473653904, 0.015510897186735796, 0.014712311821435956, 0.014351656600656742, 0.014727362242804186]
############## VALIDATION LOSS ############## 
[0.1902800193604301, 0.12564305741997325, 0.09895562073763679, 0.04398302613374065, 0.0710817435208489, 0.03718889455365784, 0.049361300271223575, 0.05012615928974222, 0.02334975725149407, 0.03304559751139844, 0.027420935275800088, 0.01566662940689746, 0.019842983826118356, 0.01933511283577365, 0.019151756074279547, 0.016270863933160025, 0.019845578545594916]
############## TEST LOSS ############## 
0.03560601067588185
############## TRAIN MEAN_IOU ############## 
[0.4598631763176338, 0.4791474867914174, 0.5363462148485957, 0.6044477860669832, 0.6567520918072881, 0.6920372634320646, 0.720974946344221, 0.7438724685359646, 0.7618648232640447, 0.7764512787799578, 0.788518665610133, 0.7976190729721172, 0.8072997287318513, 0.8159380583344279, 0.8233602067103257, 0.8300599375286618, 0.8359370638389845]
############## VALIDATION MEAN_IOU ############## 
[0.473224154290031, 0.49402515502537, 0.5746775970739477, 0.6319450911353616, 0.6763473573852988, 0.7074085789568284, 0.7329427810276256, 0.7535308424164268, 0.7693275143118465, 0.7831939704277936, 0.7926303639131433, 0.8025707427193137, 0.8116845488548279, 0.8196886462323806, 0.82674320305095, 0.8330757232273326, 0.8386043450411629]
############## TEST MEAN_IOU ############## 
0.8403264020428513
