############## TRAIN LOSS ############## 
[0.18641234808475585, 0.0936085600531786, 0.04634806531405932, 0.03231478138273028, 0.030217885952191176, 0.03351272322942276, 0.022926754154566978, 0.01990356622893061, 0.02120670133484276, 0.017852072216998284, 0.028250345349865588, 0.0349002734732789, 0.01956694994461597, 0.017086593009455985]
############## VALIDATION LOSS ############## 
[0.3015643226749757, 0.0879989483338945, 0.08523227099110098, 0.1298958003959235, 0.052611544837846476, 0.054699466399410195, 0.04501604277859716, 0.09723129123449326, 0.021817539024221545, 0.027106967782053876, 0.08642393065726056, 0.0230616937555811, 0.023985571721020865, 0.023885488592307356]
############## TEST LOSS ############## 
0.04048527419341333
############## TRAIN MEAN_IOU ############## 
[0.4595355185101161, 0.49253586740107147, 0.5762435834150057, 0.6408614177961607, 0.6839944756514317, 0.7126744510354223, 0.7358424639379656, 0.7566516061086912, 0.7722021119820105, 0.7862403622350177, 0.7978689296020044, 0.7989221279685562, 0.8059217349903004, 0.8136382703040097]
############## VALIDATION MEAN_IOU ############## 
[0.47666256743318897, 0.5294611734502456, 0.6119718271143296, 0.6651902935084175, 0.7010372351197636, 0.7245680689811707, 0.7468453750890844, 0.7651494706378263, 0.7792622972937191, 0.7924436681410846, 0.7993753096636604, 0.8019161399673013, 0.8098108242539799, 0.8171919163535623]
############## TEST MEAN_IOU ############## 
0.8174991340348214
