############## TRAIN LOSS ############## 
[0.185553899613788, 0.088013740407454, 0.04456975087020043, 0.07057204055977431, 0.04650636758604968, 0.0326704058129139, 0.02535463177372475, 0.022730953997705836, 0.021265509878159373, 0.01879546876581436, 0.01801274513913872, 0.016634940704632853, 0.016881218768429716, 0.01873449144595479, 0.02738151921122964, 0.019223129285524623, 0.01596974757676189, 0.019686883060588828, 0.015503414761828812, 0.014908825141704968, 0.013968834439544258, 0.013524917873075686, 0.013797923315291267, 0.021300814838173823]
############## VALIDATION LOSS ############## 
[0.2562045384855831, 0.12486130349776324, 0.07364256428006817, 0.08881616658147644, 0.03912860083886806, 0.054703312761643356, 0.03919459945138763, 0.03821270797839936, 0.03872455015559407, 0.027033292578861993, 0.02972379803438397, 0.038184041705201656, 0.023884795852662885, 0.018978613949216464, 0.06847669622477363, 0.018301990458413082, 0.015968150157919702, 0.018406540155410767, 0.015354518997756875, 0.01700744391692912, 0.016038595397463617, 0.01567570394014611, 0.017424024888040388, 0.0274511336842004]
############## TEST LOSS ############## 
0.05115591208591606
############## TRAIN MEAN_IOU ############## 
[0.45973448264035016, 0.5031098888532536, 0.5838564835690163, 0.6405977498035174, 0.6550047228465209, 0.6865501975690996, 0.7128545710363904, 0.7357042371421247, 0.7539949968859956, 0.7697339915745968, 0.7830859934156006, 0.794383676470937, 0.8039665721558236, 0.8120040643859554, 0.8187343055332029, 0.8221957288883828, 0.8277958019359691, 0.8328256031145921, 0.8374249560607446, 0.8418628074027397, 0.8460729702098949, 0.8500272096008867, 0.8536756066857157, 0.8562495805121757]
############## VALIDATION MEAN_IOU ############## 
[0.47675728973220377, 0.54423408648547, 0.6203861411880044, 0.6412406213143292, 0.6706646575647242, 0.6998823004610398, 0.7249509692192078, 0.7453139774939593, 0.7620518417919383, 0.7766336307806128, 0.7888731956481934, 0.7993869816555697, 0.8082612086744869, 0.8155478519551894, 0.8198187526534585, 0.8249510701964883, 0.8305773699984831, 0.8349481575629291, 0.8396365747732275, 0.8439533079371733, 0.8480458294644075, 0.8518551447812248, 0.8552909072707681, 0.8573090574320625]
############## TEST MEAN_IOU ############## 
0.8574206691799742
