############## TRAIN LOSS ############## 
[0.1841808207131721, 0.08592954607730782, 0.04717958334682358, 0.03790418188263838, 0.027160159287017746, 0.025567141739097802, 0.020894070659336204, 0.019423055500295515, 0.018862524582702364, 0.01757339032278774, 0.020433314773883368, 0.03463204043313257, 0.017910707043483853, 0.0159482983431804, 0.015148672250074309, 0.015787432052044047, 0.014401206730965626, 0.01464900206082274, 0.01657702773180161, 0.01419630677854592, 0.01590267745966746, 0.013664388459654071, 0.02477637107949704]
############## VALIDATION LOSS ############## 
[0.1792607877184363, 0.07232946004061137, 0.057602461098748094, 0.08979146708460416, 0.041487875339739466, 0.3109639392179601, 0.029508761349408066, 0.035370262668413276, 0.023174107458223316, 0.023639096988036352, 0.023338701192508724, 0.020776271491366273, 0.022085322998464108, 0.01631985596545479, 0.019251774010412833, 0.018221353399841225, 0.015411648461047341, 0.015124639249680674, 0.02306621762759545, 0.017765988376648986, 0.015359342783032096, 0.015889624818502104, 0.02212324979550698]
############## TEST LOSS ############## 
0.03568612394685095
############## TRAIN MEAN_IOU ############## 
[0.4606310230856006, 0.5043812458579605, 0.5911744969922144, 0.6499563842206388, 0.6923763884885891, 0.7253128717074523, 0.7472496419339567, 0.7673392118634405, 0.7836456363265579, 0.7969160188694258, 0.8078254626409428, 0.8132451055823146, 0.8194257230372042, 0.826841162265958, 0.833554824059074, 0.8393915033823734, 0.8446399726577707, 0.8494823913316469, 0.8535282297714336, 0.8572908502978247, 0.8606414150547337, 0.863852042201403, 0.8660049865374694]
############## VALIDATION MEAN_IOU ############## 
[0.4763640638659982, 0.5489118064151091, 0.6234445151160745, 0.67189060940462, 0.7106256274616017, 0.7367107342271244, 0.7577957195394179, 0.7759399343939388, 0.7904998975641587, 0.80262492684757, 0.811954982140485, 0.8156845359241262, 0.8231006439994363, 0.8302345065509572, 0.8365785023745369, 0.8419620289522058, 0.8470863244112801, 0.8516262243775761, 0.8553698448573842, 0.8590727728955886, 0.8621810183805578, 0.8653876010109397, 0.8664942839566399]
############## TEST MEAN_IOU ############## 
0.8668514284220609
