############## TRAIN LOSS ############## 
[0.2106392603568934, 0.16736787200175426, 0.14666798690686356, 0.1266825420379236, 0.09818410667011866, 0.06420371777101143, 0.04255640481573504, 0.03478321857196656, 0.027566575325673092, 0.02602139249368495, 0.022937623623481673, 0.021331480971688556, 0.02055441023706383, 0.020389172692179075, 0.017431311142580532, 0.019238745529405975, 0.01692845663244559, 0.017312058864312398, 0.01670443849021418, 0.01577926315744785, 0.015990045214248065, 0.014658553462878272]
############## VALIDATION LOSS ############## 
[0.1788308116443017, 0.17811411005609176, 0.14638484707650015, 0.2231426940244787, 0.22352824053343603, 0.07968786073958173, 0.12906251409474542, 0.08907751322669141, 0.02724135234294569, 0.091087456792593, 0.2584214705754729, 0.051666619475273526, 0.37478075307958264, 0.026022151605609584, 0.0269835377112031, 0.022671943694791374, 0.016538914786103892, 0.03276579038185232, 0.018156861858990264, 0.02015347028260722, 0.019127523143063572, 0.017749912023325178]
############## TEST LOSS ############## 
0.028634050194964265
############## TRAIN MEAN_IOU ############## 
[0.4601197894159201, 0.47207043742811355, 0.4720674455165863, 0.4727553105032122, 0.48021402350954107, 0.512003634829779, 0.5488455392218925, 0.5831590693544697, 0.6126277378282031, 0.6404257992634902, 0.6627509457034033, 0.6803257614374161, 0.6972381891431035, 0.7094197704179867, 0.722979345837155, 0.7350767601180721, 0.7454454757877298, 0.7553163327880807, 0.7637800888435261, 0.7717119402982093, 0.7789669048947256, 0.7855889563624924]
############## VALIDATION MEAN_IOU ############## 
[0.4724169654004714, 0.47227905427708344, 0.4721914915477528, 0.4741286197129418, 0.49277160798802094, 0.5298430744339439, 0.5669278186910293, 0.5983744333772099, 0.6271605211145738, 0.6517526402192957, 0.6718342549660626, 0.6890250444412231, 0.7035944672191844, 0.7162270195343915, 0.7291486789198482, 0.740205400130328, 0.7504110020749709, 0.7595369219779968, 0.7677690071218154, 0.7753593325614929, 0.7822364183033214, 0.7887126347597908]
############## TEST MEAN_IOU ############## 
0.7909348177187371
