############## TRAIN LOSS ############## 
[0.18293720373028033, 0.08594062728052204, 0.04620799368775978, 0.03138358821161091, 0.029906507587765117, 0.027816157215400726, 0.02108837032967524, 0.019686898613046552, 0.01869753685880553, 0.02476641451121887, 0.01758491963689291, 0.016321536169286718, 0.016329871849282772, 0.016564066946582013, 0.014985740880129507, 0.01582933172923387, 0.01726648966290963, 0.017596975922257313, 0.014804417707932156, 0.014082294882501702, 0.015268322577498652, 0.014437365141143469, 0.013803020207765134, 0.013954395044443978, 0.021143723332725867, 0.013930921782613606, 0.014414687411280701, 0.013617332417492729, 0.013228213949431036, 0.012655375226451134]
############## VALIDATION LOSS ############## 
[0.2557653705863392, 0.09892038913334117, 0.07655437093447237, 0.06982205972513732, 0.05339663245660417, 0.04734027571976185, 0.02557348131256945, 0.027944177224793854, 0.049515186206382865, 0.02314227490740664, 0.020901708370622468, 0.0182025247691747, 0.017345931107068762, 0.015587255221736781, 0.01601535128429532, 0.016127960564678207, 0.015749483122764266, 0.017594161251669422, 0.01519256635733387, 0.014636542702860692, 0.017797420677893302, 0.01318069377585369, 0.013924907646415866, 0.017239800407825148, 0.012600576340713921, 0.013722824617562926, 0.015619460438542506, 0.014318785164505243, 0.01424164675614413, 0.013892751187086105]
############## TEST LOSS ############## 
0.03855527004960811
############## TRAIN MEAN_IOU ############## 
[0.46005497762077563, 0.5036417950649519, 0.5859847048649917, 0.6491745851329855, 0.694418355017095, 0.7251101422148782, 0.749259809787209, 0.7697065673969887, 0.7858043494256767, 0.79703213677213, 0.8067422541412147, 0.816614218660303, 0.8250546040567192, 0.8319973039465982, 0.8382893051650073, 0.8438562255453419, 0.8484316621277783, 0.8524674064404255, 0.8562386499063389, 0.8600547821135134, 0.8633795219498712, 0.8664197692194501, 0.8692390439478127, 0.8719562038376525, 0.8738053851836437, 0.8756710496303197, 0.8778353458320772, 0.8796916881928573, 0.8816261065972818, 0.883481960038881]
############## VALIDATION MEAN_IOU ############## 
[0.4752910224830403, 0.5446275157086989, 0.6206303659607383, 0.6747367557357339, 0.7109350176418529, 0.7376556887346155, 0.7600970618865069, 0.7782040448749766, 0.7923039688783533, 0.8014341136988472, 0.8117778055808124, 0.8209434782757479, 0.8286527570556191, 0.8351614860927358, 0.8411898753222298, 0.8462384273024166, 0.8504287670640385, 0.8541820540147669, 0.8581374077235951, 0.8617594838142395, 0.8648558819995207, 0.8678147442200604, 0.8705878152566797, 0.8731366641381207, 0.8745106002863716, 0.876751654288348, 0.8787255672847524, 0.8806339467273039, 0.8825226987109465, 0.8843613091637107]
############## TEST MEAN_IOU ############## 
0.8846090804446828
