############## TRAIN LOSS ############## 
[0.19582454824971185, 0.10622169598433617, 0.053740102860673856, 0.036098536808748506, 0.028168574881714745, 0.03080450523820882, 0.022664517088717705, 0.01982667006086558, 0.018630446667933988, 0.017499877470293763, 0.020003975085863792, 0.017244722716183075, 0.020059481316648826, 0.016968132509547915, 0.015009752194699202, 0.014669491541320207, 0.014217170257423375, 0.01629422841329329, 0.0154928616185144, 0.18019330711418613, 0.16561628500553402, 0.15856974863925496]
############## VALIDATION LOSS ############## 
[0.15244360224289052, 0.12224643984261681, 0.05773197552737068, 0.042292109964524996, 0.037943119237966394, 0.048783457564080465, 0.024480518063201624, 0.04883234739741858, 0.02383270799456274, 0.021610019125920886, 0.03327330251169555, 0.019630142651936588, 0.01618692188468926, 0.018410242299604064, 0.01809941106201971, 0.016316133633475092, 0.014666177332401276, 0.019961156252333346, 0.016881312407991466, 0.17130511517033858, 0.16539493992048152, 0.15814370004569783]
############## TEST LOSS ############## 
0.1485210437666286
############## TRAIN MEAN_IOU ############## 
[0.46179120574851296, 0.4858645414178436, 0.5506906738957843, 0.6186818710050067, 0.6683092717383359, 0.7031212420882406, 0.7291122441356247, 0.7516087901753348, 0.7692207673916945, 0.7840837928894404, 0.7961749623756151, 0.80605823888972, 0.8142926402994104, 0.8218731505645288, 0.8289305346237646, 0.8352937774883734, 0.8409886549453478, 0.846112846925452, 0.8499661889430639, 0.8451518106299478, 0.827557356776418, 0.8115171242404629]
############## VALIDATION MEAN_IOU ############## 
[0.477591170984156, 0.5090087652206421, 0.5877295101390165, 0.6458539366722107, 0.6880471811575049, 0.716092586517334, 0.7408364941092098, 0.7608498089453753, 0.7769951049019309, 0.7904942631721497, 0.8009491983581992, 0.8105871011229122, 0.8181683911996729, 0.8254104642307057, 0.8321389696177315, 0.8381452946101918, 0.8435708319439608, 0.8479172482210047, 0.8519714439616484, 0.8363379695836235, 0.8195191516595728, 0.804182255969328]
############## TEST MEAN_IOU ############## 
0.7970024596561085
