############## TRAIN LOSS ############## 
[0.20179910998086673, 0.10067313768573709, 0.044598122895066, 0.032251408581647115, 0.026770692457117745, 0.03227154866515382, 0.024466901023343608, 0.020272376050392317, 0.018709587738723367, 0.017581181279761163, 0.0186356533589345, 0.015983664087724645, 0.017048182617243682, 0.016874199025207072, 0.014828134608152951, 0.03565491247305495, 0.035212570920938976]
############## VALIDATION LOSS ############## 
[0.23090525585062363, 0.13005256696658976, 0.1370059015119777, 0.11895052212126114, 0.14470458951066523, 0.03340156929677024, 0.026536276344867313, 0.0406211353290607, 0.022599263335852063, 0.027326046160477048, 0.018777112202609286, 0.017712613814236486, 0.025488533134407857, 0.020726418834837043, 0.017762305023258224, 0.10271203715135069, 0.028021406437105992]
############## TEST LOSS ############## 
0.04403371923800671
############## TRAIN MEAN_IOU ############## 
[0.45949664319286476, 0.4870060887691137, 0.5716900998676145, 0.6369802448395137, 0.6789549605266468, 0.7097652522293297, 0.7325756352495503, 0.7545367124918345, 0.7723379368717606, 0.7872405837516527, 0.7987319903599249, 0.8090615437642948, 0.8177926069175875, 0.8249691930171605, 0.8318417813326862, 0.8375650567782892, 0.8341126679568678]
############## VALIDATION MEAN_IOU ############## 
[0.47212594747543335, 0.5243204726892359, 0.6081632691271165, 0.660673390416538, 0.6968753302798552, 0.7212123379987829, 0.7439979595296523, 0.7638388521531049, 0.7800946586272296, 0.7933907859465655, 0.8039132917628569, 0.8136983268401202, 0.8215909705442541, 0.8283749923986548, 0.8349926121094647, 0.8357142770991606, 0.8351594560286578]
############## TEST MEAN_IOU ############## 
0.8351678696545688
