############## TRAIN LOSS ############## 
[0.19513009720154711, 0.1278214799995358, 0.0709800723738767, 0.04814992311435777, 0.037904228939599285, 0.029047987260226463, 0.03272994722214502, 0.02447408951214842, 0.022210527588990895, 0.021297969515561253, 0.020779245809928792, 0.017872950716598612, 0.01708381765245183, 0.015976654856490927, 0.015354077017085778, 0.015783470539325797, 0.014735607191215496, 0.014438422598146103, 0.014625759581355629, 0.015478622948599828, 0.014332992679162606, 0.015669467858970165, 0.0146207937756805, 0.013482319908468304, 0.013393047737662454, 0.013165844031735449, 0.012723152613821061, 0.012782789508786958, 0.012658749895824774, 0.012869622747136935]
############## VALIDATION LOSS ############## 
[0.5690925577107597, 0.6509832599583794, 0.4431561231613159, 0.4349445279906778, 0.48772602922776165, 0.5908787005087909, 0.20178619027137756, 0.3486575501806596, 0.1796527163070791, 0.053801719975822115, 0.33337082231746, 0.4564147486406214, 0.42844391920987296, 0.31621113945456114, 0.4409241991884568, 0.4243442433721879, 0.406668880406548, 0.19024468081838944, 0.39715853508780985, 0.3180188957382651, 0.21958423011443196, 0.36229919335421396, 0.3975413634496577, 0.11705529470654095, 0.15810268766739788, 0.1985704539453282, 0.26393189763321595, 0.20489869573537042, 0.11760939109851332, 0.4791529318865608]
############## TEST LOSS ############## 
0.9639074325561523
############## TRAIN MEAN_IOU ############## 
[0.4628761189209448, 0.47590156261985367, 0.5036216583606359, 0.5623785853385925, 0.6064529338398496, 0.639810575826748, 0.6640930949030696, 0.6852957179417482, 0.7033657077196482, 0.7204260511978252, 0.7358422376014091, 0.7461603614124092, 0.7544572176160039, 0.7620126484213648, 0.7697822193841677, 0.7755188080104621, 0.7808341617519791, 0.7861491014828553, 0.7919320834649576, 0.7959734346415546, 0.8002463716107446, 0.804447824085081, 0.8076896925230284, 0.8105304466711508, 0.8146440878107741, 0.8182397436451267, 0.8215330766664969, 0.8244779899313643, 0.827240247178722, 0.830287726344289]
############## VALIDATION MEAN_IOU ############## 
[0.4628761189209448, 0.47590156261985367, 0.5036216583606359, 0.5623785853385925, 0.6064529338398496, 0.639810575826748, 0.6640930949030696, 0.6852957179417482, 0.7033657077196482, 0.7204260511978252, 0.7358422376014091, 0.7461603614124092, 0.7544572176160039, 0.7620126484213648, 0.7697822193841677, 0.7755188080104621, 0.7808341617519791, 0.7861491014828553, 0.7919320834649576, 0.7959734346415546, 0.8002463716107446, 0.804447824085081, 0.8076896925230284, 0.8105304466711508, 0.8146440878107741, 0.8182397436451267, 0.8215330766664969, 0.8244779899313643, 0.827240247178722, 0.830287726344289]
############## TEST MEAN_IOU ############## 
0.8233827594554786
