############## TRAIN LOSS ############## 
[0.2013552173770763, 0.1343725734465831, 0.09926356199021275, 0.055977749764113814, 0.04166069513539205, 0.03176592100361312, 0.026403129503533646, 0.023956619857533556, 0.02212099700763419, 0.020063319835006387, 0.019577128145642376, 0.019026119828324865, 0.018516887017097826, 0.016198203320036065, 0.015420490787742106, 0.016281916281661472, 0.01459082101496893, 0.01478936946069872, 0.014358679656996517, 0.014290431237502678, 0.014683236342829626, 0.013960210272941637, 0.01474002400740377, 0.01415278437874607, 0.013755197101901914, 0.013163166989043757, 0.013006195948283011, 0.013018833636935498, 0.013037865817848895, 0.019175055587815272, 0.014347316722410757, 0.013107727508287172, 0.013006600582770802, 0.01248847067708502, 0.012406425550580025, 0.01214834042774463, 0.012171822990215308, 0.16847788122155377, 0.09509065651611702, 0.06384439766407013, 0.05161142454960862, 0.04761382600141538, 0.0444450639943416]
############## VALIDATION LOSS ############## 
[0.21054905652999878, 0.5926507395856521, 0.29969124057713675, 0.5954887060558095, 0.37405495959169727, 0.8075161646394169, 0.6370419579393723, 0.7729434791733237, 0.7524735962643343, 0.6485170125961304, 0.6944336400312536, 0.2820135854622897, 0.4404779637561125, 0.873827173429377, 0.29938222204937653, 0.35018913535510793, 0.3544134480111739, 0.15451716281035366, 0.174578598316978, 0.3732086858328651, 0.12869169650708928, 0.16069847257698283, 0.06545108271872296, 0.14633329519454172, 0.3863487243652344, 0.293323996312478, 0.12182858148041893, 0.2259830736062106, 0.09401122699765598, 0.12272032744744245, 0.22502454677048853, 0.40195001574123607, 0.17274982131579342, 0.13012029581210194, 0.10084299874656341, 0.13733935531447916, 0.4955175799482009, 0.22981557775946224, 0.14427613554631963, 0.10063632139388252, 0.16213875220102422, 0.18404536299845753, 0.14146221341455684]
############## TEST LOSS ############## 
0.12439017846728816
############## TRAIN MEAN_IOU ############## 
[0.46282101442685, 0.4732005853910704, 0.48405140759171666, 0.527563876799635, 0.5736023968941456, 0.6127330918569822, 0.6406406607176807, 0.6645360025199684, 0.682737652514432, 0.6971787254552584, 0.7097521367910746, 0.7195728912546828, 0.7307386937979106, 0.7399458442185376, 0.7459989697546572, 0.7543307421980677, 0.7616345052783554, 0.7681910129817756, 0.7751891645225318, 0.7812392639147269, 0.7857451358356992, 0.7913233210911622, 0.7962700780984517, 0.8011437501456287, 0.8054136972169619, 0.8084723063417383, 0.8117518167237978, 0.8155401107427236, 0.8185940900364438, 0.8216496544915277, 0.8243138073263941, 0.8267937423409643, 0.8287049072819788, 0.8310355842113495, 0.8335133629876215, 0.8359497713076102, 0.8381770398165729, 0.8351149365708634, 0.8273053161195807, 0.8230453246348614, 0.8210637464716628, 0.8199278059843425, 0.8188028923563055]
############## VALIDATION MEAN_IOU ############## 
[0.46282101442685, 0.4732005853910704, 0.48405140759171666, 0.527563876799635, 0.5736023968941456, 0.6127330918569822, 0.6406406607176807, 0.6645360025199684, 0.682737652514432, 0.6971787254552584, 0.7097521367910746, 0.7195728912546828, 0.7307386937979106, 0.7399458442185376, 0.7459989697546572, 0.7543307421980677, 0.7616345052783554, 0.7681910129817756, 0.7751891645225318, 0.7812392639147269, 0.7857451358356992, 0.7913233210911622, 0.7962700780984517, 0.8011437501456287, 0.8054136972169619, 0.8084723063417383, 0.8117518167237978, 0.8155401107427236, 0.8185940900364438, 0.8216496544915277, 0.8243138073263941, 0.8267937423409643, 0.8287049072819788, 0.8310355842113495, 0.8335133629876215, 0.8359497713076102, 0.8381770398165729, 0.8351149365708634, 0.8273053161195807, 0.8230453246348614, 0.8210637464716628, 0.8199278059843425, 0.8188028923563055]
############## TEST MEAN_IOU ############## 
0.8159752531485124
