############## TRAIN LOSS ############## 
[0.19844456913100705, 0.14043361109656258, 0.09687524767139473, 0.053882476370278244, 0.04536147966880251, 0.033115512339045874, 0.027482355655347172, 0.022852551380826813, 0.02195002547641461, 0.02011816475439716, 0.0197142267574531, 0.018886562864724045, 0.017109878839471855, 0.016851885659569823, 0.015365197965120142, 0.01853714247762754, 0.016277452339292377, 0.01541018213548169, 0.014834333154549068, 0.014177176648297825, 0.01410961917576355, 0.013674738804331503, 0.013961642804379398, 0.013294950335261386, 0.013928101643466868, 0.11479226787373223, 0.03164396392231857, 0.020768108601505693, 0.016898245198299754, 0.015245416239407417, 0.015423660204317924, 0.014454193790820805, 0.013951148982537357, 0.013830634003907844, 0.014288376028825706, 0.014215514831546996, 0.01334947591169259, 0.013305739782800948, 0.01311311631690006, 0.012969027676091, 0.012936302832000562, 0.012883981759030674, 0.012600992107763886, 0.012588556138546887, 0.012715797638520598]
############## VALIDATION LOSS ############## 
[0.36623532456510205, 0.6037397559951333, 0.5760761885082021, 0.6228391878745135, 0.87844077278586, 0.5482839275808895, 0.775024719098035, 0.6412951525519875, 0.8746595733305987, 0.8370056713328642, 0.9653298924950993, 0.375044303781846, 0.9419317455852733, 0.5853874192518347, 0.0855631216922227, 0.5550870018846848, 0.22377326909233541, 1.0393542822669535, 0.41763066368944507, 0.2847488242037156, 0.5678673386573792, 0.36593189134317283, 0.6937664922545937, 0.26970335665871115, 0.019953389652073383, 0.0682170842500294, 0.07741236445658348, 0.056514980161891264, 0.21323501099558437, 0.08545522523276947, 0.06332547721617363, 0.08676884761627983, 0.07543527510236292, 0.061521418392658234, 0.02681246427271296, 0.030890313908457756, 0.04532980524441775, 0.03924064634039121, 0.02986783194629585, 0.02988414082895307, 0.03617603068842607, 0.029942672535338822, 0.02537437084623996, 0.023282027200740928, 0.034883763641119]
############## TEST LOSS ############## 
0.07371464364907958
############## TRAIN MEAN_IOU ############## 
[0.4628291335460302, 0.47239848608906204, 0.48381848150008433, 0.5240088495853785, 0.568561898695456, 0.5986870164806778, 0.6263581361319568, 0.6471357240870192, 0.6662313680391054, 0.6805114262812847, 0.6925543578895362, 0.7019868340041187, 0.7137989474309457, 0.7203885630981343, 0.7292508571534544, 0.7392945225174362, 0.7457621935251597, 0.7534408883468525, 0.7570071204288585, 0.7628885853934932, 0.7687043233497722, 0.7728877864979409, 0.7776755658355919, 0.7808661146743877, 0.7853504145467604, 0.7850064514456568, 0.7833100943951994, 0.7862437246619044, 0.7899723882610733, 0.7931447327136993, 0.7966670353670378, 0.8000902759062277, 0.8032894005646577, 0.8064235996555638, 0.8094063240128595, 0.8123297119462812, 0.8152047838713672, 0.8179293653449496, 0.8205139387298275, 0.8230505980349876, 0.825511933178515, 0.8277906662709004, 0.8300346740194269, 0.8322139172940641, 0.8342978011917423]
############## VALIDATION MEAN_IOU ############## 
[0.4628291335460302, 0.47239848608906204, 0.48381848150008433, 0.5240088495853785, 0.568561898695456, 0.5986870164806778, 0.6263581361319568, 0.6471357240870192, 0.6662313680391054, 0.6805114262812847, 0.6925543578895362, 0.7019868340041187, 0.7137989474309457, 0.7203885630981343, 0.7292508571534544, 0.7392945225174362, 0.7457621935251597, 0.7534408883468525, 0.7570071204288585, 0.7628885853934932, 0.7687043233497722, 0.7728877864979409, 0.7776755658355919, 0.7808661146743877, 0.7853504145467604, 0.7850064514456568, 0.7833100943951994, 0.7862437246619044, 0.7899723882610733, 0.7931447327136993, 0.7966670353670378, 0.8000902759062277, 0.8032894005646577, 0.8064235996555638, 0.8094063240128595, 0.8123297119462812, 0.8152047838713672, 0.8179293653449496, 0.8205139387298275, 0.8230505980349876, 0.825511933178515, 0.8277906662709004, 0.8300346740194269, 0.8322139172940641, 0.8342978011917423]
############## TEST MEAN_IOU ############## 
0.834710046378049
