############## TRAIN LOSS ############## 
[0.19850618130451925, 0.13338053337222822, 0.07252093127651794, 0.05257452873362077, 0.03651366131128492, 0.030359322784116138, 0.02448103194301193, 0.02217131109304122, 0.020981970935355167, 0.020177204552031047, 0.03216462690584563, 0.020452998855428117, 0.01745107105454883, 0.0173344239214989, 0.015711275155882578, 0.01568086537205287, 0.014822537935263402, 0.014897103547244458, 0.015119000438701463, 0.014155983585058837, 0.013997897014928025, 0.014568182834851983, 0.014328609132585494, 0.013556291242255955, 0.013498600553469482, 0.012944778138016528, 0.013974357610316696, 0.013653727172798402, 0.013135793335685457, 0.013885126839316374, 0.013920233226255388, 0.012978938534050374, 0.01456002818068137, 0.013755146300772557, 0.012996979963940542, 0.01242773120945974, 0.012528153948133459, 0.012284505621504944, 0.01230195551682767, 0.01235035081972947, 0.012130245258024818, 0.16748084168176394, 0.16905269993318095, 0.13639589288347476, 0.11662718502653611, 0.10982689382256688, 0.10377088551585739, 0.09969886150714513, 0.09659366430463018, 0.09439909156109835, 0.09243562319190116, 0.08810653331110606, 0.08613522728351322, 0.08410229493637343]
############## VALIDATION LOSS ############## 
[0.34169239857617545, 0.5853652568424449, 0.848580704015844, 0.43417814023354473, 0.5894327619496513, 0.5996597689740798, 0.5689621217110578, 0.8165682519183439, 0.39919445269248066, 0.42112916532684774, 0.2599462340859806, 0.5928873805438771, 0.8241467265521779, 0.6474586760296541, 0.3712026248959934, 0.7442680562243742, 0.7541123979231891, 0.17767004405750947, 0.27468451857566833, 0.5679294712403241, 0.5982571770163143, 0.31280844702440147, 0.49548278486027436, 0.12106709576704923, 0.16909330469720504, 0.3240228996557348, 0.4599781053907731, 0.22014376696418314, 0.3378123693606433, 0.1643238242934732, 0.22111247567569509, 0.13468590510242126, 0.2197452476795982, 0.04522088980850052, 0.0833628791220048, 0.09180519466891009, 0.10797617190024432, 0.10785955672754961, 0.06674628923921024, 0.04525889478185598, 0.07556715235114098, 0.1799630286062465, 0.18974299027639277, 0.20531300060889301, 0.14413877006839304, 0.17006735854289112, 0.15604536848909714, 0.15880781324470744, 0.1454194153056425, 0.13506800681352615, 0.12737754118793151, 0.1303916757597643, 0.1215348730192465, 0.11986911603633095]
############## TEST LOSS ############## 
0.11161258356137709
############## TRAIN MEAN_IOU ############## 
[0.46283034416469365, 0.4738068306768263, 0.5048170125967747, 0.5527802536616454, 0.5951211500812221, 0.627977052250424, 0.6532543011613794, 0.674216632907455, 0.6889767815937867, 0.7037282980777122, 0.7153128723840456, 0.7246127644100705, 0.7329911388255455, 0.7391974039979883, 0.7460688070670979, 0.7535029891374949, 0.7588156018708203, 0.7635830801886481, 0.7702856531014314, 0.775985902225649, 0.7802272318182765, 0.7836794796827677, 0.788053973301037, 0.7913319645701228, 0.7961120307445526, 0.8002372440454122, 0.8035312713803472, 0.8063911135132248, 0.8096967299242277, 0.8123146295547485, 0.8152989640429213, 0.8180768119322287, 0.8209575752954226, 0.8229832367317097, 0.8258441203349346, 0.8284493016230093, 0.8308968962849798, 0.8331376853826884, 0.8353157333425574, 0.8375371549580548, 0.8397327645404918, 0.8388352667963183, 0.831094844115747, 0.8235537957500767, 0.8164365774876362, 0.810136336732555, 0.8043972535713299, 0.7992455008867625, 0.7945028793167423, 0.7901580615623577, 0.786132341301119, 0.7823873073668093, 0.7789497915151957, 0.7757878182707606]
############## VALIDATION MEAN_IOU ############## 
[0.46283034416469365, 0.4738068306768263, 0.5048170125967747, 0.5527802536616454, 0.5951211500812221, 0.627977052250424, 0.6532543011613794, 0.674216632907455, 0.6889767815937867, 0.7037282980777122, 0.7153128723840456, 0.7246127644100705, 0.7329911388255455, 0.7391974039979883, 0.7460688070670979, 0.7535029891374949, 0.7588156018708203, 0.7635830801886481, 0.7702856531014314, 0.775985902225649, 0.7802272318182765, 0.7836794796827677, 0.788053973301037, 0.7913319645701228, 0.7961120307445526, 0.8002372440454122, 0.8035312713803472, 0.8063911135132248, 0.8096967299242277, 0.8123146295547485, 0.8152989640429213, 0.8180768119322287, 0.8209575752954226, 0.8229832367317097, 0.8258441203349346, 0.8284493016230093, 0.8308968962849798, 0.8331376853826884, 0.8353157333425574, 0.8375371549580548, 0.8397327645404918, 0.8388352667963183, 0.831094844115747, 0.8235537957500767, 0.8164365774876362, 0.810136336732555, 0.8043972535713299, 0.7992455008867625, 0.7945028793167423, 0.7901580615623577, 0.786132341301119, 0.7823873073668093, 0.7789497915151957, 0.7757878182707606]
############## TEST MEAN_IOU ############## 
0.7720302166360797
