############## TRAIN LOSS ############## 
[0.2236266011321867, 0.17852978811070724, 0.17444411886704936, 0.1442779685194428, 0.12245455585621498, 0.14269786146846977, 0.08940059349343583, 0.0679396036508921, 0.05793548385436471, 0.04353879135404084, 0.04003024373102833, 0.03500300338743506, 0.029559364542365074, 0.027626778980767406, 0.024155738461460616, 0.021221313852112036, 0.020028655417263508, 0.019441336569552485, 0.017845395826608747, 0.017313651060937223, 0.01697868327736049]
############## VALIDATION LOSS ############## 
[0.18407603134127223, 0.21833028600496404, 0.2766958738074583, 0.4670426863081315, 0.4819014493156882, 0.3655371297808254, 0.32394273666774526, 0.40132095533258777, 0.47007306183085723, 0.45985677137094383, 0.37745962248129006, 0.3937952045132132, 0.4508583738523371, 0.32261932246825276, 0.517600904492771, 0.6500654746504391, 0.49867674182443056, 0.4358864023404963, 0.45481036515796885, 0.4209963083267212, 0.3563573658466339]
############## TEST LOSS ############## 
0.41628049779118914
############## TRAIN MEAN_IOU ############## 
[0.4531363941527702, 0.47166589305207535, 0.47213974272882614, 0.47297654441885045, 0.47618631414465, 0.48130793587581533, 0.4854880426381085, 0.5044415053483602, 0.5261457997399408, 0.5472815358960951, 0.5678251997844593, 0.5863368333996953, 0.6030008986189559, 0.6183928654000566, 0.6325837164311796, 0.6449854535025519, 0.6559386801075291, 0.6664751349268733, 0.6765051274686247, 0.6853243692501171, 0.6938129711795498]
############## VALIDATION MEAN_IOU ############## 
[0.4531363941527702, 0.47166589305207535, 0.47213974272882614, 0.47297654441885045, 0.47618631414465, 0.48130793587581533, 0.4854880426381085, 0.5044415053483602, 0.5261457997399408, 0.5472815358960951, 0.5678251997844593, 0.5863368333996953, 0.6030008986189559, 0.6183928654000566, 0.6325837164311796, 0.6449854535025519, 0.6559386801075291, 0.6664751349268733, 0.6765051274686247, 0.6853243692501171, 0.6938129711795498]
############## TEST MEAN_IOU ############## 
0.6919915705016165
