############## TRAIN LOSS ############## 
[0.22325848365152204, 0.1944936683049073, 0.17559711514292536, 0.16095281211105553, 0.15270806446268753, 0.14506824717328354, 0.12351297446199365, 0.10025079528222212, 0.10185241115254325, 0.07639744364329286, 0.05571894458419568, 0.04408708541981272, 0.036112138598754596, 0.03193529297572535, 0.031100098245047236, 0.02796083129942417, 0.024370134153680223, 0.023761396397005866, 0.02000193962374249, 0.01877275114325253, 0.018456359645603476, 0.017548057603070866, 0.01706105757605385, 0.016181664692389, 0.015949026303919586, 0.016336075433001324, 0.015676057922679024, 0.015145947779151233, 0.014763270555114423, 0.014543031140960552, 0.01568207104463835, 0.014411184659882172, 0.013763051291273252, 0.013407336145236686, 0.01796645250775524, 0.0159903721682526, 0.01459608763154294, 0.013748960645013564, 0.013711977322157976, 0.012986263788833812, 0.01283744426846907, 0.01261985205063546, 0.01241407055105712, 0.012643396250299505, 0.01257158156383682, 0.01256493156826174, 0.012250055382783348, 0.012288270115449623, 0.012151252201481446, 0.012056807131582015, 0.01204891544389161, 0.011782039296687455, 0.011708904812867576, 0.011775007093879016, 0.01165471794838841, 0.011930884365495798, 0.011538686683854542, 0.011339882464223617, 0.01146858448565409, 0.011335520086356916, 0.011345869483979972, 0.0113279706345418, 0.01122289038942875, 0.01135217769675561, 0.011213781488304203, 0.07636381074081401, 0.1845270733575563, 0.17577195046721278, 0.1701211578942634, 0.16595103772910866]
############## VALIDATION LOSS ############## 
[0.18292767335386836, 0.18653504988726446, 0.2662612103364047, 0.21367423411677866, 0.32420046013944287, 0.3089389503002167, 0.3753914009122288, 0.5829154708806206, 0.599311912761015, 0.3590669246280895, 0.32042397646343007, 0.24807962599922628, 0.32163546190542336, 0.30110616719021516, 0.25982409890960245, 0.31076251583940845, 0.26487508153214173, 0.40305604829507713, 0.22631323337554932, 0.17157541566035328, 0.21373823548064513, 0.27223259736509886, 0.1909233305384131, 0.3060629104866701, 0.14852827787399292, 0.07963167152860585, 0.07888166847474434, 0.2118039525607053, 0.07278356547741328, 0.07680089574526339, 0.09767218460054959, 0.09499504592488794, 0.056528233539532215, 0.056764716282486916, 0.09066775397342794, 0.04429430887103081, 0.36157405902357664, 0.07350670436725897, 0.05567829420461374, 0.034873677143717516, 0.03327079204952016, 0.05064805640893824, 0.04569107765222297, 0.0390922032734927, 0.026761535007287476, 0.0298417080193758, 0.03127384054310182, 0.025265006896327522, 0.032110988984213155, 0.02176985254182535, 0.029981213457444134, 0.03286170313025222, 0.02955806945614955, 0.022993674611344057, 0.03620784746154266, 0.03376875127501348, 0.02614529080250684, 0.03072879496304428, 0.02227178555639351, 0.026978220681057256, 0.026948827866683987, 0.03535769266240737, 0.03148516037446611, 0.034490184420171904, 0.03765976385158651, 0.1929333919987959, 0.19029243202770457, 0.18067623499561758, 0.17471018521224752, 0.1708402659963159]
############## TEST LOSS ############## 
0.1614600401484605
############## TRAIN MEAN_IOU ############## 
[0.45309946988079997, 0.47198685681497726, 0.4721246369787165, 0.4723616782072428, 0.47234178717071945, 0.4726811526594935, 0.4735774824748168, 0.4789411071184519, 0.4887626332205695, 0.4959344517540287, 0.511949131617675, 0.5309123058576841, 0.550345279075004, 0.5689142588022593, 0.5853866983104397, 0.6001368277781719, 0.6138936168438679, 0.6269927604778393, 0.638675836292473, 0.650138076898214, 0.661080418406306, 0.6708407112070032, 0.6800231724172026, 0.6888425140767485, 0.696633928530925, 0.704513617464014, 0.7121565696355459, 0.7191298781214533, 0.7250773777832856, 0.7314251596863205, 0.7372757663597932, 0.742481404059642, 0.7476531476587862, 0.7527287618533985, 0.7574812689343015, 0.7612835732666222, 0.7654952648523692, 0.7686741142659574, 0.7724557599505862, 0.7761679952209061, 0.7798340868305516, 0.7833708637469524, 0.7866616200756382, 0.7898630564277237, 0.7929508879378036, 0.7959398965577822, 0.7987833087508743, 0.801527430882325, 0.8042113265475711, 0.8067665406175561, 0.8092737069001069, 0.8116614979666632, 0.8139692061656231, 0.8161959245398238, 0.8183691920460882, 0.82039771208892, 0.8223654434487626, 0.8243313512286624, 0.8262055500133617, 0.828061954395191, 0.829848998301738, 0.8315791101069063, 0.8332632522325258, 0.8348745784244022, 0.836436157291, 0.8377046423989374, 0.8340183995865487, 0.8288855665438885, 0.8238975840645868, 0.8190471384976361]
############## VALIDATION MEAN_IOU ############## 
[0.45309946988079997, 0.47198685681497726, 0.4721246369787165, 0.4723616782072428, 0.47234178717071945, 0.4726811526594935, 0.4735774824748168, 0.4789411071184519, 0.4887626332205695, 0.4959344517540287, 0.511949131617675, 0.5309123058576841, 0.550345279075004, 0.5689142588022593, 0.5853866983104397, 0.6001368277781719, 0.6138936168438679, 0.6269927604778393, 0.638675836292473, 0.650138076898214, 0.661080418406306, 0.6708407112070032, 0.6800231724172026, 0.6888425140767485, 0.696633928530925, 0.704513617464014, 0.7121565696355459, 0.7191298781214533, 0.7250773777832856, 0.7314251596863205, 0.7372757663597932, 0.742481404059642, 0.7476531476587862, 0.7527287618533985, 0.7574812689343015, 0.7612835732666222, 0.7654952648523692, 0.7686741142659574, 0.7724557599505862, 0.7761679952209061, 0.7798340868305516, 0.7833708637469524, 0.7866616200756382, 0.7898630564277237, 0.7929508879378036, 0.7959398965577822, 0.7987833087508743, 0.801527430882325, 0.8042113265475711, 0.8067665406175561, 0.8092737069001069, 0.8116614979666632, 0.8139692061656231, 0.8161959245398238, 0.8183691920460882, 0.82039771208892, 0.8223654434487626, 0.8243313512286624, 0.8262055500133617, 0.828061954395191, 0.829848998301738, 0.8315791101069063, 0.8332632522325258, 0.8348745784244022, 0.836436157291, 0.8377046423989374, 0.8340183995865487, 0.8288855665438885, 0.8238975840645868, 0.8190471384976361]
############## TEST MEAN_IOU ############## 
0.8143323378129439
