############## TRAIN LOSS ############## 
[0.22460214592315056, 0.20021307105953629, 0.18927630621033745, 0.16991342201426224, 0.14867247782043508, 0.12147787897973447, 0.08827325278842771, 0.06918226081777264, 0.05363601274989747, 0.043251803346179625, 0.034965718567774105, 0.031265866867191086, 0.028449354290559486, 0.024114885317111336, 0.022881545982248074, 0.02031996161551089, 0.02043736632913351, 0.018118712975568062, 0.017415045559204912, 0.017076080388112647, 0.016564902899837173, 0.015790757093880628, 0.015924583264702075, 0.015440063651751828, 0.014388924540096038, 0.014550448747704158, 0.01449726041205026, 0.014691506487292212, 0.014630367123597377, 0.014838931654152033, 0.017575689012537133, 0.014718063276361775, 0.013658652963066424, 0.013077641711444469, 0.013407028330540334, 0.013089537872253237, 0.013197940258258904, 0.012710756974647174, 0.012645414375976936, 0.012435018135285055, 0.012303572827698412, 0.012319455074297415, 0.012210498047942246, 0.012150717345443932, 0.012086882658705517, 0.012263089342898614, 0.011744913519234271, 0.044356939609389044, 0.690845713019371, 0.9027175484476863, 0.9027239277556136, 0.9027387499809265, 0.9028067314946974, 0.9027588109712343, 0.9029068592432383, 0.902626983217291, 0.9027628383120975, 0.9026334897891896, 0.9027963473990157, 0.902597772108542, 0.9027863708702294, 0.9027660183004431, 0.9027306985210728, 0.9025290817827791, 0.9026981592178345, 0.9028752816689981, 0.9026862543982428]
############## VALIDATION LOSS ############## 
[0.2047628856757108, 0.23019896622966318, 0.18398679880534902, 0.1761704402811387, 0.30469709810088663, 0.2332400407861261, 0.686675159370198, 0.4296673413585214, 0.27935245983740864, 0.6477373487809125, 0.3258625970167272, 0.15527804634150336, 0.1767085553968654, 0.1533681539928212, 0.36718758064157825, 0.20006526568356683, 0.13065723768051932, 0.1694177327787175, 0.2431446927435258, 0.07455885497962728, 0.0823507712167852, 0.08993909354595576, 0.2613951370996587, 0.03806077568408321, 0.052073855939156866, 0.04971236176788807, 0.08701260519378326, 0.04937753059408244, 0.035528481718810165, 0.03638583695625558, 0.05269414602833636, 0.03253656308002332, 0.035078950774143726, 0.027198073070715454, 0.07225527373306892, 0.02147419936954975, 0.040777396191568935, 0.034543557530816865, 0.028512979802839896, 0.026454692158628914, 0.030217932537198067, 0.026417798746158096, 0.03159411854165442, 0.024016245323068956, 0.02121767505784245, 0.0317194524275906, 0.019891236251329675, 0.19511926261817708, 0.940525026882396, 0.940525026882396, 0.940525026882396, 0.940525026882396, 0.940525026882396, 0.940525026882396, 0.940525026882396, 0.940525026882396, 0.940525026882396, 0.940525026882396, 0.940525026882396, 0.940525026882396, 0.940525026882396, 0.940525026882396, 0.940525026882396, 0.940525026882396, 0.940525026882396, 0.940525026882396, 0.940525026882396]
############## TEST LOSS ############## 
0.8556377938299468
############## TRAIN MEAN_IOU ############## 
[0.453140256372658, 0.4716801007051726, 0.47185151641433304, 0.471880279682778, 0.47202299897735184, 0.4740759690065642, 0.4827930170136529, 0.5016011418523015, 0.5235206935856793, 0.5467832829501178, 0.5670635668007104, 0.5876395347956065, 0.6066032486992914, 0.6240476095998609, 0.6399065948821403, 0.6526725549955625, 0.6653461101892832, 0.6774672865867615, 0.6887385603543874, 0.6982245654673189, 0.7078998008289853, 0.7168641396470972, 0.7249840417423764, 0.7317309331249546, 0.7392290234565735, 0.7460704026995478, 0.7524457251703417, 0.7581204755886181, 0.7635909753876764, 0.7688559712590398, 0.7737059496544503, 0.7780090312700014, 0.7824444980234713, 0.7867264280448089, 0.7907615996695854, 0.7944202938595334, 0.7981085728954624, 0.8015309523891758, 0.8048427459355947, 0.807985698854601, 0.8110288236592267, 0.8138783590213673, 0.8166321258287172, 0.8192620921779323, 0.8218316145845361, 0.8242888402294468, 0.8265586688711837, 0.8287752818416905, 0.8249124900714772, 0.818088636205003, 0.8115541387248684, 0.8052625172847027, 0.7991992605699075, 0.7933530759167027, 0.7877119086884163, 0.7822659176749152, 0.7770049378678605, 0.7719197853191478, 0.7670010731026933, 0.7622415665033702, 0.7576330223598996, 0.7531683815492166, 0.7488414113586014, 0.7446458549112887, 0.740575732411565, 0.7366247934264105, 0.7327886465433482]
############## VALIDATION MEAN_IOU ############## 
[0.453140256372658, 0.4716801007051726, 0.47185151641433304, 0.471880279682778, 0.47202299897735184, 0.4740759690065642, 0.4827930170136529, 0.5016011418523015, 0.5235206935856793, 0.5467832829501178, 0.5670635668007104, 0.5876395347956065, 0.6066032486992914, 0.6240476095998609, 0.6399065948821403, 0.6526725549955625, 0.6653461101892832, 0.6774672865867615, 0.6887385603543874, 0.6982245654673189, 0.7078998008289853, 0.7168641396470972, 0.7249840417423764, 0.7317309331249546, 0.7392290234565735, 0.7460704026995478, 0.7524457251703417, 0.7581204755886181, 0.7635909753876764, 0.7688559712590398, 0.7737059496544503, 0.7780090312700014, 0.7824444980234713, 0.7867264280448089, 0.7907615996695854, 0.7944202938595334, 0.7981085728954624, 0.8015309523891758, 0.8048427459355947, 0.807985698854601, 0.8110288236592267, 0.8138783590213673, 0.8166321258287172, 0.8192620921779323, 0.8218316145845361, 0.8242888402294468, 0.8265586688711837, 0.8287752818416905, 0.8249124900714772, 0.818088636205003, 0.8115541387248684, 0.8052625172847027, 0.7991992605699075, 0.7933530759167027, 0.7877119086884163, 0.7822659176749152, 0.7770049378678605, 0.7719197853191478, 0.7670010731026933, 0.7622415665033702, 0.7576330223598996, 0.7531683815492166, 0.7488414113586014, 0.7446458549112887, 0.740575732411565, 0.7366247934264105, 0.7327886465433482]
############## TEST MEAN_IOU ############## 
0.7290618600267352
