############## TRAIN LOSS ############## 
[0.2242467673243703, 0.18144936336053386, 0.16881354817667524, 0.1427111164540858, 0.11930465355918214, 0.10035004950052984, 0.07437136296082188, 0.049507025629282, 0.038913216441869736, 0.03633022252973672, 0.03075996902142022, 0.026052703577521687, 0.023149006194560916, 0.02262931133343561, 0.01934894733130932, 0.018543783650809043, 0.01832907400219827, 0.01941848128429941, 0.01827742753399385, 0.01595618064842514, 0.04743173625320196, 0.025353540842597548, 0.019108258414308767, 0.01670047381540408, 0.015353296782720733, 0.014865288108184532, 0.014397704520741024, 0.014282238141104981, 0.014034793108097604, 0.01361235072584571, 0.014015044966662253, 0.014024494392042225, 0.013579216433336606, 0.013167693556563274, 0.01302096708300146, 0.01297314402118728, 0.013065416944792142, 0.012682360999688908, 0.012620875725170245, 0.012425175226117307, 0.012189193565801188, 0.012359566571241294, 0.011791028648715568, 0.011773185225556025, 0.012057618942816515, 0.012138976312771037, 0.012336558385475262, 0.01189817178591683, 0.011712790856993682, 0.011633372991471677, 0.011527879943920148, 0.011539582213437235, 0.011441408581024892, 0.011414931294181058, 0.01144931314362062]
############## VALIDATION LOSS ############## 
[0.19071819238802967, 0.16928036160328808, 0.18675784065442927, 0.29883015331100016, 0.4931281647261451, 0.6257492198663599, 0.4237365301917581, 0.4945544372586643, 0.30631981001180764, 0.3159281926996568, 0.28282998326946707, 0.6002728623502395, 0.5603872730451471, 0.5305351720136755, 0.4342916239710415, 0.3777385406634387, 0.35226070530274334, 0.481519993613748, 0.5978497582323411, 0.250422378673273, 0.1293278472388492, 0.060408967821037066, 0.06811532794552691, 0.0768509496222524, 0.09755277261137962, 0.09607347079059657, 0.10138559056555524, 0.09170561831663637, 0.05103449775453876, 0.058948970673715365, 0.061282885206096316, 0.046443550463984996, 0.05476831118850147, 0.06785981335184153, 0.0352856278529062, 0.04837448160876246, 0.06575146032606854, 0.08864384845775716, 0.04745461649316199, 0.09326011073939941, 0.03951667413553771, 0.10463799317093457, 0.06468109370154493, 0.05769447379690759, 0.04320000659893541, 0.06691286603317541, 0.07159441906739683, 0.054785112795584345, 0.09520412696635022, 0.055299059652230316, 0.06537669699858217, 0.1255915914388264, 0.05155700061689405, 0.07438296956174514, 0.08057637315462618]
############## TEST LOSS ############## 
0.10189905430782925
############## TRAIN MEAN_IOU ############## 
[0.453124234805236, 0.47165878560092, 0.4718638561867379, 0.47253706567996256, 0.47543571768580256, 0.482757792279527, 0.49716517651403275, 0.5188637456378421, 0.5462534846486272, 0.5716087947020659, 0.593182702322264, 0.6128018804498621, 0.6303055044767019, 0.6458128255766791, 0.6588008822621526, 0.6713150707451073, 0.6828817322447494, 0.6929610661558203, 0.7019863418630652, 0.709438844307049, 0.7162759787327534, 0.7225457929276131, 0.7301735942428177, 0.7374447278074316, 0.7443112585995648, 0.7506033327128436, 0.7565948157697111, 0.762138311927383, 0.7673801473669104, 0.7725996230099652, 0.7774143380087775, 0.781786187275036, 0.7861648363036078, 0.790240191124581, 0.7940077072865254, 0.7977308582615208, 0.8012059185955975, 0.8043852996181797, 0.8074082345575899, 0.810442202800029, 0.8132133886620805, 0.8159895023784122, 0.8184462221893104, 0.820965415722615, 0.823400747131657, 0.8257747759690156, 0.827902610237534, 0.829967737197876, 0.8320320329150638, 0.8339170265842129, 0.8358277581833504, 0.8376512994637361, 0.839261177423838, 0.8410097698907595, 0.8426420414769972]
############## VALIDATION MEAN_IOU ############## 
[0.453124234805236, 0.47165878560092, 0.4718638561867379, 0.47253706567996256, 0.47543571768580256, 0.482757792279527, 0.49716517651403275, 0.5188637456378421, 0.5462534846486272, 0.5716087947020659, 0.593182702322264, 0.6128018804498621, 0.6303055044767019, 0.6458128255766791, 0.6588008822621526, 0.6713150707451073, 0.6828817322447494, 0.6929610661558203, 0.7019863418630652, 0.709438844307049, 0.7162759787327534, 0.7225457929276131, 0.7301735942428177, 0.7374447278074316, 0.7443112585995648, 0.7506033327128436, 0.7565948157697111, 0.762138311927383, 0.7673801473669104, 0.7725996230099652, 0.7774143380087775, 0.781786187275036, 0.7861648363036078, 0.790240191124581, 0.7940077072865254, 0.7977308582615208, 0.8012059185955975, 0.8043852996181797, 0.8074082345575899, 0.810442202800029, 0.8132133886620805, 0.8159895023784122, 0.8184462221893104, 0.820965415722615, 0.823400747131657, 0.8257747759690156, 0.827902610237534, 0.829967737197876, 0.8320320329150638, 0.8339170265842129, 0.8358277581833504, 0.8376512994637361, 0.839261177423838, 0.8410097698907595, 0.8426420414769972]
############## TEST MEAN_IOU ############## 
0.8426360473488317
