############## TRAIN LOSS ############## 
[0.22417541291262652, 0.18083428047798775, 0.16618175724068204, 0.1342937889936808, 0.10106223177265476, 0.0868115858049006, 0.06143845134490245, 0.0484453869127744, 0.04011405068072113, 0.03455394949461963, 0.030409338204441843, 0.028007155712190514, 0.02483913239494369, 0.022643039858824498, 0.02013279580687349, 0.018332141325683206, 0.019223789508278306, 0.019101278780884034, 0.017080610290773818, 0.016143756616558577, 0.01614324126795337, 0.015133988540116194]
############## VALIDATION LOSS ############## 
[0.1842254224945517, 0.14792547506444595, 0.37891576395315285, 0.4475575071923873, 0.769567493130179, 0.22467626894221587, 0.43752774245598736, 0.6925543862230638, 0.6467513056362376, 0.537173190537621, 0.2917159147122327, 0.4113106061430538, 0.2506913043120328, 0.3414989376769346, 0.5750201835351831, 0.39882368199965534, 0.7190645266981686, 0.35875505734892454, 0.5664281178923214, 0.5352648882304921, 0.2238771222970065, 0.5513343109804041]
############## TEST LOSS ############## 
0.712891318581321
############## TRAIN MEAN_IOU ############## 
[0.4530796908043526, 0.4717032716080949, 0.472463435417897, 0.47505462975115387, 0.48202249891049154, 0.49595581276996714, 0.5160962745950028, 0.5427432688506874, 0.5643321404585967, 0.5846072097082395, 0.6020629840928156, 0.6192269905193432, 0.6350142359733582, 0.6503214320620975, 0.6632378536301691, 0.6735956636635033, 0.6836669187288027, 0.6913430336359385, 0.7001625524984824, 0.7069566346503593, 0.7135889723494246, 0.721087041738871]
############## VALIDATION MEAN_IOU ############## 
[0.4530796908043526, 0.4717032716080949, 0.472463435417897, 0.47505462975115387, 0.48202249891049154, 0.49595581276996714, 0.5160962745950028, 0.5427432688506874, 0.5643321404585967, 0.5846072097082395, 0.6020629840928156, 0.6192269905193432, 0.6350142359733582, 0.6503214320620975, 0.6632378536301691, 0.6735956636635033, 0.6836669187288027, 0.6913430336359385, 0.7001625524984824, 0.7069566346503593, 0.7135889723494246, 0.721087041738871]
############## TEST MEAN_IOU ############## 
0.7151548645713113
