############## TRAIN LOSS ############## 
[0.17207665687745755, 0.12281065961127882, 0.07280327808447518, 0.04828959314974847, 0.03725566584952511, 0.03240830452928135, 0.03239258840210266, 0.025169180722923967, 0.024099118974026258, 0.022146584692637663, 0.02075620952297237, 0.02004802720789034, 0.02118752656194071, 0.02140456026101166, 0.017938171951771453, 0.12747458600531425, 0.16418573683178103, 0.1549688998173486, 0.14743841801946228, 0.14452888578310744, 0.14248055723067876, 0.11253478366311069, 0.0797056867531291, 0.056092546547989584, 0.047937778370068955, 0.04345521208754665, 0.03878580450357215, 0.03687246475234494, 0.03533290351766187, 0.03311826452730341, 0.03170003264991415, 0.030909990979912313, 0.030541830394114997, 0.03018963392320517, 0.028426086597211728]
############## VALIDATION LOSS ############## 
[0.15500015210287243, 0.17420611077663944, 0.05604942727322672, 0.04800423972454725, 0.03803242633447928, 0.030672421751945626, 0.029251185556252796, 0.04779187706755657, 0.02812978077460738, 0.024778776601249098, 0.026295916378205896, 0.02094533641402628, 0.3221702309800129, 0.018977873410810444, 0.018334170821688922, 0.17338107555520302, 0.1702816806295339, 0.1592637842484549, 0.15269501755634943, 0.1465173138707292, 0.13618762455150193, 0.09952904371654286, 0.07874886121820002, 0.06590640880897933, 0.043565815862487346, 0.03904887369158221, 0.03438165440571075, 0.03634021197463952, 0.029866107465589747, 0.029199309281858744, 0.0287058051748603, 0.027409146777262874, 0.028509301078670165, 0.02709616979985845, 0.025878605231934904]
############## TEST LOSS ############## 
0.03844065913798833
############## TRAIN MEAN_IOU ############## 
[0.4697237041619447, 0.479951036808727, 0.5285051513362575, 0.5900859588438326, 0.6357181399792164, 0.6744718084464202, 0.7030008048624605, 0.7255902612531507, 0.7449564560576603, 0.760645251016359, 0.7741456093551876, 0.7853880258830818, 0.7952148103499198, 0.7994876528108442, 0.8069525250980446, 0.8083427529614251, 0.79018445460646, 0.7728007653275052, 0.7572167990980921, 0.7431729895037573, 0.7304564784239004, 0.7195436753131248, 0.714319052191468, 0.714366489165538, 0.7169353223598756, 0.7202594766208718, 0.724336236178338, 0.7287072995761493, 0.7330461077324979, 0.7372398972511292, 0.7413221597671509, 0.7453379032311139, 0.7491201632194691, 0.7527863394032728, 0.7562838188699774]
############## VALIDATION MEAN_IOU ############## 
[0.4697237041619447, 0.479951036808727, 0.5285051513362575, 0.5900859588438326, 0.6357181399792164, 0.6744718084464202, 0.7030008048624605, 0.7255902612531507, 0.7449564560576603, 0.760645251016359, 0.7741456093551876, 0.7853880258830818, 0.7952148103499198, 0.7994876528108442, 0.8069525250980446, 0.8083427529614251, 0.79018445460646, 0.7728007653275052, 0.7572167990980921, 0.7431729895037573, 0.7304564784239004, 0.7195436753131248, 0.714319052191468, 0.714366489165538, 0.7169353223598756, 0.7202594766208718, 0.724336236178338, 0.7287072995761493, 0.7330461077324979, 0.7372398972511292, 0.7413221597671509, 0.7453379032311139, 0.7491201632194691, 0.7527863394032728, 0.7562838188699774]
############## TEST MEAN_IOU ############## 
0.7595988603553386
