############## TRAIN LOSS ############## 
[0.17058596082098848, 0.1146149742375086, 0.05682792922330869, 0.03935081387979088, 0.032418277437656046, 0.026977800420141435, 0.02337541991240672, 0.022696692735661526, 0.026566286533567553, 0.01949372762805774, 0.020443119672924146, 0.023281070737268875, 0.020478553354723362, 0.016310009411074692, 0.016124566198905576, 0.016006116535061517, 0.017121433582458948, 0.018270478686653414, 0.019858958061180404, 0.01900609189367576, 0.015229026210150338, 0.017938817272315156, 0.01482491957460035, 0.014926915463932731, 0.01410840913603032, 0.01359798314536477, 0.013891795333390971, 0.02031668163164779, 0.015637040952103096, 0.0140437439969229, 0.013773354863210975, 0.013810230419039726, 0.014186047632163306, 0.014140825139711032, 0.013617543900083448, 0.013290320246203526, 0.013242269398409638, 0.013306676594725063, 0.01508230979235524, 0.015599681074974371, 0.013574928330542805, 0.01628524901739716, 0.014786586092013094, 0.012732586286425053, 0.012378207905016638, 0.012535041435160212, 0.012527334745050417, 0.01218545780231891, 0.016190449482769712, 0.013547571185086895, 0.012591100502381655, 0.01249349968684082, 0.012971064434512644, 0.012014172564319393, 0.011899410992407718, 0.014841547363798495, 0.014356315383469468]
############## VALIDATION LOSS ############## 
[0.1531265459808649, 0.10261465813599381, 0.06020487589286823, 0.04660478723691959, 0.03673930553828969, 0.02202140079701648, 0.03963309847841076, 0.0691131476093741, 0.028286127775323158, 0.023509694482473767, 0.01999730284453607, 0.023248740672773004, 0.01862594671547413, 0.017188159867609833, 0.023015258322451628, 0.01885463699114089, 0.020080189604093048, 0.017114450269396984, 0.017374445720776625, 0.015883222167544505, 0.016357585513854727, 0.01581238800038894, 0.01637807629965976, 0.015609167808411168, 0.015401377196551538, 0.01609233843491358, 0.015768644427332806, 0.020790719628041864, 0.01642165400599148, 0.015080257574571114, 0.01623617403903136, 0.027926026441741223, 0.01500545080532046, 0.01702746617443421, 0.015198503538747044, 0.015189334896265292, 0.014424604984621206, 0.016147828441770637, 0.015327032071118261, 0.016082320764076476, 0.014881278780818569, 0.019936130162985885, 0.015255210884645874, 0.014977175176289737, 0.015588084527967023, 0.01523898248834645, 0.014680194568035066, 0.018731931388816413, 0.017028788615967714, 0.015384840651177893, 0.014747521639162419, 0.015443097936975606, 0.015123724179598046, 0.015361116651226492, 0.015388054061023629, 0.01690830724934737, 0.01706583027307894]
############## TEST LOSS ############## 
0.037714277388471544
############## TRAIN MEAN_IOU ############## 
[0.46955631243753004, 0.4817034693451615, 0.5474988353681994, 0.6201693109563879, 0.6712142419707667, 0.7075050475898089, 0.7356683080260819, 0.7572740931231696, 0.7709523436722455, 0.784716327448149, 0.7962669499285586, 0.8060793957194766, 0.8130537376210496, 0.8208413840951146, 0.8278742072818516, 0.8339317806132205, 0.8392777579861719, 0.8437381641821818, 0.8474675983459026, 0.8509026934971681, 0.8544020693044405, 0.8576027187141212, 0.8605716284867879, 0.8634444284546483, 0.8661788130128706, 0.8687691938232731, 0.8711805010701085, 0.8732581740027076, 0.8745172643983686, 0.8764497833745973, 0.878303764639674, 0.8800365183804486, 0.88156253770665, 0.8831230767138369, 0.8845577304427689, 0.8859771742477073, 0.8873040762033548, 0.888585403158858, 0.8897267088696763, 0.8907352438918105, 0.8916959580000456, 0.8927120920774099, 0.8933371912251722, 0.8943151318812156, 0.8953063415514456, 0.8962538075876666, 0.8971591747558869, 0.8980198462267179, 0.8987736232108898, 0.8993525244631209, 0.9000930874734312, 0.9008220901360383, 0.9015087469204052, 0.902207551238773, 0.902913851512445, 0.9035231436158085, 0.9039819339911143]
############## VALIDATION MEAN_IOU ############## 
[0.46955631243753004, 0.4817034693451615, 0.5474988353681994, 0.6201693109563879, 0.6712142419707667, 0.7075050475898089, 0.7356683080260819, 0.7572740931231696, 0.7709523436722455, 0.784716327448149, 0.7962669499285586, 0.8060793957194766, 0.8130537376210496, 0.8208413840951146, 0.8278742072818516, 0.8339317806132205, 0.8392777579861719, 0.8437381641821818, 0.8474675983459026, 0.8509026934971681, 0.8544020693044405, 0.8576027187141212, 0.8605716284867879, 0.8634444284546483, 0.8661788130128706, 0.8687691938232731, 0.8711805010701085, 0.8732581740027076, 0.8745172643983686, 0.8764497833745973, 0.878303764639674, 0.8800365183804486, 0.88156253770665, 0.8831230767138369, 0.8845577304427689, 0.8859771742477073, 0.8873040762033548, 0.888585403158858, 0.8897267088696763, 0.8907352438918105, 0.8916959580000456, 0.8927120920774099, 0.8933371912251722, 0.8943151318812156, 0.8953063415514456, 0.8962538075876666, 0.8971591747558869, 0.8980198462267179, 0.8987736232108898, 0.8993525244631209, 0.9000930874734312, 0.9008220901360383, 0.9015087469204052, 0.902207551238773, 0.902913851512445, 0.9035231436158085, 0.9039819339911143]
############## TEST MEAN_IOU ############## 
0.9038870368341003
############## VOC ############## 
0.9519435167312622
