############## TRAIN LOSS ############## 
[0.23550198337919004, 0.16593952330987197, 0.0832007458634876, 0.04007951939176466, 0.03395337202410038, 0.026577417090585507, 0.027301471636353714, 0.021776149675526935, 0.025083722625355666, 0.018317906491181535, 0.017843705196109776, 0.017840147556460184, 0.01559933105710189, 0.01667114325509583, 0.0153276440498696, 0.015894614540770447, 0.014506169214114748, 0.10551882271868857, 0.17093629108087435, 0.16549360696729776]
############## VALIDATION LOSS ############## 
[0.20421748213908253, 0.21617929988047657, 0.125586380415103, 0.07917782620472066, 0.03011664578362423, 0.048495570909889305, 0.036781728158102316, 0.864743536009508, 0.03819669739288442, 0.02999919466674328, 0.01902280723237816, 0.024841511539895746, 0.020240990883287263, 0.019804128610035953, 0.015949222040088737, 0.018033009625094777, 0.020845643354251105, 0.17746820519952214, 0.16762717857080348, 0.16352606126490762]
############## TEST LOSS ############## 
0.15407489682688857
############## TRAIN MEAN_IOU ############## 
[0.4616109203245189, 0.4718320369720459, 0.49735236691462026, 0.5596475444129996, 0.6221737769004461, 0.6654229776279347, 0.6967687409471821, 0.7226573208699355, 0.7321658041831609, 0.7487970908751359, 0.7640571010273856, 0.7768764701243993, 0.7875730061047787, 0.7972012943512684, 0.8056059459576735, 0.8130295188040346, 0.8198096881041655, 0.8233017546905054, 0.8083749796087677, 0.7918413603628004]
############## VALIDATION MEAN_IOU ############## 
[0.4712558090686798, 0.4758249275824603, 0.5266885687323177, 0.5952551680452683, 0.6451608223073623, 0.6830610177096199, 0.7101830384310555, 0.7287872679093305, 0.7406405350741219, 0.756802169715657, 0.7707235111909754, 0.7823144723387325, 0.7927006623324226, 0.8015504233977374, 0.8095727107104134, 0.8165412860758164, 0.8229841835358563, 0.8170359380104962, 0.7996827644460341, 0.784016630228828]
############## TEST MEAN_IOU ############## 
0.7768126151778482
