############## TRAIN LOSS ############## 
[0.1772736832499504, 0.09374525361518199, 0.055295441312262335, 0.03684282289012461, 0.028871284816665826, 0.024751797117091513, 0.02265128180875468, 0.02279824607476995, 0.023633827474219975, 0.017823679092642222, 0.019632709851312276, 0.017885196673985873, 0.016352383092649886, 0.03427623922156321, 0.025541698965999123, 0.018936714368268243, 0.015722078286941995, 0.01512030212246385, 0.014457020899155052, 0.014422142415659854, 0.014259245548699354, 0.014536078607134923, 0.01408084953593946, 0.015260528411237977, 0.03454125134551243]
############## VALIDATION LOSS ############## 
[0.16776045455652125, 0.14533747644985423, 0.09846092585255117, 0.057095300406217575, 0.047449735486332106, 0.11304176368695848, 0.04591114665655529, 0.5782615524881026, 0.042558267767376756, 0.05643434143241714, 0.029290970688795343, 0.024038455010775256, 0.020177219939582488, 0.09994648616103564, 0.01924904463264872, 0.020164138089646313, 0.019479194245136836, 0.018756913075990537, 0.02109993887407815, 0.014656639356604394, 0.021190443651421982, 0.021517826901639208, 0.01835015824283747, 0.014895746237872279, 0.017214981565142378]
############## TEST LOSS ############## 
0.03823404847220941
############## TRAIN MEAN_IOU ############## 
[0.470336018180525, 0.5018718246672604, 0.5661899197745968, 0.622024589696446, 0.6693101646126928, 0.704452512232033, 0.7293933577634193, 0.7508580032232646, 0.7561616426384127, 0.7707362597858584, 0.7837311581179902, 0.7935579866170883, 0.8031818310956698, 0.8110426547559532, 0.812505790107959, 0.8181756553617684, 0.8241899899534277, 0.8298030592299797, 0.834737708036964, 0.8393494402234619, 0.8437143052751953, 0.8473062120579384, 0.8508752032711699, 0.8541519295524906, 0.855083545317521]
############## VALIDATION MEAN_IOU ############## 
[0.4879925110760857, 0.5312515006345861, 0.5963389417704414, 0.6479359128895927, 0.688521848005407, 0.7183390680481406, 0.7411614972002366, 0.7544804916662329, 0.7637578284039217, 0.77764291973675, 0.7886002028689665, 0.7984709178700167, 0.8076787906534532, 0.8107568621635437, 0.8153513003798092, 0.8212615847587585, 0.8270618074080524, 0.8323499279863694, 0.8371689179364372, 0.8415955831022823, 0.8455977580126595, 0.8491434980841244, 0.85254866586012, 0.8556082459057078, 0.8554136507651385]
############## TEST MEAN_IOU ############## 
0.8555892518072418
