############## TRAIN LOSS ############## 
[0.16941660008317716, 0.07745076481857009, 0.04152331702612542, 0.03314372349681484, 0.026628256504851823, 0.02379185347062712, 0.02277186178489009, 0.021216835332656832, 0.02015301680846794, 0.016817535626123082, 0.016040027047180244, 0.01605553811768422, 0.015067076571663288, 0.027073388437841187, 0.017275325793496055, 0.016749310222253, 0.014400256007934946, 0.014305921991959819, 0.013675938668736332, 0.014027864681682675, 0.013464977228510621]
############## VALIDATION LOSS ############## 
[0.31285805123693805, 0.10335838641313945, 0.050725009511498845, 0.0391842706457657, 0.02761194066089742, 0.1414454844506348, 0.04696948782486074, 0.02556030559079612, 0.02450142926810419, 0.044352851150666964, 0.04623996280133724, 0.01881258931997068, 0.030404019443427816, 0.026393450029632625, 0.05250696709160419, 0.015900248415110743, 0.021443776567192638, 0.016845524228890154, 0.017174236476421356, 0.021096846225726253, 0.019756748834077048]
############## TEST LOSS ############## 
0.04106035869229924
############## TRAIN MEAN_IOU ############## 
[0.4682074481168309, 0.5183548586996826, 0.6036461877661783, 0.6652014815324062, 0.7083910643248945, 0.7389642688873652, 0.7587386885204831, 0.7769518196582794, 0.7912199026024019, 0.803465989795891, 0.8137902347622691, 0.8220693569731068, 0.8299849923398044, 0.8353804563348358, 0.839483277620496, 0.8436838593837377, 0.8486697045532433, 0.853190307681625, 0.8573225652043884, 0.8610352801310049, 0.8644036549974132]
############## VALIDATION MEAN_IOU ############## 
[0.4892827570438385, 0.5653462374911589, 0.6404926882070654, 0.6890048770343556, 0.7251910952960744, 0.7504227862638586, 0.7685873788945815, 0.7845222985043245, 0.797500491142273, 0.8089002581203685, 0.8181184144581065, 0.826108950025895, 0.8334904278025907, 0.8368264997706694, 0.841815874857061, 0.8462449031717637, 0.8510182885562673, 0.8553061309982749, 0.8593066194478203, 0.8627409584382001, 0.8659558997434729]
############## TEST MEAN_IOU ############## 
0.8654760451027841
