############## TRAIN LOSS ############## 
[0.19940081289088404, 0.12477317326576323, 0.06941419087249685, 0.038214298625904565, 0.033959937401468285, 0.027011978351888625, 0.023348830476705287, 0.023422498274846253, 0.027363703491770336, 0.018709344270236388, 0.021096106458178443, 0.018696784277798962, 0.01678424031549209, 0.015851262538391794, 0.01699150647540149, 0.015594752464518958, 0.015590337079924506, 0.020173423174718343, 0.015063235970415376, 0.014282051426660572, 0.014152806824878664, 0.01358997921232839, 0.03700516800509413, 0.221282596171305, 0.17230596680294824, 0.16825842278430592, 0.1665893834386323]
############## VALIDATION LOSS ############## 
[0.26103398116195903, 0.3742946605472004, 0.10978002846240997, 0.06994982523953214, 0.040093439028543586, 0.11406665339189417, 0.04105444488060825, 0.031896566698218096, 0.03152112799751408, 0.03214013921644758, 0.026861764161902314, 0.023063637809280085, 0.025398788480635953, 0.016979951493661192, 0.01979695227654541, 0.014499222750172895, 0.017931714243091205, 0.017593561370364007, 0.01390512298573466, 0.015561821514411885, 0.01693743623464423, 0.012507719946477343, 0.20065431647440968, 0.18410035967826843, 0.17047967893235824, 0.17466384084785685, 0.16928426176309586]
############## TEST LOSS ############## 
0.15914490507407622
############## TRAIN MEAN_IOU ############## 
[0.4660202131883518, 0.4763801337496654, 0.5213944094406592, 0.5850778060990411, 0.6386804806219565, 0.6770408636814839, 0.7049850777194306, 0.7291098659908449, 0.746258337352727, 0.761834404758505, 0.7757529410961512, 0.786264988216194, 0.7964235950966139, 0.8050624583218549, 0.8130056257988956, 0.8196626680122839, 0.82599419113752, 0.8311266186269554, 0.8358060306793934, 0.8405288095409805, 0.8448246028777715, 0.8486864945373019, 0.8522824705452532, 0.8430045279296668, 0.8283960368182208, 0.8149307394349897, 0.8024201473674258]
############## VALIDATION MEAN_IOU ############## 
[0.4738721830003402, 0.49280143835965323, 0.5533699112779954, 0.6156192001174478, 0.6591465543298161, 0.6924136070644155, 0.7182008098153507, 0.7390831112861633, 0.7541789763114032, 0.7691816968076369, 0.7809989241992726, 0.7914444523699143, 0.8009268501225639, 0.8092799256829655, 0.816382390611312, 0.8230089089449715, 0.8288618045694688, 0.833424424423891, 0.8382507001652437, 0.8427530947853538, 0.8467735718278324, 0.8505818107548881, 0.8513854847234839, 0.8354906439781189, 0.8216542145785164, 0.8086062108769136, 0.7965288512847003]
############## TEST MEAN_IOU ############## 
0.790883215268453
