############## TRAIN LOSS ############## 
[0.1691359602468642, 0.07793236857380818, 0.04262700642308069, 0.03128272340305754, 0.026786929959229922, 0.022710599949130335, 0.02127306626455204, 0.019275222505392455, 0.01859708923242382, 0.024048573261982686, 0.017115994054522063, 0.019265873470922578, 0.02194516750908381, 0.016973284891227614, 0.016101129331021896, 0.016792422333556052, 0.014670181547518115, 0.014148602686897927, 0.013750501269650823, 0.015381103208464747, 0.01481375760537245, 0.01395315015248048, 0.01330668429491689, 0.013251436770440557, 0.013291356383470466, 0.014615679251004916, 0.019608085097216472, 0.03478832179806321, 0.015088261668318632, 0.013994521879893099]
############## VALIDATION LOSS ############## 
[0.16242630297646804, 0.0799752495744649, 0.12329287301091586, 0.027463689994286087, 0.04962924451512449, 0.15539186031502836, 0.02506113416679642, 0.0650562447605326, 0.08259190180722405, 0.04867363885483321, 0.020308297565754724, 0.04455218206652824, 0.028263522914665586, 0.025336212451186252, 0.014307230683591436, 0.014983327045817585, 0.01998988018535516, 0.015258671962382162, 0.01606200320427032, 0.01374519950545886, 0.016193400164518285, 0.013448141761781537, 0.016670026022064334, 0.014784221701762256, 0.012771629509242141, 0.020793527282555315, 0.47688090450623455, 0.01576758296612431, 0.01520220675122212, 0.01602373326964238]
############## TEST LOSS ############## 
0.03412226951031974
############## TRAIN MEAN_IOU ############## 
[0.4680966169044778, 0.5244606491681691, 0.6125104294435398, 0.6676881808686901, 0.7126437852511535, 0.7422203546440279, 0.7620417781778284, 0.7813637091501339, 0.7954558504594339, 0.8050962589882515, 0.8141372304510426, 0.8229659316507546, 0.8277556429038176, 0.8337040112630741, 0.8397106951152956, 0.8447678069005141, 0.8497594389561061, 0.8541737887504939, 0.8582713946297362, 0.8619503608426532, 0.8650810062079817, 0.8680417932368614, 0.8709580032406626, 0.8736424458187979, 0.8761347608791815, 0.8784010333789362, 0.8801591927940781, 0.8757675487447429, 0.877118743754722, 0.8789012331414867]
############## VALIDATION MEAN_IOU ############## 
[0.4910511462127461, 0.5720382017247817, 0.6441147713100209, 0.6928603719262516, 0.7285649671274073, 0.7533977277138654, 0.7723968064083773, 0.7888288427801693, 0.8012653343817767, 0.8093863690600676, 0.8187265641549054, 0.8257806686794057, 0.8308395603123833, 0.8368043724228355, 0.8424419830827152, 0.8473509164417491, 0.8520122626248527, 0.8562769504154429, 0.8602359400076025, 0.8634822053067824, 0.8665589725269991, 0.8695085749906653, 0.8723107751678018, 0.8749047132099376, 0.8772774478968453, 0.8793048157411463, 0.8787544194389793, 0.8762606662862441, 0.8779998456730562, 0.8797954040415147]
############## TEST MEAN_IOU ############## 
0.8798405264363144
