############## TRAIN LOSS ############## 
[0.19127476759053566, 0.11974541895796319, 0.06987196319056926, 0.03993151927165486, 0.03400377430827231, 0.027382217108498554, 0.024031597126678034, 0.02298825192013504, 0.02099698832938196, 0.019702708713609626, 0.018144721835474106, 0.018452157467805052, 0.02168016053887235, 0.01563693831259435, 0.016128490833137686, 0.014935021364205592]
############## VALIDATION LOSS ############## 
[0.223477964015568, 0.2531876940937603, 0.10671021263389026, 0.07200409537729095, 0.03295113162740188, 0.030745029997299698, 0.03298419955022195, 0.14113648980855942, 0.047923596192370445, 0.02519871946424246, 0.017537027433076325, 0.023762528866748598, 0.019241375437773326, 0.018235798623851118, 0.02838046700858018, 0.023524575976326186]
############## TEST LOSS ############## 
0.04276765316273227
############## TRAIN MEAN_IOU ############## 
[0.46530480259979096, 0.4780519892637794, 0.5143972913155684, 0.5799929902360246, 0.6331763859536197, 0.673513267894049, 0.7047175491178358, 0.7295369803905487, 0.7462642309633462, 0.7621415817254299, 0.7759855844684549, 0.7879083398226145, 0.7965339067819956, 0.8049605931784656, 0.8128241405293748, 0.8197525063076535]
############## VALIDATION MEAN_IOU ############## 
[0.47325575702330647, 0.4879368228070876, 0.5488496738321641, 0.6099219707881703, 0.6544737745733822, 0.690664126592524, 0.7182447209077722, 0.7385235218440785, 0.7546533907161039, 0.7692467289812425, 0.7821278466897852, 0.7926100001615637, 0.800713977392982, 0.8091706177767586, 0.8164344605277566, 0.8231107347151813]
############## TEST MEAN_IOU ############## 
0.823897601257671
