############## TRAIN LOSS ############## 
[0.21497623657656684, 0.16310696469972263, 0.11519076154139396, 0.06712989590911043, 0.03969988229407652, 0.03482579559440146, 0.025938766190429795, 0.02555250927075945, 0.021931768193639612, 0.01966376991854427, 0.024693778690856857, 0.024202366497971722, 0.01802987666058077, 0.020302672470869445, 0.01624318980926497, 0.015413912274320988, 0.015414417381524234, 0.014840521604275785, 0.014693319857296711, 0.01435062608908157, 0.014247366202038687, 0.01406962880424249, 0.013803151130953149, 0.023420100408681744, 0.015132381602794537]
############## VALIDATION LOSS ############## 
[0.17616510917158687, 0.15355378608493245, 0.16486573876703486, 0.07960340227274333, 0.0350593039765954, 0.047573861172970605, 0.05886414647102356, 0.026967271395465908, 0.047350152121747244, 0.07140491365948144, 0.044221694690777975, 0.025697372470270183, 0.01909805165932459, 0.021510056219995022, 0.056537036071805394, 0.016216722864876774, 0.019239533555639142, 0.01701582532704753, 0.0180416732259533, 0.014215972959337866, 0.01898537850116982, 0.017193842898396886, 0.021701289395637372, 0.01744631620343117, 0.017346792635233962]
############## TEST LOSS ############## 
0.03715310718751315
############## TRAIN MEAN_IOU ############## 
[0.4647002431589204, 0.4723119552473764, 0.47577736164267, 0.5086416783365043, 0.5662630224550093, 0.6157150159816485, 0.6518286071919106, 0.6820381195158571, 0.7060278964203757, 0.7257971598489864, 0.7410754291592417, 0.7538842554833438, 0.76503542911362, 0.7756767695820009, 0.7852383956715867, 0.7933051654615918, 0.801300155955392, 0.8083281045829928, 0.8146486435387585, 0.8204554073713921, 0.8258151242861876, 0.8305462498117138, 0.834937572479248, 0.8384327755586521, 0.8414987732429762]
############## VALIDATION MEAN_IOU ############## 
[0.47242658629136924, 0.4722885226502138, 0.4867843757657444, 0.5378424945999595, 0.5933859383358675, 0.634548593969906, 0.6683360127841725, 0.6944030347992393, 0.716500741593978, 0.7344925543841194, 0.7476304418900434, 0.7591775059700012, 0.770856054390178, 0.7805252636180204, 0.7894793678732479, 0.7975360681028927, 0.8049136820961448, 0.8116181212313035, 0.8176881881321177, 0.8232176724602195, 0.8282344341278076, 0.8327932848649866, 0.8370317080441643, 0.83977210521698, 0.8431636550847221]
############## TEST MEAN_IOU ############## 
0.8438377210588166
