############## TRAIN LOSS ############## 
[0.1933235994263275, 0.11466642396172157, 0.050879459337306185, 0.03607747343217803, 0.03169167194062391, 0.025156938231776695, 0.021829907952279255, 0.02114045076273583, 0.026798681632892507, 0.01845413143117283, 0.01741136982407723, 0.021663244728728926, 0.017478253538216894, 0.0157444284429673, 0.015589373623574706, 0.015680666389950627, 0.014554472114714617, 0.014037171281194565, 0.014089534071752348, 0.014415229676996131, 0.02365491767350987, 0.014991089981678571, 0.014090600606003726, 0.013754819331036226, 0.01677172160015215]
############## VALIDATION LOSS ############## 
[0.43541085369446697, 0.14887888554264517, 0.11764141062603277, 0.0796532021725879, 0.06720708463998402, 0.10825638297726126, 0.03402525537154254, 0.32314110591131096, 0.03199650785502266, 0.045899760087623316, 0.03791057219838395, 0.020330621587002978, 0.018865720861974883, 0.021057081271839494, 0.0205321058850078, 0.02031020850271863, 0.021528591210132137, 0.015813979210660738, 0.01657206195351832, 0.013185535667135435, 0.0233450565377579, 0.014410825062762289, 0.015842226416091707, 0.018927416052011883, 0.10061143908430548]
############## TEST LOSS ############## 
0.1511591698635708
############## TRAIN MEAN_IOU ############## 
[0.46476617697122935, 0.4840340787494505, 0.5378412108969044, 0.6064743319073239, 0.6555260186259811, 0.690793780056206, 0.7171760902211473, 0.74107901349261, 0.7526382558249138, 0.7673378079324156, 0.7804425149350553, 0.7909866958051115, 0.799892423926173, 0.80863152283269, 0.8163848841512525, 0.8231051914595269, 0.8292867029840881, 0.8348641008944124, 0.8398896532284247, 0.8444049898031596, 0.8475510232351922, 0.8506289096297445, 0.8540795405168791, 0.8573391997330898, 0.8602498516037658]
############## VALIDATION MEAN_IOU ############## 
[0.4762826912543353, 0.49685001022675457, 0.5779435389182147, 0.6340480376692379, 0.674112130613888, 0.7052364489611458, 0.7301516988698173, 0.7484552544706008, 0.7598793962422539, 0.7742421451736899, 0.7860157454715055, 0.7952096988173092, 0.8043924675268286, 0.8127229599391713, 0.819953112041249, 0.8263109010808608, 0.8321492321350995, 0.8374687959166134, 0.8422707950367647, 0.8465376741745892, 0.848921933594872, 0.8523744309649748, 0.8557274096152362, 0.8588636307155385, 0.8611121598412009]
############## TEST MEAN_IOU ############## 
0.8583388697017323
