############## TRAIN LOSS ############## 
[0.1850007506137764, 0.0942296775032741, 0.048585362845679395, 0.033807675870185766, 0.02925893623457366, 0.024490674032603164, 0.024856040134673584, 0.020399357056924822, 0.025285183301044477, 0.01828414509135827, 0.01712566168626418, 0.017035413155885967, 0.015413248197276247, 0.01664672586500544, 0.015885449137312133, 0.015319490493778643, 0.015134140902601585, 0.016745466751524725, 0.014391656873772878, 0.019906571342584653, 0.014486234395991306, 0.014927541541338369, 0.013738319180226204, 0.013550481947793349, 0.013371010203971653, 0.01350409015572655, 0.014316644623397372, 0.013513655697524145, 0.014975474326166551, 0.021825871150311385, 0.015734786894549994, 0.01333019240897753, 0.013032291002722608, 0.013071137650341198, 0.012611436843242799, 0.012625231684462444, 0.01352704137979025, 0.01289306247191554, 0.014006453028225617, 0.013042961253558059, 0.012945122072926245, 0.014436172721026515, 0.012634758315225309]
############## VALIDATION LOSS ############## 
[0.29209097518640403, 0.17472417301991405, 0.08606924357659676, 0.05724912202533554, 0.06080086847000262, 0.11306622427176027, 0.02804608944365207, 0.36469389585887685, 0.04063747538363233, 0.028229101013173077, 0.017056236591409233, 0.01994303665945635, 0.019538719782277066, 0.028589018209673026, 0.02338109159951701, 0.016219202292096967, 0.10177970326998655, 0.015496985521167517, 0.013885715045034885, 0.01479543772909571, 0.016918599742519504, 0.013437425553360405, 0.013890863040133435, 0.015875463620485628, 0.013543669161770274, 0.013869467410532868, 0.01327856131555403, 0.013089670197052114, 0.05997798252193367, 0.028980431639972853, 0.013481909683083786, 0.012622513780918191, 0.012876373551347676, 0.012371950125431313, 0.014744932297617197, 0.012333279968622853, 0.014328432488529122, 0.012282893061637878, 0.017038513851516387, 0.01933206119300688, 0.01631516998852877, 0.012713658952099435, 0.012711795950856279]
############## TEST LOSS ############## 
0.031446381974400896
############## TRAIN MEAN_IOU ############## 
[0.4656672292464488, 0.49623971815044815, 0.5693364284328513, 0.6355528291818258, 0.6821290004897762, 0.7142100104609052, 0.7375041375289092, 0.7587859848061124, 0.768348533962224, 0.7813178876767287, 0.7940728080433768, 0.8045668839602858, 0.8137584517936449, 0.8215275914282412, 0.8281442949900756, 0.83407983304681, 0.8396549744380487, 0.8435883687154667, 0.8480171537077105, 0.8517833384307655, 0.8551440255062001, 0.8584349989085585, 0.8616117005412643, 0.8646560814735051, 0.8674425249164169, 0.8700335577533052, 0.8723743690832241, 0.8745327889919281, 0.8764745105762739, 0.8774062072908556, 0.8780624661091212, 0.8797742865375571, 0.8814808657845935, 0.8831290332852183, 0.8846842026388323, 0.8861493266917564, 0.8875177720108548, 0.8887675239427669, 0.8899749308019071, 0.8910698044944454, 0.8921062559694857, 0.8930750150938291, 0.8940141462796444]
############## VALIDATION MEAN_IOU ############## 
[0.47735683707629933, 0.5300811774590436, 0.6074326388976153, 0.6616812102934894, 0.6996470093727112, 0.7276311481700224, 0.7487607072381413, 0.7650076817063725, 0.7750257253646851, 0.7879584045971141, 0.799554845866035, 0.8092279925065882, 0.8179856924449697, 0.8249856969889473, 0.8312260087798623, 0.8370118912528542, 0.8418199525159948, 0.8458097331664142, 0.8502155507312101, 0.8532702361836153, 0.8568610303542193, 0.8600177975261912, 0.8631538433187148, 0.8660696955288157, 0.8687443102107328, 0.871230917818406, 0.8734511697993559, 0.8755627344636356, 0.8771357886931476, 0.8776392971768099, 0.8789085114703459, 0.8806647798594307, 0.8823236612712636, 0.8839085628004635, 0.8854302238015568, 0.8868561071508071, 0.8881329227896297, 0.8893975860932294, 0.8905017621376935, 0.8916061064776253, 0.8926461444181555, 0.8935262385536643, 0.8945402047213387]
############## TEST MEAN_IOU ############## 
0.8945474140571825
