############## TRAIN LOSS ############## 
[0.18399618213643898, 0.08022003389290862, 0.04644052428822663, 0.03325788873700878, 0.026274769006901094, 0.02429144365738171, 0.02332203256004062, 0.02046384382992983, 0.029026825544172647, 0.01791383764026938, 0.01706050694102069, 0.016855658296294308, 0.015686748442365915, 0.015514915834206182, 0.01510383518148415, 0.016048421778061706, 0.016995036515180726, 0.02098382726261342, 0.014812062330846046, 0.014089516669234916, 0.01401459109478605, 0.013736224563389614, 0.013475474382347957, 0.013283238340345388, 0.02126527379732579, 0.017349439572442223, 0.01573066769570515]
############## VALIDATION LOSS ############## 
[0.15867375188014088, 0.34671128146788655, 0.05626796218840515, 0.048138036995249635, 0.04190925722393919, 0.08488248398198801, 0.025663469452410936, 0.04421401122475371, 0.04165658672504565, 0.05521977298399981, 0.021107477656401256, 0.027460749151513857, 0.020802917287630195, 0.018444210482651695, 0.025355998426675797, 0.03146003657842383, 0.028711149578585345, 0.02119700750336051, 0.014285196687149651, 0.014999411534518003, 0.023573163595488843, 0.012913319994421565, 0.026879588635090518, 0.017037293572417078, 0.021633146221146864, 0.015540340449661016, 0.016887969775673223]
############## TEST LOSS ############## 
0.03531435856764967
############## TRAIN MEAN_IOU ############## 
[0.46551182845959793, 0.5092622077948338, 0.5857972800731659, 0.6493643328950212, 0.6930411010980606, 0.7256282894192515, 0.7470617318475569, 0.7674004399293178, 0.7802576076340031, 0.7917581736236006, 0.8029950216815278, 0.8126881001768885, 0.8209819733291059, 0.8284635366620244, 0.8349731826298946, 0.840578341403523, 0.8453540725482477, 0.8483301618614713, 0.8520852931447931, 0.8560478127485996, 0.8596710743936332, 0.8627306891454233, 0.8657891327464903, 0.8685416398016182, 0.8709702399131414, 0.8721153264915621, 0.8741849636709368]
############## VALIDATION MEAN_IOU ############## 
[0.4769477861769059, 0.5531652043847477, 0.6224512948709375, 0.6734677588238436, 0.7110821008682251, 0.7379751520998338, 0.7579125130877775, 0.775513000348035, 0.7855446724330678, 0.7976718369652244, 0.8080209353390861, 0.8168939422158634, 0.8249266813783085, 0.8318689500584322, 0.8379688613555011, 0.8430819090674905, 0.8471847877782934, 0.8500987606890061, 0.854148738524493, 0.8579156188403859, 0.8612325086313135, 0.8642909351517173, 0.8671686018214506, 0.869870168321273, 0.8713134176590863, 0.8731387538068435, 0.8750666835728813]
############## TEST MEAN_IOU ############## 
0.8751603032603409
