############## TRAIN LOSS ############## 
[0.18222656579235116, 0.08537524696942922, 0.04543694427765503, 0.03466048249597284, 0.02625442746196043, 0.02393460353660221, 0.021890109555946814, 0.04470049427520182, 0.06071036310262374, 0.02381417276715306, 0.0204382667733306, 0.020763201752325166, 0.017489765572512674, 0.01646095427457948, 0.01682751188117608, 0.020299177818201685, 0.015722486247132357, 0.014541005583580685, 0.01419939599440408, 0.014663550939813658, 0.013917259355956639, 0.014186521174033751, 0.016881866714086483, 0.014037543284782284, 0.013525542457009087, 0.023405884059045364, 0.018688347838768684, 0.01410992380319717, 0.01337991706787835, 0.012977636765336266, 0.017755240988540085, 0.013681455792204754, 0.013046575219345253, 0.01311635333302154, 0.012503745153898725, 0.012718202313408256, 0.014711052978512001, 0.014308902680420794, 0.012993622067812327, 0.012631782535086008, 0.012341689708567149, 0.012308616889640689, 0.012536756892537547, 0.012532524210778443]
############## VALIDATION LOSS ############## 
[0.15207735974999034, 0.10055813105667338, 0.0550169883405461, 0.056542041437590826, 0.05714898529079031, 0.13909837077645695, 0.03463385615716962, 0.13313276320695877, 0.03630657346152207, 0.026491713107508773, 0.021358149674008873, 0.027946083696887773, 0.019968151772285208, 0.016267923939534846, 0.018652114935000155, 0.01660074877059635, 0.015435716329032885, 0.015067088691627277, 0.01457767393987845, 0.018614864004228043, 0.016218528124120307, 0.01418921526740579, 0.01702947265413754, 0.014175327248213923, 0.025967759244582233, 0.06944161631605204, 0.013730824623695192, 0.01238888209028279, 0.012892397969742031, 0.013312049292247085, 0.015144396162427524, 0.012295516865218388, 0.01328527752090903, 0.012546834891990703, 0.01442287048763212, 0.01225571389145711, 0.017178312163142598, 0.013558865853530519, 0.012132721405257197, 0.01861717297202524, 0.012214196407619645, 0.012332559179733782, 0.013399865806979291, 0.012590482228380792]
############## TEST LOSS ############## 
0.029978378354148433
############## TRAIN MEAN_IOU ############## 
[0.46654421493813797, 0.49930844274727076, 0.5838020355314821, 0.6480365830498773, 0.6921164385370306, 0.7247136847392933, 0.7466424498203639, 0.7659610091028987, 0.7572813662322792, 0.765810606044692, 0.7780428552949751, 0.7892023945176924, 0.7983024333779877, 0.8071483965661075, 0.8149668421294238, 0.8211082308679014, 0.826786794372507, 0.8324572774204048, 0.837588225264807, 0.8422389711077148, 0.8465171609375928, 0.8502855184110435, 0.8536058559611037, 0.8566342837907173, 0.8597521826222136, 0.8622006455788741, 0.8623841980824599, 0.8647041332882803, 0.867049058144157, 0.869370899490408, 0.871225426728661, 0.8729443509836454, 0.8748497383014576, 0.8766831312630627, 0.8783968417225657, 0.8800423258059734, 0.8815715457942035, 0.8827830516808742, 0.8841098192575816, 0.8854361418131236, 0.8866974276465338, 0.8879440704712996, 0.8890937909081176, 0.8901946294952083]
############## VALIDATION MEAN_IOU ############## 
[0.47693469769814434, 0.5417244820033803, 0.6210276694858775, 0.6722529355217429, 0.7102824905339409, 0.7369949431980357, 0.7575474486631506, 0.7650089369100683, 0.7595200959373923, 0.7720892359228695, 0.7838198437410242, 0.7936166209333083, 0.8029271153842702, 0.8112772948601666, 0.8183805241304285, 0.8238909139352686, 0.8296568463830387, 0.835104251609129, 0.8400503326864803, 0.8443968155804802, 0.848464846611023, 0.8520662784576416, 0.8550278544425964, 0.8582154898082509, 0.8611489639562719, 0.8621338220203624, 0.8634837830767912, 0.865882421241087, 0.8682198524475098, 0.8704837595715242, 0.8719941342578215, 0.8739243991234723, 0.8757844427052666, 0.8775418225456687, 0.8792422939749325, 0.8808236963608685, 0.8821287961567149, 0.8834429313154781, 0.8847678093349233, 0.8860766396803015, 0.8873376039897695, 0.8885426591424381, 0.8896620869636536, 0.8907302407657399]
############## TEST MEAN_IOU ############## 
0.8908250581134449
