############## TRAIN LOSS ############## 
[0.18604613382469964, 0.09515434047962362, 0.052835967536461914, 0.03393537674501941, 0.030619742027861444, 0.023285305461015652, 0.02281675411614816, 0.01989502626521563, 0.02287911719051064, 0.018242947278997383, 0.01828679637165388, 0.020628632367211016, 0.03320462313304479, 0.017635184220617283, 0.017547923772646166, 0.015775650947329564, 0.014634905883262085, 0.014578147111712274, 0.015149312411636315, 0.01745244426451422, 0.014444720437372657, 0.016499216246695536, 0.013863566095588377, 0.013913006531200497, 0.014013890441305734, 0.01325836019728937, 0.03340370454070334]
############## VALIDATION LOSS ############## 
[0.443661630153656, 0.17850577787441366, 0.09010837753029431, 0.053204676793778646, 0.04485867161522893, 0.07046276544604231, 0.03742958714856821, 0.02999082928085152, 0.02234516796820304, 0.04899417340536328, 0.034623245927779114, 0.04653267387081595, 0.02205722653033102, 0.01996763765483218, 0.027748715022907537, 0.02360133930821629, 0.019757655284860554, 0.023217750329743412, 0.0165254865115618, 0.028876839972594204, 0.019982818459324977, 0.013835717567845303, 0.016888757482828462, 0.020079890622154754, 0.013845888322547954, 0.017864965806331706, 0.2034932585323558]
############## TEST LOSS ############## 
0.18897469404971962
############## TRAIN MEAN_IOU ############## 
[0.46494042329691554, 0.4938596158817008, 0.5558701318663519, 0.6233142425079603, 0.6727649041929761, 0.7077024595157521, 0.7329421917328963, 0.7544543598149274, 0.7709987288391268, 0.7845818988374762, 0.796174439224037, 0.805652640961312, 0.8108762768474785, 0.8165730511819994, 0.8232900117700165, 0.8294285612331854, 0.8351606255447542, 0.840476850802834, 0.8448204043749217, 0.8487213781556567, 0.852319299369245, 0.8554341760841576, 0.8586589685968451, 0.8617426922192445, 0.8645698343579834, 0.8672093624198759, 0.8696268184764965]
############## VALIDATION MEAN_IOU ############## 
[0.4784238566370571, 0.5242350907886729, 0.5943871280726265, 0.6511787035885979, 0.6911254279753741, 0.7219511726323296, 0.7444843930356643, 0.7636736210654763, 0.7778817590545205, 0.7907680448363809, 0.8010889326824862, 0.8092509508132935, 0.8130109520519481, 0.8201863309916329, 0.8264842173632454, 0.8324196689269122, 0.8378888894529903, 0.84277023637996, 0.8470349417013281, 0.8504638882244334, 0.8540365099906921, 0.8570253323106205, 0.8602353194180656, 0.8631830005084767, 0.8658598696484285, 0.8684729022138259, 0.8687071344431709]
############## TEST MEAN_IOU ############## 
0.8618173711227648
