############## TRAIN LOSS ############## 
[0.19801905761296684, 0.0925056028456704, 0.04571863167566826, 0.031913095065770114, 0.03063405938194813, 0.02451548761864369, 0.024038788922307257, 0.02067150321562548, 0.01969514981012892, 0.017151792247376934, 0.06440956455126808, 0.036056518277807814, 0.025445855530985707, 0.02426066138227848, 0.01886838090580863, 0.018371628282742726, 0.016695110108451667, 0.0164938332777269, 0.015463119407335447, 0.02473171373728562, 0.015843513368226186, 0.01524067752541521, 0.014330827177980461, 0.013957242163628139, 0.014578778721467667, 0.015121772155367039, 0.014052825086322185]
############## VALIDATION LOSS ############## 
[0.15664662902846055, 0.1934940302196671, 0.09567537772304871, 1.0862929575583513, 0.058307311990681815, 0.12483402988051667, 0.0454364059602513, 0.4411481443573447, 0.028994101154453614, 0.34146624189965863, 0.10898833984837812, 0.03099133835776764, 0.023653377066640294, 0.020730150644393527, 0.0337580210145782, 0.02322933209293029, 0.03944221100605586, 0.018382753437275395, 0.018127348794437507, 0.02150044053354684, 0.016977208310409504, 0.014724221573594739, 0.028758656452683842, 0.03212226609535077, 0.018922430189216837, 0.015167263966491994, 0.014826267930295537]
############## TEST LOSS ############## 
0.02729191436912074
############## TRAIN MEAN_IOU ############## 
[0.46565172559506185, 0.4967042262086997, 0.5790217099963008, 0.6431428818283854, 0.6681146452555785, 0.7011329044361372, 0.7249643214651056, 0.7461116483082643, 0.757923741195653, 0.7731386479493734, 0.7792954481131321, 0.7778024758036072, 0.784316197843165, 0.7914432605376115, 0.798814940291482, 0.805501438878678, 0.8119284172315855, 0.8178207270196967, 0.8231851172608298, 0.8274557517992484, 0.831338177661638, 0.8354072482199282, 0.8393635995484687, 0.843079574607514, 0.8464611084074587, 0.8494750104240469, 0.8524090547013927]
############## VALIDATION MEAN_IOU ############## 
[0.47342808281674104, 0.5377060770988464, 0.6160239191616282, 0.6590719117837793, 0.6857357621192932, 0.7145936068366555, 0.7362177301855648, 0.7527000974206364, 0.7658527914215537, 0.7784666348906124, 0.7760178587015938, 0.7805954077664543, 0.7881040958797231, 0.795100797625149, 0.8023050322252161, 0.8087931310429293, 0.8150128581944633, 0.8205636704669279, 0.8258424822021934, 0.8291413713903988, 0.8334179730976329, 0.8374179005622864, 0.841241363216849, 0.8448327218785006, 0.8480051300104927, 0.8509157335056978, 0.853809819501989]
############## TEST MEAN_IOU ############## 
0.8544473799792203
