############## TRAIN LOSS ############## 
[0.14918642915965705, 0.06534155070501682, 0.06267187965410836, 0.0380077490426793, 0.030775951162001082, 0.02712689855226173, 0.02485898255759526, 0.024044334886459004, 0.04145318971151593, 0.0223566947504157, 0.028206889974032354, 0.023507772547770752, 0.021334378381308507, 0.022645802224721043, 0.02228850767727357, 0.021908657720003347, 0.01853329006012614, 0.020916888334164746, 0.020889138724358106, 0.01820004374937386, 0.01830934105566632, 0.021248480189545237, 0.017744497571461456, 0.019829420209675475, 0.019432242197753285, 0.01852972600309832, 0.01840604809984159, 0.017301065216506196, 0.0172496992546495, 0.019981319050596025, 0.01696634096370454, 0.01871080024680883, 0.01879775557249108, 0.0198231830902653, 0.016444891190297534, 0.01766703876650731, 0.018958267964301962, 0.01601207828196346, 0.01741810313165302, 0.01813243993325028, 0.01698796938296607, 0.016815958384012373, 0.015987205692687672, 0.023421483310779843, 0.015936086852848308, 0.01628754358257989, 0.017407265685153665, 0.016155758913645603, 0.018724022329045076, 0.020779292714717297, 0.017569128408852906, 0.01599702947514907, 0.016077990007935104, 0.024866354285730776, 0.02183530574329124, 0.017543073497674068, 0.017568951673023844, 0.0170656837854859, 0.019039379172583623, 0.019278128889840578, 0.01684896863820426, 0.016808535295854812, 0.023337986727940234, 0.018076131387420605, 0.017190968483224458, 0.017302355974574277]
############## VALIDATION LOSS ############## 
[0.12001251656671658, 0.14217820256838903, 0.04253602530989869, 0.04179701754622454, 0.02511593062709104, 0.03056942706461996, 0.045750300297239685, 0.06457903788552857, 0.032264398977014365, 0.023503955583745503, 0.029021566669803624, 0.0200172470592638, 0.07111994033410013, 0.019610328896555538, 0.022337693479094728, 0.017442742370607733, 0.01732620123006842, 0.017938951927456346, 0.0198265264751207, 0.017530781663178157, 0.017587751203202915, 0.018004362803527758, 0.036529960186967136, 0.017740670517406555, 0.017231782913714758, 0.01750170289739674, 0.020923285026048476, 0.01671725050112525, 0.018079795097411776, 0.03344943096824721, 0.02963163478610416, 0.01787553132310802, 0.05688636847908663, 0.01634023281946486, 0.017048945822798665, 0.02405177642175855, 0.01605272712185979, 0.040109252411068656, 0.018715354394825065, 0.016946497957642172, 0.015088583119030968, 0.015782050255973658, 0.020420261061243603, 0.015746569289488022, 0.01653555296726671, 0.014810640619115849, 0.01706964345694538, 0.01783201854000343, 0.016176707043960764, 0.02054173405186328, 0.01652357618064236, 0.016236977072491988, 0.019936736205172743, 0.02379501024352423, 0.017184107551835113, 0.01684868349362731, 0.01871560459988484, 0.01603092775250986, 0.01881886406472939, 0.016888148465773602, 0.021784478305455518, 0.01818645068994431, 0.01767387889626929, 0.0163290289004662, 0.01641364584508005, 0.021529670065159306]
############## TEST LOSS ############## 
0.03869831107857853
############## TRAIN MEAN_IOU ############## 
[0.47665887101142257, 0.5656460191349726, 0.6337565330637468, 0.6804572031707377, 0.720495936972601, 0.7494205886850486, 0.7705840826840014, 0.7856426137658927, 0.792447873131112, 0.7996675815131213, 0.8100598889428217, 0.8158976470564937, 0.8234456897050411, 0.8274137685830528, 0.8332514496402698, 0.8378478172528852, 0.8425607284581339, 0.8466638181660626, 0.8501831232024742, 0.8536131294729473, 0.8568896555954272, 0.859525045228971, 0.8621389777273745, 0.8639592496124474, 0.8661070665394938, 0.8682411249290716, 0.8701774301426904, 0.8718511515238263, 0.8736760667315474, 0.875304681425159, 0.8765674119328594, 0.8778526627265655, 0.8792367004327946, 0.8796846277944677, 0.8809217083695773, 0.8820915584628647, 0.8829506955839492, 0.8841022657784255, 0.8848599804951264, 0.885730875035127, 0.8866161793336138, 0.88750615729405, 0.8884213070074717, 0.8889322368814064, 0.8896806274314184, 0.8904983644281421, 0.891251556709543, 0.8919325146723438, 0.8925671725794002, 0.8930478479276907, 0.8934539673296181, 0.8940799093998231, 0.8947234322224651, 0.8951655216850676, 0.8951851183900962, 0.8955805558744852, 0.8960659519374907, 0.8965177827321731, 0.8969209052555196, 0.897238529010399, 0.8976781139368409, 0.8980753351304982, 0.8983440179008622, 0.8985720009685637, 0.8989334248744689, 0.8993081563227886]
############## VALIDATION MEAN_IOU ############## 
[0.47665887101142257, 0.5656460191349726, 0.6337565330637468, 0.6804572031707377, 0.720495936972601, 0.7494205886850486, 0.7705840826840014, 0.7856426137658927, 0.792447873131112, 0.7996675815131213, 0.8100598889428217, 0.8158976470564937, 0.8234456897050411, 0.8274137685830528, 0.8332514496402698, 0.8378478172528852, 0.8425607284581339, 0.8466638181660626, 0.8501831232024742, 0.8536131294729473, 0.8568896555954272, 0.859525045228971, 0.8621389777273745, 0.8639592496124474, 0.8661070665394938, 0.8682411249290716, 0.8701774301426904, 0.8718511515238263, 0.8736760667315474, 0.875304681425159, 0.8765674119328594, 0.8778526627265655, 0.8792367004327946, 0.8796846277944677, 0.8809217083695773, 0.8820915584628647, 0.8829506955839492, 0.8841022657784255, 0.8848599804951264, 0.885730875035127, 0.8866161793336138, 0.88750615729405, 0.8884213070074717, 0.8889322368814064, 0.8896806274314184, 0.8904983644281421, 0.891251556709543, 0.8919325146723438, 0.8925671725794002, 0.8930478479276907, 0.8934539673296181, 0.8940799093998231, 0.8947234322224651, 0.8951655216850676, 0.8951851183900962, 0.8955805558744852, 0.8960659519374907, 0.8965177827321731, 0.8969209052555196, 0.897238529010399, 0.8976781139368409, 0.8980753351304982, 0.8983440179008622, 0.8985720009685637, 0.8989334248744689, 0.8993081563227886]
############## TEST MEAN_IOU ############## 
0.8993796595419297
