############## TRAIN LOSS ############## 
[0.16379475190937687, 0.09042799590692462, 0.05821980983920832, 0.047213879072522696, 0.26554950722571546, 0.8979657301791855, 0.8978531456493046, 0.8980146166603545, 0.898146173599747, 0.8977629936639357, 0.897844420353446, 0.8979146314010212, 0.8979935646138266, 0.8974878324543272, 0.89819921041614, 0.8980629463144539, 0.8979781928557553, 0.8980262475798648, 0.8979373415593682, 0.897849406923, 0.8976499943179459, 0.8978538376324654, 0.897986779184232]
############## VALIDATION LOSS ############## 
[0.1544489446004816, 0.07138316791650712, 0.04547754784717279, 0.0591605202724025, 0.9405231165274986, 0.9405231165274986, 0.9405231165274986, 0.9405231165274986, 0.9405231165274986, 0.9405231165274986, 0.9405231165274986, 0.9405231165274986, 0.9405231165274986, 0.9405231165274986, 0.9405231165274986, 0.9405231165274986, 0.9405231165274986, 0.9405231165274986, 0.9405231165274986, 0.9405231165274986, 0.9405231165274986, 0.9405231165274986, 0.9405231165274986]
############## TEST LOSS ############## 
0.8556361830595768
############## TRAIN MEAN_IOU ############## 
[0.4719270352978964, 0.5225443816534033, 0.5907259919756168, 0.6450264476038314, 0.6772098048581733, 0.6562652609369777, 0.6291088238358498, 0.6089465308028299, 0.5933745181909552, 0.5809905114877332, 0.5709031674641747, 0.5625252107510695, 0.5554575170348356, 0.5494155905268214, 0.5441893329759976, 0.5396227332520055, 0.5356003900503253, 0.5320302945402291, 0.5288395133238655, 0.5259717361212851, 0.5233798083421346, 0.521025412590117, 0.5188773863755904]
############## VALIDATION MEAN_IOU ############## 
[0.4719270352978964, 0.5225443816534033, 0.5907259919756168, 0.6450264476038314, 0.6772098048581733, 0.6562652609369777, 0.6291088238358498, 0.6089465308028299, 0.5933745181909552, 0.5809905114877332, 0.5709031674641747, 0.5625252107510695, 0.5554575170348356, 0.5494155905268214, 0.5441893329759976, 0.5396227332520055, 0.5356003900503253, 0.5320302945402291, 0.5288395133238655, 0.5259717361212851, 0.5233798083421346, 0.521025412590117, 0.5188773863755904]
############## TEST MEAN_IOU ############## 
0.5167337781251079
