############## TRAIN LOSS ############## 
[0.1745511228596238, 0.09006963891442865, 0.05824410827407773, 0.0750383260045809, 0.09976404337925618, 0.08843717856127098, 0.08197875210736366, 0.07833672425581713, 0.07580724028348168, 0.07267781283112813, 0.07086568906785803, 0.06935131981935319, 0.06770905515132891, 0.06667213032529731, 0.06557884436627212, 0.06492770008579199, 0.06357566444392039, 0.06290636616465342, 0.062316864292632355, 0.06156654588129321, 0.06110560532915196, 0.06046915956907108, 0.060035584561069506]
############## VALIDATION LOSS ############## 
[0.23018147548039755, 0.060710149990650365, 0.052298092922451446, 0.10668217299469546, 0.0848205795730738, 0.07561862777334218, 0.07536203571248289, 0.06884713277366816, 0.06794196968971222, 0.06625102891349326, 0.06277784525288962, 0.06271520967357884, 0.061042361034482136, 0.061145831684709766, 0.059899134524897035, 0.05990154706124289, 0.057710951897224375, 0.059148452253829614, 0.056945045268637876, 0.05901887471440668, 0.05666357560959809, 0.056163579134234025, 0.05590443066595232]
############## TEST LOSS ############## 
0.06025947570951298
############## TRAIN MEAN_IOU ############## 
[0.47154505376343253, 0.5083544053271547, 0.5850282962526288, 0.6367094627506024, 0.6282612446460638, 0.6206915818221934, 0.6205553744021837, 0.6232274457946554, 0.6274329441356229, 0.6318872562936835, 0.6366483180506809, 0.6412948120955948, 0.6457609665152189, 0.6499483272567526, 0.6538575446686229, 0.6576072820672044, 0.661095151627386, 0.664456283187007, 0.6675695660817731, 0.6705956804725501, 0.6733820073239438, 0.6760629083256464, 0.6786439905429745]
############## VALIDATION MEAN_IOU ############## 
[0.47154505376343253, 0.5083544053271547, 0.5850282962526288, 0.6367094627506024, 0.6282612446460638, 0.6206915818221934, 0.6205553744021837, 0.6232274457946554, 0.6274329441356229, 0.6318872562936835, 0.6366483180506809, 0.6412948120955948, 0.6457609665152189, 0.6499483272567526, 0.6538575446686229, 0.6576072820672044, 0.661095151627386, 0.664456283187007, 0.6675695660817731, 0.6705956804725501, 0.6733820073239438, 0.6760629083256464, 0.6786439905429745]
############## TEST MEAN_IOU ############## 
0.6814287428904061
