############## TRAIN LOSS ############## 
[0.14516045650632986, 0.06604053467582399, 0.05365424852625274, 0.03388654587825504, 0.030899421933550452, 0.025381012262146174, 0.02582014215639336, 0.02559488931738825, 0.021086398089431208, 0.024589247953691804, 0.02048325192230845, 0.02598807630879041, 0.01965491342799306, 0.019361685443449836, 0.021163302322993578, 0.017594208804734376, 0.01926112350728389, 0.019490562848938048, 0.0219634677147648, 0.017555529862326145, 0.018642698410297493, 0.017192937370448302, 0.02085615515463835, 0.016387414803043735, 0.017509571370903754, 0.016083542695055297, 0.01830959114529931, 0.01592728683949276, 0.01590531978942906, 0.019151077029389625, 0.01570907406305917, 0.01688710347829951, 0.0185038046375986, 0.015454471911636557, 0.016566443724362518, 0.015342222312209013, 0.02162082588988965, 0.015081386406441074, 0.018022870960210328, 0.015055957974238464, 0.015364564230748255, 0.01739962019721199, 0.015461284865486468, 0.015192504927693147, 0.01652088737958095, 0.014726132089407172, 0.018037512034248998, 0.015623847935670596, 0.014612349825010579, 0.019323202639145724, 0.014641152030857451, 0.014845473586938333, 0.014006565549844946, 0.014555002159883632, 0.016526867768834153, 0.016382469724261238, 0.014513464814946338, 0.014989433778905263, 0.01474231291745496, 0.01587708918002652, 0.014383520151748779, 0.014550892103052156, 0.0155593150002296, 0.014896414966347653, 0.01494426773901855, 0.015864087915172416, 0.01573960532139379, 0.014967530835157368, 0.014241307477670882]
############## VALIDATION LOSS ############## 
[0.10038341158160977, 0.0613674241592925, 0.03569562051573074, 0.04115451625822222, 0.029601679690291777, 0.028251698820431735, 0.02689861467875102, 0.03183474018713277, 0.021565342847002195, 0.024072578261314214, 0.06219314363803349, 0.01915391682254552, 0.019360284537862184, 0.021897455004007353, 0.019952768256759967, 0.019128091633319855, 0.020323841818882263, 0.017840189653832245, 0.018220169154708, 0.01921434417725358, 0.022819261345099293, 0.019499881072061173, 0.019913636177650417, 0.01806416401671538, 0.01687674950631381, 0.01676999324619971, 0.02079572150136764, 0.021784652549517797, 0.0186783349810296, 0.01746217169406294, 0.01626861081960812, 0.017572844971665273, 0.016660207029952502, 0.016758794094807943, 0.018091893375051713, 0.017223169905870844, 0.02005749700223461, 0.017868414757899968, 0.021283865648928993, 0.016136653949597887, 0.01871184145748688, 0.01699392384804977, 0.01705673387315234, 0.01599455895241893, 0.02575789553663401, 0.015852820392134235, 0.017068448791784856, 0.019276775296448785, 0.015606248002572386, 0.016627949682194467, 0.01698907583397836, 0.016149029331156237, 0.015794332810793434, 0.017448355405683874, 0.016380518325033833, 0.017817686862876072, 0.016204526849797535, 0.016451219749048025, 0.015975913234618857, 0.016373081867926634, 0.017990249391718238, 0.017524743902350905, 0.017468926824507184, 0.017804848799749057, 0.020855979630997515, 0.017085812728813227, 0.020293817160349777, 0.01759687600675605, 0.017859496068387458]
############## TEST LOSS ############## 
0.03464949728187287
############## TRAIN MEAN_IOU ############## 
[0.478778546827065, 0.5827195283931654, 0.6514954981771676, 0.6995762609415226, 0.7368761735993463, 0.7625326768637778, 0.7823834465564908, 0.796873603183944, 0.8082169983032588, 0.8177465817949794, 0.8258233121386519, 0.8293474237392614, 0.8354099555327011, 0.841218588387107, 0.8453603139197504, 0.8498718072702219, 0.8538394215944651, 0.85706759056261, 0.8595547548553966, 0.8623356073423549, 0.8648411927593721, 0.8672571803803917, 0.8692417524016656, 0.8712585484525105, 0.8732671398703042, 0.8752098473476934, 0.8769167751610816, 0.8784533239699699, 0.8800483947401648, 0.8813843358610127, 0.8826001348259213, 0.883894991364565, 0.8848535770902762, 0.8860548319177585, 0.8871970353228552, 0.8882653160809396, 0.8890494416962873, 0.8897746028126897, 0.890692501253373, 0.8914292536608808, 0.892310371874152, 0.8930440250414986, 0.8937824173150836, 0.8945571653343536, 0.8952159279504338, 0.8958366246105315, 0.896504643935341, 0.8970484224122923, 0.8976879681015874, 0.8981616502409583, 0.8986346969330633, 0.899245146695558, 0.8998646521353507, 0.9004369494211566, 0.900936820418448, 0.9013411622192409, 0.9017643797639254, 0.9022702790192656, 0.902712405936138, 0.9031204830284592, 0.9035691698123743, 0.9040000889081139, 0.904405314106125, 0.904742044841384, 0.9051250416684795, 0.9054552840219962, 0.9058147719180262, 0.9061093891526127, 0.9064702015739303]
############## VALIDATION MEAN_IOU ############## 
[0.478778546827065, 0.5827195283931654, 0.6514954981771676, 0.6995762609415226, 0.7368761735993463, 0.7625326768637778, 0.7823834465564908, 0.796873603183944, 0.8082169983032588, 0.8177465817949794, 0.8258233121386519, 0.8293474237392614, 0.8354099555327011, 0.841218588387107, 0.8453603139197504, 0.8498718072702219, 0.8538394215944651, 0.85706759056261, 0.8595547548553966, 0.8623356073423549, 0.8648411927593721, 0.8672571803803917, 0.8692417524016656, 0.8712585484525105, 0.8732671398703042, 0.8752098473476934, 0.8769167751610816, 0.8784533239699699, 0.8800483947401648, 0.8813843358610127, 0.8826001348259213, 0.883894991364565, 0.8848535770902762, 0.8860548319177585, 0.8871970353228552, 0.8882653160809396, 0.8890494416962873, 0.8897746028126897, 0.890692501253373, 0.8914292536608808, 0.892310371874152, 0.8930440250414986, 0.8937824173150836, 0.8945571653343536, 0.8952159279504338, 0.8958366246105315, 0.896504643935341, 0.8970484224122923, 0.8976879681015874, 0.8981616502409583, 0.8986346969330633, 0.899245146695558, 0.8998646521353507, 0.9004369494211566, 0.900936820418448, 0.9013411622192409, 0.9017643797639254, 0.9022702790192656, 0.902712405936138, 0.9031204830284592, 0.9035691698123743, 0.9040000889081139, 0.904405314106125, 0.904742044841384, 0.9051250416684795, 0.9054552840219962, 0.9058147719180262, 0.9061093891526127, 0.9064702015739303]
############## TEST MEAN_IOU ############## 
0.9066366520794955
