############## TRAIN LOSS ############## 
[0.1502800389105949, 0.0730054845576183, 0.24053899573265683, 0.8978491304880012, 0.8978831958429858, 0.8979658671591166, 0.8978531456493046, 0.8980146166603545, 0.898146173599747, 0.8977629936639357, 0.897844420353446, 0.897914631736633, 0.8979935646138266, 0.8974878324543272, 0.89819921041614, 0.8980629472541668, 0.8979781928557553, 0.8980262475798648, 0.8979373415593682, 0.897849406923, 0.8976499943179459, 0.8978538376324654]
############## VALIDATION LOSS ############## 
[0.17722172553048415, 0.10845822050217904, 0.9405231165274986, 0.9405231165274986, 0.9405231165274986, 0.9405231165274986, 0.9405231165274986, 0.9405231165274986, 0.9405231165274986, 0.9405231165274986, 0.9405231165274986, 0.9405231165274986, 0.9405231165274986, 0.9405231165274986, 0.9405231165274986, 0.9405231165274986, 0.9405231165274986, 0.9405231165274986, 0.9405231165274986, 0.9405231165274986, 0.9405231165274986, 0.9405231165274986]
############## TEST LOSS ############## 
0.8556361830595768
############## TRAIN MEAN_IOU ############## 
[0.47533836883601843, 0.556002794823668, 0.6200749092139639, 0.6026865154639021, 0.5748875804312594, 0.5568693515148249, 0.5442327750964208, 0.5348786222370895, 0.5276700897930978, 0.5219482010280764, 0.5172944462245649, 0.5134338623768574, 0.5101805175612638, 0.5074020099264007, 0.505000333930995, 0.502902904005201, 0.5010566506702621, 0.49941890847844045, 0.49795578816184055, 0.49664149574331334, 0.49545412248856313, 0.4943759035285529]
############## VALIDATION MEAN_IOU ############## 
[0.47533836883601843, 0.556002794823668, 0.6200749092139639, 0.6026865154639021, 0.5748875804312594, 0.5568693515148249, 0.5442327750964208, 0.5348786222370895, 0.5276700897930978, 0.5219482010280764, 0.5172944462245649, 0.5134338623768574, 0.5101805175612638, 0.5074020099264007, 0.505000333930995, 0.502902904005201, 0.5010566506702621, 0.49941890847844045, 0.49795578816184055, 0.49664149574331334, 0.49545412248856313, 0.4943759035285529]
############## TEST MEAN_IOU ############## 
0.49328438585454765
