############## TRAIN LOSS ############## 
[0.15442560660350765, 0.10944429083584666, 0.09773646915847486, 0.08978357084036746, 0.08353247361358355, 0.07951657647772499, 0.07574176091830842, 0.07347654932239386, 0.07145671353272691, 0.06931432853830424, 0.06767099178532508, 0.08263962040288239, 0.07769045519992826, 0.06561333274464584, 0.6954630562649587, 0.8980629463144539, 0.8979781928557553, 0.8980262475798648, 0.8979373415593682, 0.897849406923, 0.8976499943179459, 0.8978538376324654, 0.897986779184232, 0.8980204308694316, 0.8980936875788516, 0.8978215693933893, 0.8980538017231185, 0.8977732419375468, 0.8976315754559482, 0.8977693624787523, 0.8976595482066747, 0.897764102250338, 0.8979981355282423]
############## VALIDATION LOSS ############## 
[0.12263403635691195, 0.10016594688389815, 0.08601897847199556, 0.07769359975103654, 0.07271092635232444, 0.06898559381564458, 0.07171996001738544, 0.06555198028902798, 0.06672253372038112, 0.06344972421214276, 0.06196292288893578, 0.06357432399675542, 0.060562443745998194, 0.061130428924133964, 0.9405231165274986, 0.9405231165274986, 0.9405231165274986, 0.9405231165274986, 0.9405231165274986, 0.9405231165274986, 0.9405231165274986, 0.9405231165274986, 0.9405231165274986, 0.9405231165274986, 0.9405231165274986, 0.9405231165274986, 0.9405231165274986, 0.9405231165274986, 0.9405231165274986, 0.9405231165274986, 0.9405231165274986, 0.9405231165274986, 0.9405231165274986]
############## TEST LOSS ############## 
0.8556361830595768
############## TRAIN MEAN_IOU ############## 
[0.47309951115030424, 0.4974146504794155, 0.5256638144319122, 0.5453216279143686, 0.5616547400215725, 0.5759152547196225, 0.5882995777704694, 0.598637874867465, 0.6081100845256368, 0.6162053701039907, 0.6238787493727229, 0.6303308610846331, 0.6338792277483253, 0.6389421516576329, 0.6396323631072903, 0.6300970165579168, 0.6212740279398523, 0.6133870352898632, 0.6062929647731351, 0.5998797256264601, 0.5940527534028431, 0.588734420503045, 0.5838609363984417, 0.579377740285955, 0.5752400878044936, 0.5714111532848161, 0.5678553607415509, 0.5645466663010485, 0.5614594405701568, 0.5585716843336552, 0.5558648403431918, 0.5533222711838044, 0.5509290816010656]
############## VALIDATION MEAN_IOU ############## 
[0.47309951115030424, 0.4974146504794155, 0.5256638144319122, 0.5453216279143686, 0.5616547400215725, 0.5759152547196225, 0.5882995777704694, 0.598637874867465, 0.6081100845256368, 0.6162053701039907, 0.6238787493727229, 0.6303308610846331, 0.6338792277483253, 0.6389421516576329, 0.6396323631072903, 0.6300970165579168, 0.6212740279398523, 0.6133870352898632, 0.6062929647731351, 0.5998797256264601, 0.5940527534028431, 0.588734420503045, 0.5838609363984417, 0.579377740285955, 0.5752400878044936, 0.5714111532848161, 0.5678553607415509, 0.5645466663010485, 0.5614594405701568, 0.5585716843336552, 0.5558648403431918, 0.5533222711838044, 0.5509290816010656]
############## TEST MEAN_IOU ############## 
0.5484849498729513
