############## TRAIN LOSS ############## 
[0.13888781098963543, 0.06614312883896485, 0.054499379919499984, 0.04554898950726482, 0.0397752670199282, 0.04041448515196969, 0.03587145116808142, 0.03354305234562809, 0.032101532632287336, 0.030331888970092247, 0.030553813838589516, 0.027740522402824798, 0.027958660959762988, 0.025950382159748073, 0.026020797101286793, 0.02468144978958482, 0.02564528270060593, 0.02390730116311314, 0.38508639062301503, 0.897578648174706, 0.8972871626742837, 0.897490563424105, 0.8976287103914575, 0.8978005701877824, 0.8980078779930866, 0.8977473693229997, 0.8980538021258526, 0.8977732420717914, 0.8976315754559482, 0.8977693660362367, 0.8976595482066747, 0.89776411403031, 0.8979981402268066, 0.8980438329081583, 0.8977563489458552, 0.8976177283043951]
############## VALIDATION LOSS ############## 
[0.08328429163050126, 0.11170012470992173, 0.07145363745261349, 0.07028066636264033, 0.0505964101620895, 0.04272494681508226, 0.03960373618311303, 0.03682245755129877, 0.04069022675884851, 0.03380326767379016, 0.03538789502436332, 0.03375213258151038, 0.02935715757913011, 0.031195742415958176, 0.03035247209481895, 0.027171489380884404, 0.029603038581234274, 0.027234547036499076, 0.9395832585093155, 0.940522990305898, 0.9405229201827865, 0.9405229482320311, 0.9405227518873189, 0.9405227518873189, 0.9405228523971121, 0.9405231165274986, 0.9405231165274986, 0.9405231165274986, 0.9405231165274986, 0.9405231165274986, 0.9405231165274986, 0.9405231165274986, 0.9405231165274986, 0.9405231165274986, 0.9405231165274986, 0.9405231165274986]
############## TEST LOSS ############## 
0.8556361772797324
############## TRAIN MEAN_IOU ############## 
[0.4843269340559706, 0.5891133503199698, 0.6444091406222936, 0.6820354862390338, 0.709710625512106, 0.7305539690025218, 0.7464439478946162, 0.7600080689734167, 0.7714388755796192, 0.7807963015259923, 0.7890171493898641, 0.7959111736298682, 0.8022257716537596, 0.8078977162236566, 0.813126079335406, 0.8176868827761831, 0.8218847888412776, 0.8256161114922514, 0.8272452065805057, 0.8127118603469016, 0.7967407684605401, 0.7822009617009679, 0.7689084142849252, 0.7567070250038628, 0.7454685684259947, 0.735087177439316, 0.7254632543604653, 0.7165217807701042, 0.7081909842185072, 0.7004092924363978, 0.6931245370625375, 0.6862902587598508, 0.6798650991540771, 0.6738121090708552, 0.6681038098963531, 0.6627102163997857]
############## VALIDATION MEAN_IOU ############## 
[0.4843269340559706, 0.5891133503199698, 0.6444091406222936, 0.6820354862390338, 0.709710625512106, 0.7305539690025218, 0.7464439478946162, 0.7600080689734167, 0.7714388755796192, 0.7807963015259923, 0.7890171493898641, 0.7959111736298682, 0.8022257716537596, 0.8078977162236566, 0.813126079335406, 0.8176868827761831, 0.8218847888412776, 0.8256161114922514, 0.8272452065805057, 0.8127118603469016, 0.7967407684605401, 0.7822009617009679, 0.7689084142849252, 0.7567070250038628, 0.7454685684259947, 0.735087177439316, 0.7254632543604653, 0.7165217807701042, 0.7081909842185072, 0.7004092924363978, 0.6931245370625375, 0.6862902587598508, 0.6798650991540771, 0.6738121090708552, 0.6681038098963531, 0.6627102163997857]
############## TEST MEAN_IOU ############## 
0.6572174644229388
