############## TRAIN LOSS ############## 
[0.13290740888846853, 0.06471104997756623, 0.05044739809910335, 0.043711493115584775, 0.04564827593997318, 0.03787814338362738, 0.035780630461837014, 0.033279072820077346, 0.032196750017589634, 0.03031020604697636, 0.029018027707278887, 0.026836006515745917, 0.028696215705962345, 0.02564458397738473, 0.025935951012437366, 0.024820882691291207, 0.023796883710609697, 0.023697873774254148, 0.02340739286254419, 0.022849921631630195, 0.02344163827919155, 0.02165847766142785, 0.021409578462463524, 0.022104884555897892, 0.021229629766543162, 0.0217122247888403, 0.020578748861504487, 0.020617206232166174, 0.020265180653754017, 0.020086584965676658, 0.01981284528006359, 0.019993955685922545, 0.01942776275655388, 0.01886913115546073, 0.019588558769838355, 0.018961534576282336, 0.01870710644416741, 0.018416699761858966, 0.018285951631881018, 0.01818245466630935, 0.0195241702692517, 0.0179873433264695, 0.018201509442446917, 0.017852960379542794, 0.018235069437396962, 0.017527799690936728, 0.017814220198684977, 0.017752736857342365, 0.018049254159786296, 0.01722649827966994, 0.016898498625598043, 0.01689308727704351, 0.01670658318455009, 0.0172886970465222, 0.018022752106418495, 0.016263068688826647, 0.01615518484496525, 0.016686773727702234, 0.01645755756033248, 0.016758552414840606, 0.01650760101874111, 0.01608389578606941, 0.016887470059946855, 0.016773636926561128, 0.016471881524938014, 0.01597022555941638, 0.016076131073155545]
############## VALIDATION LOSS ############## 
[0.06999764291971337, 0.08109541602578818, 0.053880559545302506, 0.06352571155145473, 0.04939258404477846, 0.039919297996104934, 0.03607905519596648, 0.03416557077720177, 0.032607318107586575, 0.032810361590236425, 0.03195691216444852, 0.03140509760409009, 0.030655741289842362, 0.029239621620588734, 0.02761199593078345, 0.030017113030029862, 0.027411196198241384, 0.023606620843102243, 0.026931008068369885, 0.026263984842408522, 0.02414198533640992, 0.025967544081675654, 0.024386321790242457, 0.02490144512871755, 0.030632759028972657, 0.02511736165102133, 0.022707744652186248, 0.027072346536442637, 0.021430064147959154, 0.024412689139317795, 0.021837309119291604, 0.025417994354011528, 0.026049255320400585, 0.02390291722600951, 0.02707010981918988, 0.022584422835030173, 0.023040412797355185, 0.02326784967262225, 0.02164640405452719, 0.024968372945509413, 0.023181542566995703, 0.020591340621239414, 0.01992474506522401, 0.02053830310629279, 0.023007565867338403, 0.020291646892277925, 0.01901587027161583, 0.02248821287945497, 0.02437101853737498, 0.021167120275398094, 0.02079729355104706, 0.021138217519311345, 0.024180551470421693, 0.025849070112385294, 0.020258060005931732, 0.02043398562362235, 0.020216196494670036, 0.02124771694470124, 0.0206962943204916, 0.020219549029955968, 0.021346165195984, 0.0272724594003247, 0.01977249768370872, 0.029785221214314886, 0.019529467421200347, 0.021172071962306898, 0.019016423538856794]
############## TEST LOSS ############## 
0.035830485512210866
############## TRAIN MEAN_IOU ############## 
[0.4900821002686883, 0.5998210623726115, 0.656909449009208, 0.696285936880756, 0.7199267993370692, 0.7389472373970994, 0.7548593751884796, 0.7677074476808041, 0.7785026011569006, 0.7874803370586386, 0.7952686778462685, 0.8021707984509768, 0.808093196704044, 0.8132164075567916, 0.8181319519340455, 0.8223558079686251, 0.8264270891343151, 0.8301996780005662, 0.8335049982677709, 0.8366476318857692, 0.8394971506686898, 0.8420413534517761, 0.8446670163859118, 0.8468320107943302, 0.8490300654425277, 0.8509422507774722, 0.8528144305219522, 0.8547010689571097, 0.8564148946656837, 0.8580920699614663, 0.8597039543427862, 0.8611692233128591, 0.8626148512100315, 0.8639882867400711, 0.8652945942841135, 0.8665186448677166, 0.8677376898693608, 0.8689313988696348, 0.8700556512754243, 0.8711516689341348, 0.8721293270050943, 0.8730849287397152, 0.8740569529635412, 0.8749800423109854, 0.8758641239087861, 0.876729007575426, 0.8775991642394582, 0.8784137884373063, 0.8792194415991371, 0.8799057037040994, 0.8807029809366476, 0.8814486418892672, 0.8821867244603397, 0.8828511724063942, 0.8834811269163011, 0.8840773907733394, 0.8847528562486708, 0.8854034157083915, 0.8859993759039286, 0.8865866199270025, 0.8871519849509806, 0.8877313206190461, 0.888245854493197, 0.8887508039001946, 0.889199028815235, 0.8897106203141513, 0.8901983133038959]
############## VALIDATION MEAN_IOU ############## 
[0.4900821002686883, 0.5998210623726115, 0.656909449009208, 0.696285936880756, 0.7199267993370692, 0.7389472373970994, 0.7548593751884796, 0.7677074476808041, 0.7785026011569006, 0.7874803370586386, 0.7952686778462685, 0.8021707984509768, 0.808093196704044, 0.8132164075567916, 0.8181319519340455, 0.8223558079686251, 0.8264270891343151, 0.8301996780005662, 0.8335049982677709, 0.8366476318857692, 0.8394971506686898, 0.8420413534517761, 0.8446670163859118, 0.8468320107943302, 0.8490300654425277, 0.8509422507774722, 0.8528144305219522, 0.8547010689571097, 0.8564148946656837, 0.8580920699614663, 0.8597039543427862, 0.8611692233128591, 0.8626148512100315, 0.8639882867400711, 0.8652945942841135, 0.8665186448677166, 0.8677376898693608, 0.8689313988696348, 0.8700556512754243, 0.8711516689341348, 0.8721293270050943, 0.8730849287397152, 0.8740569529635412, 0.8749800423109854, 0.8758641239087861, 0.876729007575426, 0.8775991642394582, 0.8784137884373063, 0.8792194415991371, 0.8799057037040994, 0.8807029809366476, 0.8814486418892672, 0.8821867244603397, 0.8828511724063942, 0.8834811269163011, 0.8840773907733394, 0.8847528562486708, 0.8854034157083915, 0.8859993759039286, 0.8865866199270025, 0.8871519849509806, 0.8877313206190461, 0.888245854493197, 0.8887508039001946, 0.889199028815235, 0.8897106203141513, 0.8901983133038959]
############## TEST MEAN_IOU ############## 
0.8904295487837358
