############## TRAIN LOSS ############## 
[0.21120999934705528, 0.14319051147715464, 0.08482394689643705, 0.04685533937771578, 0.031183573719416116, 0.02064701752435114, 0.020541359733387426, 0.016141884809208883, 0.014752524621734346, 0.013567058017125001, 0.012950736110576906, 0.012652912598757728, 0.012254213398272122, 0.012162275788550442, 0.011912736148145553]
############## VALIDATION LOSS ############## 
[0.21362094844088836, 0.4520830319208257, 0.14635065899175756, 0.11872660850777346, 0.06066240940023871, 0.05948275327682495, 0.031252551166450274, 0.029758397928055597, 0.03531810860423481, 0.02634074856691501, 0.05441791871014763, 0.044640972991200054, 0.04619420582757277, 0.04544911686988438, 0.03576744479291579]
############## TEST LOSS ############## 
0.09859386944409573
############## TRAIN MEAN_IOU ############## 
[0.46103770346254913, 0.4747842195871714, 0.49177374710907806, 0.5502991668275885, 0.6091220846047273, 0.6560069548117148, 0.6929725223296398, 0.7219740152359009, 0.7454806115176227, 0.7647505144815188, 0.7806512729541676, 0.79400212055928, 0.8049606382846832, 0.8145831766966227, 0.8230033814907074]
############## VALIDATION MEAN_IOU ############## 
[0.4728008543743807, 0.4767412140088923, 0.5187580375110402, 0.5826596407329335, 0.6342733572511112, 0.6766790537273183, 0.7084406228626475, 0.7346470426110661, 0.7557748065275305, 0.7732303703532499, 0.7876565351205713, 0.7997075389413273, 0.8100541514508864, 0.8190321676871356, 0.8268794101827285]
############## TEST MEAN_IOU ############## 
0.8258604273651585
