############## TRAIN LOSS ############## 
[0.20695402161092372, 0.14060462326616854, 0.09183247372306683, 0.057358788125015596, 0.03526021253216911, 0.025196648341276356, 0.019600360843076092, 0.017866393865866435, 0.01602857671929775, 0.014418780400946334, 0.013402253949410609, 0.013431179953890073, 0.013113220209708891, 0.012782939048987385]
############## VALIDATION LOSS ############## 
[0.42204762381665845, 0.5070611150825725, 0.08446582231451483, 0.07483438073712237, 0.09459501899340574, 0.06328637547352735, 0.05562836808316848, 0.19553133845329285, 0.030799787710694707, 0.03877091276295045, 0.11261255381738439, 0.07239176990354762, 0.03755442863878082, 0.031528081087505114]
############## TEST LOSS ############## 
0.08005528196015141
############## TRAIN MEAN_IOU ############## 
[0.46092956493029724, 0.47719676107973663, 0.48710580492341843, 0.5304024324223802, 0.5870363084045617, 0.6331906479758185, 0.6711666543741484, 0.701220270749685, 0.7235631395030666, 0.7444251034710858, 0.7615921883969694, 0.7754266253999762, 0.7871814297663199, 0.7978771570566539]
############## VALIDATION MEAN_IOU ############## 
[0.47423171646454754, 0.4789792001247406, 0.5042660446727977, 0.5603846662184772, 0.6121294638689827, 0.6536334893282723, 0.6875224253710579, 0.7133290276807898, 0.7346910343450659, 0.7535178345792434, 0.768885167206035, 0.7815318072543425, 0.792818009853363, 0.8027913500280941]
############## TEST MEAN_IOU ############## 
0.8025111635526021
