############## TRAIN LOSS ############## 
[0.21111253004621816, 0.13485034847178975, 0.08911709885138112, 0.05015058807928015, 0.03350013708444061, 0.02360766929750507, 0.02008759995570054, 0.017268666192083747, 0.015538435662165284, 0.01471128931420075, 0.013315291968300133, 0.013358500062462848, 0.012791526025614224, 0.01256913665329685, 0.012904431652026, 0.140909744023874, 0.2010974631317564, 0.18191778085924484, 0.1795125448623219, 0.17800962723590233]
############## VALIDATION LOSS ############## 
[0.21258232961682713, 0.4884978339952581, 0.2020590892609428, 0.30684228153789744, 0.08384353755151525, 0.07580072432756424, 0.08014257120735505, 0.030289540176882464, 0.05355860380565419, 0.03488530218601227, 0.021103596424355227, 0.03616869997452287, 0.04005311999250861, 0.03183119086658254, 0.02110318247886265, 0.16562842533868902, 0.14065917888108423, 0.13851124048233032, 0.13770228449036093, 0.1349883653661784]
############## TEST LOSS ############## 
0.17138664081241145
############## TRAIN MEAN_IOU ############## 
[0.46103063829847285, 0.47471580352332143, 0.4937973437277046, 0.5439260964458054, 0.5945796410779696, 0.6399780374926489, 0.6763718853125701, 0.705069279348528, 0.7290783524513245, 0.7487263010965811, 0.7653323573035162, 0.7798355471443486, 0.791454567297085, 0.8017516716106518, 0.8107100765447359, 0.8178866094834095, 0.8040595723165048, 0.7864601104646116, 0.7700844737323554, 0.7555740443435875]
############## VALIDATION MEAN_IOU ############## 
[0.47276806480744304, 0.48057642403770895, 0.5157326670253978, 0.5716367819729973, 0.6191296893007615, 0.6597867082147038, 0.6918137564378626, 0.717953664415023, 0.7396249210133272, 0.7575155321289512, 0.7729585521361407, 0.7858757937655729, 0.7968925588271197, 0.8065314047476825, 0.8148967238033519, 0.8139031213872573, 0.7946867732440724, 0.7777003645896912, 0.7624160086407381, 0.7485902274356169]
############## TEST MEAN_IOU ############## 
0.7424039349411473
