############## TRAIN LOSS ############## 
[0.21055848372949137, 0.1372973903308849, 0.11163091916288878, 0.061804894911679065, 0.03855818074599311, 0.02745765042365403, 0.022503387245878175, 0.019083977198681316, 0.015580018529215374, 0.014785685519864028, 0.013620764212179426, 0.013290923107667146, 0.012773945354982405, 0.012796579142780724, 0.012044822155321771, 0.011993057031587168, 0.012223972819393148, 0.011581796284362272, 0.011278706118212762, 0.010934628653214188, 0.01127684730533007, 0.01083535560708795]
############## VALIDATION LOSS ############## 
[0.21228808076942668, 0.38341548863579245, 0.5250349500600029, 0.4409633103538962, 0.04278443950940581, 0.06842975800528246, 0.05049571263439515, 0.05129704668241389, 0.03259963191607419, 0.03807274515137953, 0.06421066864448435, 0.03577525300138137, 0.03773145180414705, 0.029679918442578876, 0.0331633601556806, 0.15532780263353796, 0.0286496960941483, 0.029071222114212373, 0.03154564539299292, 0.032267597449176455, 0.03851651487981572, 0.2102271292139502]
############## TEST LOSS ############## 
0.41016785836581027
############## TRAIN MEAN_IOU ############## 
[0.46103710620789917, 0.47434889827225657, 0.48721032730630925, 0.5228758816783493, 0.5688219634262291, 0.6140739877481718, 0.6515721904264914, 0.6809251799776748, 0.7061223508538427, 0.7277599967814781, 0.7456902708556201, 0.7610154192189913, 0.7737641817814594, 0.7851165090058301, 0.7951681074258443, 0.8041131327281127, 0.8113131692280641, 0.8182716997894081, 0.8247859002770604, 0.8305992016921172, 0.8359502062604234, 0.8407593353374584]
############## VALIDATION MEAN_IOU ############## 
[0.47278018383418813, 0.4794199940036325, 0.49990635058459115, 0.5471188531202429, 0.5931805792976829, 0.6340613505419563, 0.667140897582559, 0.6942675359108869, 0.7176767517538631, 0.7372250346576467, 0.753689772942487, 0.7676401804475224, 0.779777302461512, 0.7904019250589258, 0.7998599515241736, 0.8078282580656164, 0.8149891811258653, 0.8217553566483891, 0.8278383507448084, 0.8334280427764443, 0.8384188553866219, 0.8425969165914199]
############## TEST MEAN_IOU ############## 
0.8361813715009978
