############## TRAIN LOSS ############## 
[0.20260970284407204, 0.1066925552849834, 0.07244691937356382, 0.03974387867728601, 0.028270575721320267, 0.020225694012903684, 0.018472543439349613, 0.015669682019113285, 0.014356127933825593, 0.013479677601591558, 0.014277676013424187, 0.012978030406442043, 0.012526203368513568, 0.012353789558432795, 0.011844206154598174]
############## VALIDATION LOSS ############## 
[0.35120342934832854, 0.292480889488669, 0.10627531391732833, 0.1945259641198551, 0.10175347152878256, 0.11673149641822367, 0.08048821240663528, 0.041049206081558674, 0.038208012414329195, 0.027987746193128472, 0.1466108328279327, 0.036927297711372375, 0.059306709643672496, 0.061751553679213804, 0.04093967246658662]
############## TEST LOSS ############## 
0.10991740953741652
############## TRAIN MEAN_IOU ############## 
[0.460990515109655, 0.4861803626691973, 0.529023495074865, 0.5905010112234064, 0.6424005917600684, 0.682706589634354, 0.7147419782909187, 0.739934611159402, 0.7609843063998867, 0.7784287808714686, 0.7927417384611594, 0.8034600325532861, 0.8135651801083539, 0.8222643668587143, 0.8299369562316585]
############## VALIDATION MEAN_IOU ############## 
[0.4753946206148933, 0.5071951536571279, 0.5614896416664124, 0.6191440224647522, 0.664215063347536, 0.700341564767501, 0.7283236489576452, 0.7512424377834096, 0.7703145532047048, 0.7861137109644273, 0.7981821964768803, 0.8087088711121503, 0.8181676128331352, 0.8262888333376717, 0.8335635802325081]
############## TEST MEAN_IOU ############## 
0.8317129424124053
