############## TRAIN LOSS ############## 
[0.20228541561880628, 0.12304329937575637, 0.07627363404812845, 0.046907511640440776, 0.034249772619758104, 0.022041006378728797, 0.01988355485672081, 0.016354594140540104, 0.014747013797278743, 0.013864190537935576, 0.01300592627376318, 0.013722498794212131, 0.012684946640621166, 0.012608531088492757, 0.01170271132267206, 0.011676880908576218, 0.01213719734192096]
############## VALIDATION LOSS ############## 
[0.2263123086270164, 0.49769168916870565, 0.13430983529371374, 0.2026845470947378, 0.061117525267250394, 0.03158905357122421, 0.023624368669355616, 0.025536114678663367, 0.025321260971181533, 0.027944004053578657, 0.04511696319369709, 0.016542940236189786, 0.02855773182476268, 0.02060133350246093, 0.026113501147312278, 0.06260931294630556, 0.03203400071052944]
############## TEST LOSS ############## 
0.07723108621483499
############## TRAIN MEAN_IOU ############## 
[0.46097411940226685, 0.47890510108019857, 0.5098220033420099, 0.5729979727719281, 0.6250791219440667, 0.6684048199975813, 0.7031563536540882, 0.730804956442601, 0.7529333427145675, 0.7712868081556784, 0.7863696169208836, 0.7990558348797463, 0.8095228663972907, 0.8187607156263815, 0.827055993917826, 0.8343208206666483, 0.8403980433940887]
############## VALIDATION MEAN_IOU ############## 
[0.47390837003203, 0.4879537400077371, 0.5420720647363102, 0.6020341305171742, 0.6484314203262329, 0.6875953113331514, 0.7180460971944472, 0.742707238477819, 0.7627801649710712, 0.7792738325455609, 0.793050955323612, 0.8044438221875359, 0.8144218430799597, 0.8230873416451847, 0.8308599065331852, 0.8375090781380149, 0.8432770406498629]
############## TEST MEAN_IOU ############## 
0.8426779017303929
