############## TRAIN LOSS ############## 
[0.2097996096756007, 0.1430642685374698, 0.08639174649441564, 0.04854507273616823, 0.03195411744653373, 0.02348830217394877, 0.018330932192101673, 0.01768756891928009, 0.015399709463471899, 0.014300031178454692, 0.013226580183097237, 0.013395188854554214, 0.012990233752675153, 0.012930177303182112, 0.012353072553319303, 0.012289337241216688, 0.012270691653562558, 0.011326522333547473, 0.011014433911170912, 0.010952906223718781]
############## VALIDATION LOSS ############## 
[0.24692531105350046, 0.41989756682339835, 0.21634918013039758, 0.27658922444371614, 0.04819219800479272, 0.04663997099680059, 0.0462309268905836, 0.0370674654841423, 0.029387716423062718, 0.027038814828676337, 0.03563962153652135, 0.026208809412577572, 0.029902306987958795, 0.060173522023593676, 0.020988151869353128, 0.052810563760645246, 0.04459928984151167, 0.024536714176921284, 0.02774215117096901, 0.0782691016793251]
############## TEST LOSS ############## 
0.20224038723743323
############## TRAIN MEAN_IOU ############## 
[0.46101204164930293, 0.47536532701672735, 0.49677356111036763, 0.5500680538448127, 0.6019261793510334, 0.647783595162469, 0.6849613221915992, 0.7141285433962539, 0.7373327113486625, 0.75688404891942, 0.7728826717750447, 0.7866885356000952, 0.7979059275743123, 0.8079065044183988, 0.8162852872062374, 0.8240997163025109, 0.830593219479999, 0.8365282778804367, 0.842268052133354, 0.8473129046929849]
############## VALIDATION MEAN_IOU ############## 
[0.47289593780741973, 0.48083146880654726, 0.5217524556552663, 0.5784137634670034, 0.626871852313771, 0.667848033063552, 0.7008311853689306, 0.7264886323143455, 0.7477585357778213, 0.7653621400103849, 0.7801365291371065, 0.792550760156968, 0.803193169481614, 0.8123041110880235, 0.8203819183742299, 0.8275197183384615, 0.8336998364504646, 0.8395974811385659, 0.8449201057938969, 0.849533687619602]
############## TEST MEAN_IOU ############## 
0.8451257676789254
