############## TRAIN LOSS ############## 
[0.2202650179734101, 0.1639925368331574, 0.1067188810557127, 0.0711747757285028, 0.04018683114869369, 0.029353050917789742, 0.025241805064315732, 0.018559485321512092, 0.016696809419758013, 0.015349866205675376, 0.014239729369512281, 0.01345202123519738, 0.012995061993196205, 0.012764579452876304, 0.012174685108097823, 0.012697536907334989, 0.012219445729577864, 0.011096139356644975, 0.011226647766306996, 0.01108514519433516, 0.1525332738167128, 0.13964927991902507, 0.10584517482768845, 0.07895586332557974]
############## VALIDATION LOSS ############## 
[0.1763332223190981, 0.21534803860327778, 0.4688257820465985, 0.16214341275832234, 0.14834320808158202, 0.10334717131712857, 0.048008259385824203, 0.06378534874495338, 0.028297357042046153, 0.05357454191235935, 0.030227371436708114, 0.032973653253387004, 0.03285736568710383, 0.028132470872472313, 0.022629862103392098, 0.024521344724823448, 0.03378267257529147, 0.02249027733855388, 0.02245852559366647, 0.03731713674085982, 0.1371347536058987, 0.11716671550975126, 0.08436898405061048, 0.08809128710452248]
############## TEST LOSS ############## 
0.1280646581089858
############## TRAIN MEAN_IOU ############## 
[0.46095476883488734, 0.4731020818690996, 0.47923449245659083, 0.5138216042840803, 0.5654654019587749, 0.6114141763867559, 0.6482775283826364, 0.6798380121991441, 0.7059257054651106, 0.7280285398702364, 0.745966486834191, 0.7619473966392311, 0.774847415653435, 0.7864080232542914, 0.7966221917319942, 0.8056541423539858, 0.8134619883588843, 0.8204636799322592, 0.8271349749049625, 0.8329985874730188, 0.8319345656278971, 0.8161019666774852, 0.8020851757075336, 0.7928840566325832]
############## VALIDATION MEAN_IOU ############## 
[0.47261608348173256, 0.47311782661606283, 0.4957471402252422, 0.54008747549618, 0.5905828405829037, 0.6318282449946684, 0.6650349392610437, 0.6938409033943626, 0.7177096184562234, 0.7375285835827098, 0.7543103800100439, 0.7686983241754419, 0.7809974726508645, 0.791806228020612, 0.8013939436744241, 0.8097451188985039, 0.8171503859407762, 0.8240540518480188, 0.8302153804722954, 0.8357426979962517, 0.8239313574398265, 0.8085166215896606, 0.796569799675661, 0.790032849592321]
############## TEST MEAN_IOU ############## 
0.784923834511728
