############## TRAIN LOSS ############## 
[0.2206833312237585, 0.15666992650241465, 0.11298182677175547, 0.07673699539658185, 0.046824639788954646, 0.031086071193016863, 0.02422211628809974, 0.019746019555306114, 0.017144758342387708, 0.015897816626002658, 0.014584914315491915, 0.014089939876686077, 0.013384502664258753, 0.013114206971147575, 0.01267331583123352, 0.012697019211545185, 0.01198516518657876, 0.01131406199891825, 0.011173593817983527, 0.01119009667151683]
############## VALIDATION LOSS ############## 
[0.17632923757328706, 0.29427194069413576, 0.26891162290292625, 0.11395313240149442, 0.1378934392157723, 0.07975779123166028, 0.09767839969957576, 0.04695553727009717, 0.029443966115222257, 0.034999049761716056, 0.059648944612811595, 0.02144123153651462, 0.029296910938094643, 0.020109007463735694, 0.01980200519456583, 0.03896734074634664, 0.04985900069860851, 0.025872184730627957, 0.023953122799010837, 0.04178319739944795]
############## TEST LOSS ############## 
0.13294337448297125
############## TRAIN MEAN_IOU ############## 
[0.4609555058382653, 0.4734334945678711, 0.4789698027275704, 0.5068081999952728, 0.5534167748850745, 0.599426834164439, 0.6386464238166809, 0.6703317004281122, 0.6973825282341725, 0.7201036279265945, 0.7388697596820625, 0.7548983435373049, 0.7683740797880534, 0.780344293729679, 0.7910046400250615, 0.800267550590876, 0.8083473242617942, 0.815520185876537, 0.822325736284256, 0.8284103032704946]
############## VALIDATION MEAN_IOU ############## 
[0.47262149172670703, 0.47399796808467193, 0.4886232596986434, 0.5295530207016889, 0.5782255530357361, 0.6207173326436211, 0.6557211735669304, 0.6848081841188318, 0.709485650062561, 0.7299843325334436, 0.7472470718271592, 0.7619112659903133, 0.7747170574524823, 0.7859484903952655, 0.7958894968032837, 0.8045138962128583, 0.8121346936506384, 0.8191737497554106, 0.8255398904576021, 0.8312224289950203]
############## TEST MEAN_IOU ############## 
0.8287046544479602
