############## TRAIN LOSS ############## 
[0.20782310294138417, 0.123746633126929, 0.08303428672858186, 0.044846337792035694, 0.030316918987680127, 0.022080323709225334, 0.01902432505645462, 0.016593353155799007, 0.014868000880940943, 0.013596400259868116, 0.013266233431578085, 0.013101428810104326, 0.012455540199487193, 0.012312798641269674, 0.011678961860771114, 0.011328837664395169, 0.011264999359342697, 0.010908148559817189, 0.010718904039193247, 0.010689491852866235, 0.23831350869826368, 0.1836186347378267, 0.18002848246613065, 0.1757930246357982, 0.1714472127323215]
############## VALIDATION LOSS ############## 
[0.2287133721744313, 0.2982166356900159, 0.19092822600813472, 0.1522481949890361, 0.07592789302853976, 0.059815368669874525, 0.033357517245937794, 0.03601288839298136, 0.040091656148433685, 0.030983174767564323, 0.03024315110900823, 0.0575501024723053, 0.06175768024781171, 0.029572203097974554, 0.026685774983728632, 0.05009670248802971, 0.13947530266116648, 0.03925206556039698, 0.030788275906268286, 0.021992318332195282, 0.1411775035016677, 0.14414288454196034, 0.13398628550417283, 0.13573763388044693, 0.12981457175577388]
############## TEST LOSS ############## 
0.15875726080302036
############## TRAIN MEAN_IOU ############## 
[0.46098870401446884, 0.4775859604816179, 0.5074909228730846, 0.5631374620102547, 0.6201154372176608, 0.6652588103268597, 0.7007460505575747, 0.7291645536551604, 0.7512689571122866, 0.7697295474039542, 0.785047126782907, 0.7981042056470304, 0.8084512763732189, 0.8176035421925623, 0.8259777362282211, 0.8334117652596654, 0.8397876716948844, 0.8446714837808866, 0.8500041285076657, 0.8547430618389232, 0.851280115746163, 0.8338762078736279, 0.8184864955979425, 0.8042169019982621, 0.7908675469256736]
############## VALIDATION MEAN_IOU ############## 
[0.4730175453073838, 0.4890957895447226, 0.532890193602618, 0.5943566385437461, 0.6447346631218406, 0.684741875704597, 0.7160998232224408, 0.7409483369658975, 0.7611013756078833, 0.7778934415648965, 0.7918992848957286, 0.8034758427563835, 0.8133233189582825, 0.8219757746247685, 0.8298515607328976, 0.8367572777411517, 0.8424339960603153, 0.8475292815881617, 0.852484710076276, 0.8570486692821279, 0.842112916357377, 0.8258846507352942, 0.811022162437439, 0.797358933617087, 0.7847547741497264]
############## TEST MEAN_IOU ############## 
0.7790336088700728
