############## TRAIN LOSS ############## 
[0.1861254459095968, 0.12215891027370014, 0.07716413688015293, 0.045805606210755336, 0.03855346070250144, 0.029095259306297916, 0.02494538522551994, 0.023007091915083898, 0.022080388914390996, 0.021758392390266463, 0.019377562532050384, 0.018163552205707575, 0.018024722567281208, 0.017317053434011097, 0.015496375769175388, 0.0169084269326885, 0.014778782424793855, 0.01453814479346211, 0.01402005400961718, 0.014315004573782554, 0.014755231384943062, 0.013865840419925548, 0.01462269010576042, 0.013413953418667251, 0.013402620758357886, 0.013528674985659687, 0.01302350899582175, 0.19403997793592312, 0.17722468732579336, 0.16951055411954183, 0.16412673216011073, 0.15942411849627625, 0.15660817427812396, 0.15478149600125649, 0.15366331226116903, 0.15144379175192602]
############## VALIDATION LOSS ############## 
[0.47457970941767974, 0.4983503643204184, 0.6357616361449746, 0.517394507632536, 0.713780659086564, 0.49461979024550495, 0.5812529009931228, 0.4916547221295974, 0.46501951007282033, 0.3662207775256213, 0.7830693756832796, 0.1761423656169106, 0.4642476825153126, 0.29251863150035634, 0.17041634110843434, 0.6615602303953732, 0.4271383478361018, 0.7745591191684499, 0.33736388998873096, 0.2673407547614154, 0.19074472784996033, 0.13564617668881135, 0.18965145244317896, 0.12481820539516561, 0.11237926737350576, 0.05323825491701856, 0.10502751960473902, 0.17670281932634466, 0.17247704547994278, 0.1676620017079746, 0.16180196404457092, 0.1582843038965674, 0.15708487787667444, 0.1557082788032644, 0.1528022596064736, 0.15149297170779286]
############## TEST LOSS ############## 
0.14240819184166012
############## TRAIN MEAN_IOU ############## 
[0.46324724844984105, 0.4780820318170496, 0.5052622186171042, 0.5595781698420241, 0.6036864164713267, 0.6318542707610775, 0.6586957106719146, 0.6785242887767585, 0.6950364394767864, 0.7089763404549779, 0.7212484768919043, 0.7303369343280792, 0.7414576330700436, 0.749277842205924, 0.7573718146697895, 0.7653005864169147, 0.770081574046934, 0.7757641222025897, 0.7791622957667789, 0.7843850029481424, 0.7891055667722547, 0.7939081908883275, 0.7987835536131987, 0.8026364155717798, 0.8068779280056825, 0.8108824129040176, 0.8149638312893945, 0.8126145335468086, 0.8017699734584706, 0.7916162569780607, 0.7820686577139674, 0.7730742773494205, 0.7645870656580538, 0.7565657238702517, 0.7489735725763682, 0.7417757768888731]
############## VALIDATION MEAN_IOU ############## 
[0.47459346757215615, 0.4834103829720441, 0.5322321688427645, 0.5845226470161887, 0.619401637245627, 0.6466364229426664, 0.6696313900106093, 0.6876967093523811, 0.7026500140919405, 0.715354793211993, 0.7260505171383128, 0.7362097712124095, 0.7456261866232928, 0.7534297354081098, 0.7615987413069781, 0.7678090018384597, 0.7730457572376027, 0.7776357601670658, 0.7818763185949886, 0.7868165303679073, 0.7915339645217446, 0.7964090529610129, 0.8007346952662748, 0.8048035467372221, 0.8089077297378989, 0.8129094032680287, 0.8167968637803021, 0.8072149683447445, 0.7967288283740773, 0.7868799041299259, 0.7776096322957207, 0.7688691791366128, 0.7606150332619163, 0.7528082202462589, 0.7454134471276227, 0.7383977279943579]
############## TEST MEAN_IOU ############## 
0.73498368768981
