############## TRAIN LOSS ############## 
[0.18751842498376564, 0.11839083280112292, 0.06644724080389416, 0.04878709943512002, 0.044844052200583184, 0.03125932832827439, 0.026518630203665107, 0.023100309099095898, 0.02215587195462069, 0.022392420224039943, 0.019818062629752064, 0.01807609247043729, 0.017814339717497695, 0.020072795387760207, 0.02146319250853078, 0.016745096978706284, 0.015284558519016247, 0.014935195357916323, 0.014325653253173505, 0.014482166441912586, 0.01403994789045002, 0.013970432620545899, 0.014072688573316948, 0.013821832760161645, 0.013515447146838179, 0.014120217123245066, 0.013282146795677978, 0.013221222246569153, 0.013709723873919732, 0.017631629834303986, 0.013974295211704197, 0.013579948729759938, 0.012841248173719726, 0.012423826696200145, 0.012517841784535227, 0.012266463688197168, 0.01236847451434949, 0.012013231548858253, 0.012320826169908853, 0.012374429579673184, 0.011773140647926846, 0.012220446901345576, 0.012610478005749551]
############## VALIDATION LOSS ############## 
[0.6240831227863536, 1.0046837119495167, 0.367801473421209, 0.5062050784335417, 0.43332763279185577, 0.1735134852283141, 0.3591901432065403, 0.2879977086011101, 0.28380504601141987, 0.14998064935207367, 0.2556649691918317, 0.19008047002203324, 0.2009974577847649, 0.38272824883461, 0.09275313817402896, 0.09116441055255778, 0.08279212564229965, 0.1671794223434785, 0.10938223407549016, 0.12356206424096051, 0.07352828365914962, 0.07138562531155698, 0.06476485597736695, 0.03339376432054183, 0.06096581983215669, 0.19362620921695933, 0.038186644039609856, 0.03237077506149516, 0.04641960758496733, 0.03862513799001189, 0.032544843633385265, 0.04847949020126287, 0.023620879880207425, 0.033515666885411036, 0.042297361089902764, 0.031413773184313494, 0.05724889083820231, 0.11414928383686963, 0.029152074828743935, 0.02380826970671906, 0.04708577802076059, 0.06498265222591512, 0.031749099054757285]
############## TEST LOSS ############## 
0.05829476799928781
############## TRAIN MEAN_IOU ############## 
[0.4630877734036059, 0.4760171428725526, 0.5042259012525147, 0.5586193268363541, 0.5968422060077255, 0.6266950787724676, 0.6543005334364401, 0.6760783791542053, 0.6946209499964843, 0.7094861413981464, 0.7244992755554818, 0.7358456954762742, 0.746490049201089, 0.7560442621643478, 0.7621276684709497, 0.7705213548363866, 0.7785879365495734, 0.7859824460905951, 0.7923280846428227, 0.7983486636264904, 0.8037824993197983, 0.809000672520818, 0.8137904808327958, 0.818183160311467, 0.8225084986235645, 0.8262805519877253, 0.8293634645036749, 0.8328459142027674, 0.8360751762583449, 0.8388167611650519, 0.8414168808911298, 0.8441307633309751, 0.8466728861267502, 0.8491902294996623, 0.8515584541333688, 0.8537737332485817, 0.8559296984930296, 0.8579284677634368, 0.8596759881522205, 0.8615446171245059, 0.8633547916605666, 0.8650351939974604, 0.8665464971516583]
############## VALIDATION MEAN_IOU ############## 
[0.4741481840610504, 0.4811324266826405, 0.5331916177974028, 0.5811128405963674, 0.6126937200041378, 0.6415040457949919, 0.6661181730382583, 0.6861856544719023, 0.7026638002956614, 0.7170788470436545, 0.7304585540995878, 0.7414812515763676, 0.7515966751996208, 0.759447784984813, 0.7660932786324445, 0.7745520577711218, 0.7823112151202034, 0.7891498348292183, 0.7953284347758574, 0.8010555014890783, 0.8063759137602413, 0.8114038705825806, 0.8159795578788308, 0.8203301359625423, 0.8244039241005393, 0.8278043690849753, 0.831092119216919, 0.8344677616568172, 0.8375274538993835, 0.8400016391978544, 0.8427649981835309, 0.8453696966171265, 0.8479022033074323, 0.850357546525843, 0.8526419716722825, 0.854830734870013, 0.8568985847865834, 0.8587869545992683, 0.8605893850326538, 0.8624149210312787, 0.8641962619388804, 0.8657932246432585, 0.8672933788860545]
############## TEST MEAN_IOU ############## 
0.8673141884081291
