############## TRAIN LOSS ############## 
[0.19458837041983734, 0.12081093743846223, 0.07048855827668228, 0.04401308585058998, 0.033121508042755966, 0.02820546638119865, 0.023600731724621477, 0.021755622964151, 0.019745091202895384, 0.02643712261389639, 0.019266001452263946, 0.018211591862947553, 0.019041319981821486, 0.016431557857809035, 0.014875900465995073, 0.014899046959456158, 0.014646473781180542, 0.015566668945138116, 0.014912832937379545, 0.014284316299332155, 0.015091764149130197, 0.014032750881302196, 0.014159246479991722, 0.013460302605872622, 0.013452848734183086, 0.013118709059985908, 0.013275830471586134, 0.01677384598784753]
############## VALIDATION LOSS ############## 
[0.48375047480358796, 1.1196869331247665, 0.5251408780322355, 0.9062482399099013, 0.344878927749746, 0.795413406456218, 0.526840700822718, 0.672598305870505, 0.22089093660607056, 0.38348276825512156, 0.5819765224176294, 0.22568530633169062, 0.1495176054099027, 0.28656285299974327, 0.16709579045281692, 0.3107139187700608, 0.33280205901931315, 0.0815923763986896, 0.2558912661145715, 0.2604745232007083, 0.16990700758555355, 0.1874832651194404, 0.17334026098251343, 0.11426575262756909, 0.1980494795476689, 0.19829430562608383, 0.09066403569544063, 0.09261062544058352]
############## TEST LOSS ############## 
0.0823117430914532
############## TRAIN MEAN_IOU ############## 
[0.4628118244377342, 0.4768224668663901, 0.5000686367621293, 0.5507086040200414, 0.5886684035932696, 0.6231214621582547, 0.6484304457097441, 0.6689855923523774, 0.685271213989, 0.7017501157683295, 0.7141410692318065, 0.7237329249446457, 0.7347965949290508, 0.7457167320960277, 0.7545735304420059, 0.7632066913553186, 0.7700582936003402, 0.7762382570150737, 0.7828423251976838, 0.7881272813758334, 0.793038523680455, 0.7979546841737386, 0.8024976003814388, 0.8066081332193838, 0.8108233414791726, 0.8143115156405681, 0.8176679764245007, 0.821008432555843]
############## VALIDATION MEAN_IOU ############## 
[0.4727562104954439, 0.4787181177560021, 0.5255175338071936, 0.5720645960639504, 0.6077820202883553, 0.63695609218934, 0.6597562362166012, 0.6778981896007762, 0.6946641697603113, 0.7081059743376339, 0.7193830363890704, 0.7297581679680768, 0.7403558492660522, 0.7503094357602736, 0.7590648566975313, 0.7668048283633064, 0.7733020852593815, 0.7795844744233524, 0.7855766555842232, 0.7907223876784829, 0.7955230579656714, 0.8003006928107318, 0.8045908773646635, 0.8087416010744432, 0.8126118113012875, 0.816033703439376, 0.819428612204159, 0.8223746874753166]
############## TEST MEAN_IOU ############## 
0.8209951104539813
