############## TRAIN LOSS ############## 
[0.19032001233584173, 0.12168396002537496, 0.07827147222249894, 0.04579255601542222, 0.03545093027925169, 0.03032991921881566, 0.02396449279291807, 0.023105258864627498, 0.021591934765613562, 0.020490247416435868, 0.019913781811860768, 0.018829588237143046, 0.01908528565655689, 0.016477020620997693, 0.016339953976205072, 0.01525737443385092, 0.015295181347913033, 0.017672262104177796, 0.014843247226766637, 0.04356763087766799, 0.02071521745843662, 0.016587204551575956, 0.015422836852234762, 0.015001529576005163, 0.014271160757571861, 0.0140388632772138, 0.013287793410740592, 0.013394928971506856, 0.013506234434710161, 0.01316365969014933, 0.013295459554757218, 0.013138487500868537, 0.012722816456713387, 0.012649210604109071, 0.012483440408785199, 0.012578793373462316, 0.012397804196823287, 0.012781895791507653, 0.015621757285820471, 0.01318529313052627, 0.013069597028850301, 0.012376052711310016, 0.012129706009668676, 0.011983840826999497, 0.012031524083451242, 0.011944630063717833, 0.012054839234396413, 0.011843621164459634]
############## VALIDATION LOSS ############## 
[0.5690963794203365, 0.6271096888710471, 0.5861571711652419, 0.5432113619411693, 0.7374016502324272, 0.5957867257735309, 0.7109879570848802, 0.7369577604181626, 0.7380723146831288, 0.678805410861969, 0.1784615770858877, 0.8355642907759723, 0.33398599484387564, 0.4608871218036203, 0.48680825794444366, 0.21096298536833594, 0.5744465379153981, 0.32800692407523885, 0.2577110914623036, 0.04510411028476322, 0.06049941940342679, 0.0721090609098182, 0.15656602032044353, 0.05517959441332256, 0.054667671594549626, 0.038882881074267274, 0.05079970706035109, 0.04393981199930696, 0.06313010195598882, 0.10432237890713356, 0.04666179363780162, 0.05604926452917211, 0.05135311558842659, 0.03814105382736992, 0.03515228420934256, 0.05532519190626986, 0.0593353135182577, 0.018619260641143602, 0.04507758709437707, 0.5133221500060138, 0.045723699471529794, 0.030676608576494103, 0.02390066797242445, 0.03485252313754138, 0.023032132426605505, 0.05147717345286818, 0.02973324038526591, 0.03379755050820463]
############## TEST LOSS ############## 
0.053815550063595625
############## TRAIN MEAN_IOU ############## 
[0.46292836762763356, 0.47694033948150844, 0.5011207578150002, 0.5528953486197704, 0.598303389710349, 0.6289438548925761, 0.6561119846395544, 0.6749510426779051, 0.6898601312895078, 0.704610642549154, 0.7160666721898157, 0.7294354656258145, 0.7361958808190113, 0.7447630899983484, 0.7522122988829741, 0.7586934767864846, 0.7663339134809133, 0.7713214263722703, 0.7768754210021045, 0.7793917382085646, 0.7830241362790804, 0.7879956243811427, 0.7932551382361231, 0.7975901518319104, 0.8023104224656079, 0.8066740881752323, 0.8108573153212264, 0.8147619439137949, 0.8184270713780377, 0.8218460139390584, 0.8248963992337923, 0.827934140289152, 0.8308501171099173, 0.8335536500892123, 0.8362295353734815, 0.838819598829424, 0.8411589015174556, 0.8434279408003833, 0.845457365383973, 0.8474761875900062, 0.8479156510249989, 0.8498857625432916, 0.8518350615694716, 0.8537374960409628, 0.8555118771823677, 0.8572370901301101, 0.8588274201831302, 0.8604288971101915]
############## VALIDATION MEAN_IOU ############## 
[0.47402693594203277, 0.4827339018092436, 0.526469770599814, 0.5788057621787576, 0.6160984635353088, 0.6435978798305287, 0.6666591588188621, 0.6832651671241311, 0.6977770223337061, 0.7108679624164805, 0.7229980966624092, 0.733253142412971, 0.7406125243972329, 0.7487772212308996, 0.7556146067731521, 0.762658904580509, 0.7691630686030668, 0.7742033986484304, 0.7797475772745469, 0.7803805610712837, 0.7855172437780044, 0.7906330929082983, 0.795445070547216, 0.7999452492770027, 0.8044973226154551, 0.80875362368191, 0.8128181099891663, 0.8165953790440279, 0.8201267614084131, 0.82338465311948, 0.8264184524031246, 0.8293673922033871, 0.8321994823568007, 0.8348801556755515, 0.8375136080910178, 0.8399766052470488, 0.8422815694528467, 0.8444920217289644, 0.8464367985725403, 0.8477207842995139, 0.8488762974739075, 0.8508330969249501, 0.8527630181873546, 0.8546080659417545, 0.8563544680090511, 0.8580192607991836, 0.8596064869095298, 0.8611705303192139]
############## TEST MEAN_IOU ############## 
0.8611516410654242
