############## TRAIN LOSS ############## 
[0.18541097228188771, 0.12428428378660937, 0.07499951174533045, 0.04851328974237313, 0.03733848712432224, 0.029327699637694937, 0.028486443003891287, 0.023991996837729537, 0.02721139180750863, 0.02225157999861482, 0.020451489785635792, 0.017685136556423998, 0.01731172128504998, 0.01816699350554798, 0.015284019899932114, 0.015141818565442352, 0.014775663714956594, 0.014403999128655807, 0.014584600069635623, 0.014289586918076148, 0.013791009060082, 0.013420471506243621, 0.013780766827482227]
############## VALIDATION LOSS ############## 
[0.2893025138798882, 0.6245744999717263, 0.3964428235502804, 0.918144141926485, 0.9183059965862947, 1.4190554057850557, 1.1311895005843218, 1.38439880399143, 0.4393816730555366, 0.2128487194285673, 0.42886930002885704, 0.35301068951101866, 0.046761912896352655, 0.2622048504212323, 0.31916653058108163, 0.36226436495780945, 0.3562937045798582, 0.13346302334000082, 0.26709573584444385, 0.5564842189059538, 0.5084885130910313, 0.2587037577348597, 0.5071262156262117]
############## TEST LOSS ############## 
0.619788631887147
############## TRAIN MEAN_IOU ############## 
[0.4631735332108833, 0.47809899054669047, 0.5074901178076461, 0.5591552233373797, 0.5971052936605505, 0.6268611083159575, 0.647463578630138, 0.6594830598380115, 0.6701856819359032, 0.684641616569983, 0.700322164877041, 0.7111922285041293, 0.7217328717579713, 0.7336722209646895, 0.7429619270402033, 0.7505075673799257, 0.7570820491056185, 0.7633610762454368, 0.7701832724584116, 0.775901226578532, 0.779795500072273, 0.7835677797729904, 0.7881077971007373]
############## VALIDATION MEAN_IOU ############## 
[0.47405732905163483, 0.48814307240878835, 0.5339938472299015, 0.5809059458620408, 0.6136414654114667, 0.6388239334611332, 0.6541837383719051, 0.6662517260102665, 0.6776352279326495, 0.6926638133385602, 0.7060321218827191, 0.7167671463068794, 0.7278621126623714, 0.7383859017316032, 0.7469943270963781, 0.7540065085186678, 0.7603858463904437, 0.7668739837758681, 0.7731224473784951, 0.7779741637847003, 0.7818068581468919, 0.7859384242226096, 0.7897236031644485]
############## TEST MEAN_IOU ############## 
0.7804651668577484
