############## TRAIN LOSS ############## 
[0.19957929517369014, 0.1280968772197092, 0.08231440317389127, 0.04990886476494976, 0.03853908052819001, 0.030738751177449484, 0.02706504604351279, 0.023929084185510874, 0.021752858307917376, 0.021486702463212045, 0.020741941344395682, 0.01786214645599594, 0.017354388356309484, 0.016385699156671762, 0.01542223963534107, 0.01744804805698427, 0.016171127306045713, 0.015197755366161064, 0.024821217322873103, 0.01834404590615147, 0.014771515100791648, 0.014261481024928996, 0.015915238084523258, 0.013947587938526192, 0.013608083563126825, 0.013455435992344408, 0.012992480694240815, 0.013074133834625417, 0.013099718813759249]
############## VALIDATION LOSS ############## 
[0.3493231394711663, 0.4909171216628131, 0.5828593162929311, 0.8706282377243042, 0.9573037694482243, 0.319025819792467, 0.8799982912400189, 0.7420045382836286, 0.534471077077529, 0.3190704408813925, 0.44943438908633065, 0.5930895735235775, 0.529221468112048, 0.601522890960469, 0.29346608151407805, 0.6442231991711784, 0.26218077891013203, 0.1466177531024989, 0.03535878329592593, 0.11138312737731372, 0.08262201354784124, 0.05689235316479907, 0.1696467250585556, 0.05564419114414383, 0.05837982454720665, 0.039653739727595276, 0.04308930674896521, 0.04264980905196246, 0.09097217636949875]
############## TEST LOSS ############## 
0.1304202630664363
############## TRAIN MEAN_IOU ############## 
[0.4629845365479186, 0.4744017361789136, 0.5008723808301462, 0.5515566983738461, 0.5922986172341012, 0.6203468079502518, 0.6483088780093837, 0.6663375706286043, 0.6814661831469149, 0.6964338711790137, 0.7102455875358066, 0.7217168614671037, 0.7316808225335302, 0.7400053071009146, 0.7474623491635194, 0.7552212605605254, 0.7604222950097677, 0.7673287335279826, 0.7731976412438057, 0.7794856936544985, 0.7854060772302989, 0.7912709785474313, 0.7967108480028204, 0.8011201974507924, 0.8058983538601849, 0.8102818195884293, 0.814523496337839, 0.8184450888955915, 0.8221276934082443]
############## VALIDATION MEAN_IOU ############## 
[0.47265687409569235, 0.479412482065313, 0.5257860597442178, 0.5748309317757102, 0.608304970404681, 0.6355901080019334, 0.6584559819277596, 0.6747417239581838, 0.6896349086480982, 0.7037799042813918, 0.7162370541516472, 0.7271097688113942, 0.736176427672891, 0.7440043933251325, 0.7516795572112588, 0.7580786662943223, 0.7639847362742704, 0.770811726065243, 0.7762102660010842, 0.782378705108867, 0.7883387663785149, 0.7940523378989276, 0.7988746937583474, 0.8034982996828416, 0.8080800000359031, 0.8123804015271804, 0.8164777334998635, 0.8202773893580717, 0.823757150593926]
############## TEST MEAN_IOU ############## 
0.8226797280889568
