############## TRAIN LOSS ############## 
[0.18154301152035995, 0.0961536912599931, 0.054801368532148564, 0.03897920671246342, 0.030382260957078355, 0.027888072906313715, 0.024252613716934983, 0.02132974110694753, 0.019333476276212447, 0.019726337852409563, 0.017857240122818464, 0.016572212649358285, 0.020888963475118618, 0.01642753932046125, 0.015320004983427556, 0.01499884235798507, 0.017511429302897806, 0.015485920779709075, 0.016247052353227865, 0.013958692613586381, 0.013530512938175249, 0.013948635676422634, 0.0184207546738656, 0.013942701559564149, 0.01343118742964155, 0.013224516082806764, 0.01308777103376751, 0.012791356493442043, 0.01254854688571917, 0.012987636350649031]
############## VALIDATION LOSS ############## 
[0.7443153753000147, 1.1420613036436194, 1.1986764669418335, 1.0062115297597998, 0.4912929745281444, 0.8158592301256516, 0.5623149345902836, 0.47127142373253317, 0.6926261186599731, 0.6249154736013973, 0.6651048853116877, 0.5677525506300085, 0.09997905396363314, 0.18750325283583472, 0.32442933671614704, 0.22317223163212047, 0.22525366439538844, 0.037352968445595575, 0.06777193572591333, 0.08422546362613931, 0.07647421649273704, 0.06048877822125659, 0.033584528547876025, 0.04947209369172068, 0.023953787215492305, 0.03221105521216112, 0.03054202304166906, 0.028151546550147673, 0.04106275211362278, 0.03133725648855462]
############## TEST LOSS ############## 
0.05552456419576298
############## TRAIN MEAN_IOU ############## 
[0.4662128481510523, 0.4909621295896736, 0.541316162895512, 0.5831041408551706, 0.6108411357209489, 0.6393560662462905, 0.6579918120358441, 0.6754234159314955, 0.6908649995520308, 0.7025313570692733, 0.7126513147676313, 0.722808866082011, 0.7311037674143508, 0.7417385062655887, 0.7512464023925163, 0.7585466914885753, 0.7652407908761824, 0.7712362271708411, 0.778090173328245, 0.7843229520965267, 0.7899553727459263, 0.7952314349445136, 0.8001350220796224, 0.8047098235504048, 0.809264740428409, 0.8136190876767442, 0.8175891798895758, 0.821418252345678, 0.8249230425100069, 0.8282376568059664]
############## VALIDATION MEAN_IOU ############## 
[0.4737897129619823, 0.5156864944626304, 0.5662914269110736, 0.5995185725829181, 0.6270622190307168, 0.6499199481571422, 0.6676086117239559, 0.6839004334281472, 0.6975554438198314, 0.7082174981341642, 0.718254937845118, 0.7276836248005137, 0.73659927704755, 0.7467120359925663, 0.7550694486674141, 0.7622311115264893, 0.7684297596707064, 0.7749069052584031, 0.7812689542770386, 0.7871617113842684, 0.7926513482542599, 0.7978705974186168, 0.802356597255258, 0.8070478299084831, 0.8114736991770127, 0.8156769661342397, 0.8195450305938721, 0.823203535640941, 0.8266266619457918, 0.8298003357999465]
############## TEST MEAN_IOU ############## 
0.8301059715675585
