############## TRAIN LOSS ############## 
[0.18342891315350662, 0.08810585211156993, 0.042131772648694145, 0.026699944059490353, 0.01929175472075774, 0.01605094936865105, 0.01420619898173656, 0.01356450339930283, 0.013297570306128142, 0.013214973691926413, 0.012853362430768038, 0.012114529224188143, 0.012641808276089865, 0.03574596193770098]
############## VALIDATION LOSS ############## 
[0.17598649684120626, 0.0804464525597937, 0.10002783225739703, 0.02372840479673708, 0.018624301123268464, 0.03027511974248816, 0.018000156125601602, 0.022792623871389556, 0.014368759029928376, 0.03360408851329018, 0.03654597688685445, 0.02890343268347137, 0.1802995580193751, 0.08719085091177155]
############## TEST LOSS ############## 
0.13272945618990695
############## TRAIN MEAN_IOU ############## 
[0.4669750457679903, 0.5020143115842665, 0.5916419230602883, 0.6619032637493031, 0.7143057045098897, 0.7510926087160368, 0.7780005126386076, 0.79866931768688, 0.8145168028973244, 0.8272629166777069, 0.8375424162761586, 0.8462390090162689, 0.8533604535702113, 0.8573849205229733]
############## VALIDATION MEAN_IOU ############## 
[0.4785988926887512, 0.5464257387553945, 0.6317511306089514, 0.6912277270765865, 0.7347897711922141, 0.7658086594413308, 0.7893004382357878, 0.8071952321950127, 0.8213558337267708, 0.8326926827430725, 0.8420233165516573, 0.8499870405477636, 0.8558513452025021, 0.8557371532215792]
############## TEST MEAN_IOU ############## 
0.8492403229077657
