############## TRAIN LOSS ############## 
[0.1999322244444409, 0.17469518947171736, 0.1655533471488738, 0.1302479589441875, 0.10864683509141475, 0.08774255289956256, 0.06574964191059808, 0.08215729059936765, 0.05882855709474366, 0.044970837027371466, 0.03806598860401291, 0.036008270474167554, 0.031489989661552885, 0.027667631957310816, 0.025726523149657895, 0.024238979896983585, 0.02198093856038811, 0.021422798703382682, 0.01998354231116471, 0.019090601880741014, 0.01831472695276544, 0.017832145808046467, 0.01807624743496244, 0.017491978140094795, 0.017054638112182014, 0.01634272708146422, 0.017317910225608864, 0.01654750782459437, 0.015749951044248568, 0.01525565458310617, 0.014956492485965157, 0.015108086336571892, 0.014801080053386925, 0.014230923081102135, 0.014710200019180775, 0.0139435867753786, 0.013850998208933585, 0.013456915538791601, 0.013467929074289026, 0.013267851518550972, 0.013017504509571974, 0.012986611642010577, 0.01304795706292262, 0.012869179517299205, 0.012527299935820404, 0.012838504940002889, 0.012686805304576148, 0.012481066582909038, 0.0124325583781208, 0.012314940114748908, 0.012283622001943825, 0.011963349347514612, 0.012075665390102176, 0.011788551360033117, 0.011881308663670008, 0.011661044909274793, 0.011640273361794046, 0.011606878223451408, 0.011369724304893532, 0.011417713679104775]
############## VALIDATION LOSS ############## 
[0.1853959633439195, 0.17115113314460306, 0.25395849288678635, 0.1895622225368724, 0.1707441798027824, 0.14562423147407233, 0.08606482399444954, 0.1578214963277181, 0.12138493154563156, 0.08103390008795495, 0.06706700890379794, 0.16653764043368546, 0.23474405793582692, 0.4201119845988704, 0.8855699464386585, 0.4031192052598093, 1.2624253315084122, 0.3267454171881956, 0.4866112084949718, 0.2678688618482328, 0.08944162090911585, 0.4182051823419683, 0.10793754575299282, 0.3778509813196519, 0.23873075696767546, 0.07678823662446994, 0.0824567290643851, 0.11575920017910939, 0.08739910946757186, 0.07195850381372022, 0.05075364947026851, 0.05068137343315517, 0.06810503022051324, 0.044047811305990406, 0.11125382445022172, 0.06420218177578028, 0.08259350528904036, 0.039227480580117186, 0.061200177114383844, 0.03862352833590087, 0.07676225520816504, 0.09110441321835798, 0.0812495401969143, 0.0918828500252144, 0.07894438242211062, 0.06958185041359827, 0.08352931165227703, 0.09712856058396545, 0.1264160474141439, 0.051050898564212466, 0.06818352179492221, 0.055951614371117425, 0.13214134351879941, 0.10128415112986285, 0.04883862673944118, 0.1351255748201819, 0.20157377246548147, 0.08498335483611799, 0.08279924693645216, 0.11241659697364359]
############## TEST LOSS ############## 
0.168385413996499
############## TRAIN MEAN_IOU ############## 
[0.45452503309593545, 0.47214833331537676, 0.4725674946565886, 0.4732390153515446, 0.47650488727801554, 0.48994444297240664, 0.5143469964061771, 0.5408723961125623, 0.5604293120873941, 0.5821319936632036, 0.6029708841899494, 0.6222214505479142, 0.6384123751709053, 0.6526951494517627, 0.66500531177263, 0.6742423171395654, 0.684374198183283, 0.6912129467672056, 0.6999574206970833, 0.7074427164352692, 0.7153261599240003, 0.7232891058062648, 0.7295009107203096, 0.7362040963258829, 0.7414525006268475, 0.7468954233435897, 0.7525336882015606, 0.7577432211454924, 0.7625746823645927, 0.7671909783337567, 0.7718011146193152, 0.776190048939473, 0.7803466019329725, 0.7842462164861662, 0.7880267758627195, 0.7913254542393727, 0.7946926827903267, 0.7978085472777083, 0.80094685640421, 0.8038799252595987, 0.8067985322024371, 0.8094321929656707, 0.8118448885711463, 0.814245552093059, 0.816458333719958, 0.8187284217224465, 0.8208553640692083, 0.822962288383965, 0.8249210516611735, 0.8266845254210738, 0.8285729713268108, 0.8303258408297289, 0.8321165528383341, 0.8336129124100143, 0.8351580720764022, 0.8367586264739165, 0.8381087103405515, 0.8392987756041793, 0.8407164930223344, 0.8420414548736435]
############## VALIDATION MEAN_IOU ############## 
[0.45452503309593545, 0.47214833331537676, 0.4725674946565886, 0.4732390153515446, 0.47650488727801554, 0.48994444297240664, 0.5143469964061771, 0.5408723961125623, 0.5604293120873941, 0.5821319936632036, 0.6029708841899494, 0.6222214505479142, 0.6384123751709053, 0.6526951494517627, 0.66500531177263, 0.6742423171395654, 0.684374198183283, 0.6912129467672056, 0.6999574206970833, 0.7074427164352692, 0.7153261599240003, 0.7232891058062648, 0.7295009107203096, 0.7362040963258829, 0.7414525006268475, 0.7468954233435897, 0.7525336882015606, 0.7577432211454924, 0.7625746823645927, 0.7671909783337567, 0.7718011146193152, 0.776190048939473, 0.7803466019329725, 0.7842462164861662, 0.7880267758627195, 0.7913254542393727, 0.7946926827903267, 0.7978085472777083, 0.80094685640421, 0.8038799252595987, 0.8067985322024371, 0.8094321929656707, 0.8118448885711463, 0.814245552093059, 0.816458333719958, 0.8187284217224465, 0.8208553640692083, 0.822962288383965, 0.8249210516611735, 0.8266845254210738, 0.8285729713268108, 0.8303258408297289, 0.8321165528383341, 0.8336129124100143, 0.8351580720764022, 0.8367586264739165, 0.8381087103405515, 0.8392987756041793, 0.8407164930223344, 0.8420414548736435]
############## TEST MEAN_IOU ############## 
0.8407280222334043
############## VOC ############## 
0.9203640222549438
