############## TRAIN LOSS ############## 
[0.19663936772325016, 0.18055551210502246, 0.15867515378170186, 0.12433256349853568, 0.10615209899507128, 0.0884521686480389, 0.06348300225160143, 0.0483960308940024, 0.03949938048314941, 0.03456677323593213, 0.029350361694489513, 0.027118900002123, 0.02504948694426734, 0.022699129373372137, 0.0220842536471717, 0.020642044912050437, 0.018611198509330146, 0.01849566487310169, 0.017520218324084003, 0.017571419838245388, 0.016648705268429743, 0.016761108930851962, 0.016260018320502462, 0.015575373293580237, 0.015180698478476959, 0.015005178573365146, 0.01433117094508431, 0.01443639458870297, 0.014112511070797572, 0.014645285761772512]
############## VALIDATION LOSS ############## 
[0.18895242290169584, 0.17564636819502888, 0.141736349346591, 0.10978511384889192, 0.16290589027545033, 0.10362926651449765, 0.05829191441629447, 0.05966664069131309, 0.07826597214329477, 0.0516268492621534, 0.05409280075600334, 0.09296238451611762, 0.12341111226409089, 0.07425509641567866, 0.09069724702367596, 0.1141288789610068, 0.08429847285151482, 0.061043926861648466, 0.10104074840452157, 0.10860413086472773, 0.11046923726212744, 0.8735458733988744, 0.19165191814011218, 0.07384387586338848, 0.07372196829494308, 0.07612114494629935, 0.11656917193356682, 0.16640948664908314, 0.11360219997518203, 0.1445728575482088]
############## TEST LOSS ############## 
0.20038598360061044
############## TRAIN MEAN_IOU ############## 
[0.4543900014580907, 0.4720264243650007, 0.47249116661312346, 0.4738239377468556, 0.48134454950556027, 0.49704161313203005, 0.5246162854873382, 0.5550323509955192, 0.5841516648326908, 0.6100001179420196, 0.6322077265730849, 0.6524177601745537, 0.6698680842244947, 0.6850540970896816, 0.6990953667743786, 0.7109310433671281, 0.7217244049450299, 0.7318530780775053, 0.7410550896111909, 0.7491550998644786, 0.7564978169965314, 0.7632929376653723, 0.766394545903077, 0.7718090178730251, 0.7774718983753307, 0.7826665768752227, 0.7875847870165164, 0.7919948831334844, 0.796007878071553, 0.7998505186390232]
############## VALIDATION MEAN_IOU ############## 
[0.4543900014580907, 0.4720264243650007, 0.47249116661312346, 0.4738239377468556, 0.48134454950556027, 0.49704161313203005, 0.5246162854873382, 0.5550323509955192, 0.5841516648326908, 0.6100001179420196, 0.6322077265730849, 0.6524177601745537, 0.6698680842244947, 0.6850540970896816, 0.6990953667743786, 0.7109310433671281, 0.7217244049450299, 0.7318530780775053, 0.7410550896111909, 0.7491550998644786, 0.7564978169965314, 0.7632929376653723, 0.766394545903077, 0.7718090178730251, 0.7774718983753307, 0.7826665768752227, 0.7875847870165164, 0.7919948831334844, 0.796007878071553, 0.7998505186390232]
############## TEST MEAN_IOU ############## 
0.7988424900806311
############## VOC ############## 
0.899421215057373
