############## TRAIN LOSS ############## 
[0.19597165877217645, 0.1712885644656044, 0.1598006409030777, 0.11595589519889506, 0.09878869408422762, 0.07165484133738655, 0.055777971003506635, 0.04540436275236241, 0.038698851810516535, 0.032360221871787366, 0.029225534969219216, 0.02601458843763884, 0.024453809451278265, 0.022864563994713732, 0.022388510724848456, 0.02129373004710352, 0.01872618171713642, 0.018749256593150063, 0.018175922065704793, 0.017867051534824544, 0.017070944286748633, 0.01705630137878764, 0.01586360454156592, 0.015644808098472452, 0.0153052867264361, 0.01505279218828356, 0.01497411869701233, 0.014593920284496234, 0.014510492727093332, 0.014296678851383764]
############## VALIDATION LOSS ############## 
[0.18756581755245433, 0.16513442350368873, 0.2163005599788591, 0.21912796152573005, 0.1532697118088311, 0.08772976798754112, 0.07153548614359369, 0.07980396576664027, 0.0700893052214501, 0.05050725120978028, 0.08555662507812183, 0.09898035907570053, 0.44478659419452443, 0.07664743379927148, 0.05614328749623953, 0.05121865981788028, 0.10999321134067049, 0.16947759863208323, 0.1186745704389086, 0.05111846437349039, 0.10905684808305666, 0.06278503613144744, 0.06984252636046971, 0.08393961191177368, 0.25534141122126114, 0.13592830373376025, 0.06205466769489588, 0.06583799166130085, 0.10207437592394211, 0.1288756266528485]
############## TEST LOSS ############## 
0.1856342870252903
############## TRAIN MEAN_IOU ############## 
[0.4543764561683208, 0.4719222383993166, 0.47302759311220666, 0.47466427651611537, 0.4833556864712689, 0.5070814372182967, 0.539919848914619, 0.5720057508966945, 0.599824302368336, 0.6243801235078691, 0.6460754044421084, 0.6649046733572677, 0.6815542218921421, 0.693890203226794, 0.7071269331751643, 0.7185743553144438, 0.7293187272441279, 0.7387285946725725, 0.7464966446429759, 0.7541678118276166, 0.7614282417941738, 0.7676791946093241, 0.7737395097543528, 0.7795433525566582, 0.7849322815199156, 0.7890321370717641, 0.793393282202987, 0.797815134933403, 0.8019237926414421, 0.8054869529363271]
############## VALIDATION MEAN_IOU ############## 
[0.4543764561683208, 0.4719222383993166, 0.47302759311220666, 0.47466427651611537, 0.4833556864712689, 0.5070814372182967, 0.539919848914619, 0.5720057508966945, 0.599824302368336, 0.6243801235078691, 0.6460754044421084, 0.6649046733572677, 0.6815542218921421, 0.693890203226794, 0.7071269331751643, 0.7185743553144438, 0.7293187272441279, 0.7387285946725725, 0.7464966446429759, 0.7541678118276166, 0.7614282417941738, 0.7676791946093241, 0.7737395097543528, 0.7795433525566582, 0.7849322815199156, 0.7890321370717641, 0.793393282202987, 0.797815134933403, 0.8019237926414421, 0.8054869529363271]
############## TEST MEAN_IOU ############## 
0.8048624549249206
############## VOC ############## 
0.9024312496185303
