############## TRAIN LOSS ############## 
[0.19644951055178772, 0.1749193040100304, 0.1888312931667577, 0.1296850958385983, 0.10405903967382672, 0.08636941183526237, 0.07503604217692539, 0.060811609801676894, 0.04922719309861596, 0.04260813307252016, 0.041789559026559196, 0.035182492002039344, 0.030087043170456414, 0.02730437269149063, 0.02620088911472677, 0.026562565803393588, 0.025259433028934238, 0.025369403212591336, 0.02125212813618484, 0.01957313589718159, 0.01931119459337211, 0.018380605766700732, 0.017926389913636823, 0.017757496914012474, 0.01689932884665223, 0.016383544760043018, 0.01639054036858651, 0.015973066256658452, 0.01577164810822085, 0.01562700562414017, 0.015443131218555275, 0.014800822144156104, 0.014749397632775005, 0.015601122869296116, 0.014963344511416581, 0.014426462511691425, 0.014665448283021515, 0.013890322088054172, 0.014335201155427878, 0.014594009565608995, 0.01369080350205705, 0.013429687744392469, 0.013548192073096026, 0.013370790124476494, 0.013868889586815427, 0.015113198735356869, 0.014056311341354976, 0.013524580050494757, 0.013292280067731668, 0.012968294590980083, 0.01253802961090932, 0.01242989687635018, 0.012413455785864645, 0.012309417103392046, 0.012254272629548837, 0.012372226210999059, 0.01195332139461964, 0.01187507734373883, 0.011797409093527644, 0.011750576682053171, 0.011790035384799447, 0.01170445109407107, 0.011556461377925164, 0.01145254351567846, 0.01155707186406797, 0.01177174004784844, 0.011670714663761156, 0.011434202023723104]
############## VALIDATION LOSS ############## 
[0.18868159429699766, 0.1598840125051199, 0.17426219378031937, 0.16183471708905464, 0.11852480047473721, 0.1310855987317422, 0.10296629676047493, 0.11328181171534109, 0.06671819850510242, 0.10331026143303104, 0.07155743504271787, 0.22048809656909868, 0.07789164840006362, 0.17129000027974448, 0.06928566909011673, 0.10936595996220906, 0.055522344933421, 0.054000083211005905, 0.07697126020987828, 0.055044731380892734, 0.07166000251092162, 0.0842987737234901, 0.07728640632886513, 0.08381876714673697, 0.07752928634484609, 0.09520070400892519, 0.09135414002572789, 0.09796288317325068, 0.090484665889366, 0.18107362325284995, 0.06391794095728912, 0.09920159464373308, 0.0493573257151772, 0.14639442925359689, 0.04841646186861338, 0.07343066527562983, 0.07858128378204271, 0.11053844994189692, 0.20988230378020042, 0.035162288184259455, 0.04032712645244365, 0.043464534495975454, 0.03233051446138644, 0.05039743611625597, 0.13139808645435408, 0.05277395043887344, 0.020997275123555287, 0.019921613692799035, 0.03456351361876609, 0.023322681293768042, 0.030368736744219183, 0.02789351935772335, 0.026059966936123138, 0.03439747553099604, 0.0534607718023015, 0.05131692435665458, 0.035595646237625796, 0.04377785883843899, 0.0349610069876208, 0.035596934275007715, 0.03317335047119973, 0.03778582771180892, 0.056108860773783104, 0.03760047329991471, 0.05837909533989196, 0.025985008744778586, 0.03961745361048801, 0.034021713862232135]
############## TEST LOSS ############## 
0.08199370612926556
############## TRAIN MEAN_IOU ############## 
[0.4543878342117275, 0.47191457114778124, 0.4725986751350197, 0.47590190172195435, 0.4827638587973139, 0.5000318589511218, 0.5208921110307848, 0.5435579800390983, 0.568869936036634, 0.5916986900406915, 0.6122659831433683, 0.6306103790128553, 0.6464801645493722, 0.6620075879870234, 0.6755396686158739, 0.6877811534984691, 0.698639388556953, 0.7086037934363425, 0.7181300934370574, 0.7268980993880881, 0.7351235559394768, 0.7426181156356055, 0.7494431717975719, 0.7558495531211028, 0.7616502755397075, 0.7672970869519689, 0.7724771231144398, 0.7773307513546299, 0.7817612113179387, 0.7859619796813071, 0.7895849535057137, 0.7935088846060607, 0.7970630886318447, 0.8006026111207567, 0.8035736083984375, 0.8067998510223251, 0.8097430682397103, 0.8124774501130387, 0.8151445829116546, 0.8172698719007475, 0.819893622183585, 0.8224236256367451, 0.8248110601493904, 0.8271353524010461, 0.8292622636030386, 0.8310503019942893, 0.832866350809733, 0.8348719628007563, 0.8368293562450925, 0.8386258080198958, 0.8404252577472378, 0.8421466291487754, 0.843828576105135, 0.8454597919910878, 0.8470097377493575, 0.8484322584427155, 0.8498095026961318, 0.8512243290205259, 0.8525717381958489, 0.8538856452649778, 0.8551435884054717, 0.8563791943026019, 0.8576152829436569, 0.8587344208279172, 0.859887313198399, 0.860923146342372, 0.8620306484334104, 0.8630571982882045]
############## VALIDATION MEAN_IOU ############## 
[0.4543878342117275, 0.47191457114778124, 0.4725986751350197, 0.47590190172195435, 0.4827638587973139, 0.5000318589511218, 0.5208921110307848, 0.5435579800390983, 0.568869936036634, 0.5916986900406915, 0.6122659831433683, 0.6306103790128553, 0.6464801645493722, 0.6620075879870234, 0.6755396686158739, 0.6877811534984691, 0.698639388556953, 0.7086037934363425, 0.7181300934370574, 0.7268980993880881, 0.7351235559394768, 0.7426181156356055, 0.7494431717975719, 0.7558495531211028, 0.7616502755397075, 0.7672970869519689, 0.7724771231144398, 0.7773307513546299, 0.7817612113179387, 0.7859619796813071, 0.7895849535057137, 0.7935088846060607, 0.7970630886318447, 0.8006026111207567, 0.8035736083984375, 0.8067998510223251, 0.8097430682397103, 0.8124774501130387, 0.8151445829116546, 0.8172698719007475, 0.819893622183585, 0.8224236256367451, 0.8248110601493904, 0.8271353524010461, 0.8292622636030386, 0.8310503019942893, 0.832866350809733, 0.8348719628007563, 0.8368293562450925, 0.8386258080198958, 0.8404252577472378, 0.8421466291487754, 0.843828576105135, 0.8454597919910878, 0.8470097377493575, 0.8484322584427155, 0.8498095026961318, 0.8512243290205259, 0.8525717381958489, 0.8538856452649778, 0.8551435884054717, 0.8563791943026019, 0.8576152829436569, 0.8587344208279172, 0.859887313198399, 0.860923146342372, 0.8620306484334104, 0.8630571982882045]
############## TEST MEAN_IOU ############## 
0.8629749082555674
############## VOC ############## 
0.9314874410629272
