############## TRAIN LOSS ############## 
[0.19605563137982343, 0.17173559587818008, 0.14153284982249542, 0.11569470684002112, 0.095623068310119, 0.07146880027275902, 0.05174814285458745, 0.041335762956657925, 0.03833457124461462, 0.03195934556424618, 0.028469680279896065, 0.02694809188445409, 0.02411220966091564, 0.02153240964823478, 0.02105752474351509, 0.01993354206048959, 0.018822256408564678, 0.01821121378793373, 0.018118285993533628, 0.017914300188757816, 0.01692767183690726, 0.01643986292686817, 0.015548971255083342, 0.015249874937843095, 0.015024728426995041, 0.01479272397553867, 0.014869192321491134, 0.014723438803140108, 0.014756881304689357, 0.01475808229968623, 0.014029545482952852]
############## VALIDATION LOSS ############## 
[0.17398067490727293, 0.16807380435513516, 0.12120944276159885, 0.1768478806696686, 0.1298041222434418, 0.0988415244455431, 0.1166572110617862, 0.10737765200582206, 0.15428281356306636, 0.07621900759199086, 0.06294606910908923, 0.2269351283709208, 0.22130326430002847, 0.5829042313145656, 0.12712542142938166, 0.11495331397243574, 0.2523668355801526, 0.15608249575484032, 0.12640583106115752, 0.10688212513923645, 0.19679581096359328, 0.2347882308211981, 0.11965351186546624, 0.2209965320778828, 0.13950816790262857, 0.1718028401042901, 0.16502358136223813, 0.15692785995848038, 0.15872445614898906, 0.2336487372716268, 0.1369818010750939]
############## TEST LOSS ############## 
0.2008546128191731
############## TRAIN MEAN_IOU ############## 
[0.45436861225076625, 0.4722548841356157, 0.4730959550754444, 0.4750537724645288, 0.48982264302872325, 0.514821103027275, 0.5490336718859973, 0.5819255220997441, 0.6098672640216243, 0.633187679557113, 0.6534911447817141, 0.6717800567815969, 0.6860350821469281, 0.6987477283220034, 0.7091370380676545, 0.7203446331324878, 0.7304158242973121, 0.7385981372884802, 0.7460998876674755, 0.753371295628247, 0.7600366757796692, 0.7657675206124246, 0.7709045882697578, 0.7764421685321911, 0.7810856275730305, 0.7857693600225019, 0.7899835372830296, 0.7938437322238544, 0.7974216057373597, 0.8009395867854625, 0.8038712245923979]
############## VALIDATION MEAN_IOU ############## 
[0.45436861225076625, 0.4722548841356157, 0.4730959550754444, 0.4750537724645288, 0.48982264302872325, 0.514821103027275, 0.5490336718859973, 0.5819255220997441, 0.6098672640216243, 0.633187679557113, 0.6534911447817141, 0.6717800567815969, 0.6860350821469281, 0.6987477283220034, 0.7091370380676545, 0.7203446331324878, 0.7304158242973121, 0.7385981372884802, 0.7460998876674755, 0.753371295628247, 0.7600366757796692, 0.7657675206124246, 0.7709045882697578, 0.7764421685321911, 0.7810856275730305, 0.7857693600225019, 0.7899835372830296, 0.7938437322238544, 0.7974216057373597, 0.8009395867854625, 0.8038712245923979]
############## TEST MEAN_IOU ############## 
0.8026049900536585
############## VOC ############## 
0.9013024568557739
