############## TRAIN LOSS ############## 
[0.19682413634953197, 0.17984729401163152, 0.16582739588108147, 0.1515520551317447, 0.11726531030626984, 0.11645710146104968, 0.09250146721128945, 0.06500641008218129, 0.05200894213877283, 0.043332465026561205, 0.03647205631273824, 0.03280349257024559, 0.028510896203754185, 0.025934231929011172, 0.024153828906180622, 0.023096798440894566, 0.02090561715466482, 0.02065048440619632, 0.020300050895359065, 0.018616193712496006, 0.018561243650142674, 0.017591073211316054, 0.016952307282334513, 0.016478176723729383, 0.015786576109963493, 0.015662602786612405, 0.015796908286509214, 0.015677873783551895, 0.016482608887861978, 0.01541936917750685, 0.014875415167225911, 0.014913931128208165, 0.014267864872005072, 0.013852840784500848]
############## VALIDATION LOSS ############## 
[0.18823283151084302, 0.17457379166986428, 0.14097102366241754, 0.13401325645984388, 0.13328208073097117, 0.09644251068433125, 0.08802824876472062, 0.06670880872829288, 0.05002965149926204, 0.0412383634670108, 0.03971498156441193, 0.05674754572557468, 0.056654948229883234, 0.03952726959159561, 0.058413313665226396, 0.07908847628563058, 0.09011364465250689, 0.043298169678332755, 0.3154756935203777, 0.050376477340857186, 0.06198615763409465, 0.06434350066325244, 0.06139244351024721, 0.07876110544391707, 0.07826783259709676, 0.11438198124661166, 0.1052229554921973, 0.0962079290811922, 0.0920247377133837, 0.06664475623299093, 0.05194809952495145, 0.1394702777558682, 0.06959434021629539, 0.06353264586890445]
############## TEST LOSS ############## 
0.0889231073472536
############## TRAIN MEAN_IOU ############## 
[0.4543931481537518, 0.47199442875277886, 0.4723445155599096, 0.4729100202654933, 0.47342460515262846, 0.4800135246268264, 0.486556144448014, 0.5050999898094315, 0.5344714232393213, 0.5611008658065452, 0.5862939883996775, 0.608874413881216, 0.6288929420548517, 0.6468121581249409, 0.6630063416721584, 0.6771875120498039, 0.6895980915507754, 0.7011887678154954, 0.7117109712179717, 0.7199391523996989, 0.7288571392093692, 0.7368926051500682, 0.7444041339126793, 0.7514253119090656, 0.7578817718737835, 0.7639549261814839, 0.7694542531494621, 0.7743342250317067, 0.778927160275949, 0.7832793609516041, 0.7876056239411637, 0.7917461921502879, 0.7953466982454866, 0.7989407106562778]
############## VALIDATION MEAN_IOU ############## 
[0.4543931481537518, 0.47199442875277886, 0.4723445155599096, 0.4729100202654933, 0.47342460515262846, 0.4800135246268264, 0.486556144448014, 0.5050999898094315, 0.5344714232393213, 0.5611008658065452, 0.5862939883996775, 0.608874413881216, 0.6288929420548517, 0.6468121581249409, 0.6630063416721584, 0.6771875120498039, 0.6895980915507754, 0.7011887678154954, 0.7117109712179717, 0.7199391523996989, 0.7288571392093692, 0.7368926051500682, 0.7444041339126793, 0.7514253119090656, 0.7578817718737835, 0.7639549261814839, 0.7694542531494621, 0.7743342250317067, 0.778927160275949, 0.7832793609516041, 0.7876056239411637, 0.7917461921502879, 0.7953466982454866, 0.7989407106562778]
############## TEST MEAN_IOU ############## 
0.800296317567729
############## VOC ############## 
0.9001481533050537
