############## TRAIN LOSS ############## 
[0.19686055210259584, 0.17478762607316714, 0.15334568770082146, 0.11404340996130093, 0.09032604819885245, 0.06470713680526158, 0.049270468889861495, 0.040746225832818866, 0.03471398650593049, 0.02926432697085647, 0.025920764903898712, 0.026098444369864894, 0.02437826395370402, 0.021244639681803214, 0.021195538660830206, 0.026900602504611015, 0.01949353585741273, 0.0186612629121891, 0.01699010166129819, 0.016814231662801257, 0.016395295919800126, 0.01667292891825373, 0.01579085332215638, 0.01600016992505606, 0.015135719994636806, 0.014934986217266268, 0.014669137637693066, 0.014223013643745903, 0.014163785320413005, 0.013967058680079004, 0.013623516729755982, 0.013321880460926541, 0.013306166406150337, 0.013329681713838835, 0.013195056468248367, 0.013099238603703073, 0.013162991325664628, 0.012968492333416466]
############## VALIDATION LOSS ############## 
[0.18729219717137954, 0.1678014137581283, 0.1205850192436985, 0.1600243200858434, 0.11519563212698582, 0.11143503834803899, 0.06726317436379545, 0.056404578919504206, 0.9513360355414596, 0.32742273632217855, 0.08487630942288567, 0.2187239691322925, 0.19921608298432594, 1.815337008120967, 0.16184887494526656, 0.052784939899164086, 0.05941827533145746, 0.039853688219890875, 0.06758944003605376, 0.047852474830898585, 0.06169847482997997, 0.10844698416836121, 0.053159245344645834, 0.06249494332016683, 0.06184139482530893, 0.052999261291880234, 0.04626047936286412, 0.07562298466469727, 0.046788118998793995, 0.07473652934034665, 0.047162297382658605, 0.05081193525271088, 0.06157908340295156, 0.0669681082169215, 0.05310225961547272, 0.08836435205211826, 0.08966864382519442, 0.050750833735162135]
############## TEST LOSS ############## 
0.0792689348523966
############## TRAIN MEAN_IOU ############## 
[0.45439923266032795, 0.4719564409943314, 0.47226582668923045, 0.47600561863667257, 0.49192051468668757, 0.5252753968711372, 0.5597935705571562, 0.5919142601726292, 0.6201768528233778, 0.6392450144699028, 0.6583789823291538, 0.6763744343508471, 0.6908858536599992, 0.7038727638957737, 0.7105575236114295, 0.7201661150734704, 0.7296277332950283, 0.739102680403907, 0.7479105076274356, 0.7558495746002541, 0.763212396217896, 0.7698660014985917, 0.7756695505735036, 0.7814002992870571, 0.7867031220917229, 0.7916167566368172, 0.7962482942117227, 0.8006514343055519, 0.8046460941031173, 0.8085348423536833, 0.8120632789156459, 0.8155295966981767, 0.8188149708885331, 0.8219239840636382, 0.8247741718549986, 0.8275077998101175, 0.8299145505235002, 0.8322444660169585]
############## VALIDATION MEAN_IOU ############## 
[0.45439923266032795, 0.4719564409943314, 0.47226582668923045, 0.47600561863667257, 0.49192051468668757, 0.5252753968711372, 0.5597935705571562, 0.5919142601726292, 0.6201768528233778, 0.6392450144699028, 0.6583789823291538, 0.6763744343508471, 0.6908858536599992, 0.7038727638957737, 0.7105575236114295, 0.7201661150734704, 0.7296277332950283, 0.739102680403907, 0.7479105076274356, 0.7558495746002541, 0.763212396217896, 0.7698660014985917, 0.7756695505735036, 0.7814002992870571, 0.7867031220917229, 0.7916167566368172, 0.7962482942117227, 0.8006514343055519, 0.8046460941031173, 0.8085348423536833, 0.8120632789156459, 0.8155295966981767, 0.8188149708885331, 0.8219239840636382, 0.8247741718549986, 0.8275077998101175, 0.8299145505235002, 0.8322444660169585]
############## TEST MEAN_IOU ############## 
0.8328888286243785
############## VOC ############## 
0.9164444208145142
