############## TRAIN LOSS ############## 
[0.19635289034864925, 0.17777291839724188, 0.16062077638265249, 0.16898577774430182, 0.13804380548698408, 0.1171923400582494, 0.10935591798913372, 0.09838679640948235, 0.07738283477924965, 0.059363189547717035, 0.04797995805337622, 0.0437412179234597, 0.03516642883554235, 0.03268806929993737, 0.029290236314540512, 0.026692939754407684, 0.02379975419256601, 0.02175538256965779, 0.019901009108703415, 0.01920611631158773, 0.0185259979402831, 0.017734031746717723, 0.01726554595940822, 0.0185823788245519, 0.017289859947521944, 0.01609591528068523, 0.016038581452055556, 0.015716475719871285, 0.015346348696799428, 0.01519502235391924, 0.01486417581537017, 0.01469936632123348, 0.014366399958259888, 0.014190828738113245, 0.013979500981869999, 0.014080285489022194, 0.01384940297921767, 0.014000766751197007, 0.013420563862398939, 0.014868319537994024, 0.01363535758175023, 0.012966967724800648, 0.013023606023272953, 0.012876138124648516, 0.012445026219965101, 0.012502114875829435, 0.012352919961149627, 0.012182638351176237, 0.011914323746889562, 0.011938767667087886, 0.012553851321540974, 0.012008107787518351, 0.011847932118217688]
############## VALIDATION LOSS ############## 
[0.18786413616993847, 0.17437930522011777, 0.13893448313077292, 0.14649310737263924, 0.1268136083495383, 0.10157949944921568, 0.09668389298752242, 0.09066122375866946, 0.10698046652125377, 0.0618394125326007, 0.049065037100922824, 0.043920225737725985, 0.03485284720127489, 0.03143206414054422, 0.030510976910591125, 0.02665877846233985, 0.030489009348492996, 0.029135398018886063, 0.027448392272287726, 0.027704368692402746, 0.02618766108564302, 0.031403857703302424, 0.023843898255304963, 0.028167556204340038, 0.026665189924339455, 0.024878009733762228, 0.0388715225545799, 0.03350364979283482, 0.023011875631032037, 0.02427484677629728, 0.026307326613688002, 0.02645721880025139, 0.022516128260130976, 0.031495069135345666, 0.030402617711646884, 0.02529901760977273, 0.06336664868628278, 0.0337758461634318, 0.023134731742389062, 0.02515320615002922, 0.026489447400558228, 0.027249003157896155, 0.050578076538502, 0.032233844164247606, 0.035811039272184465, 0.04714190879581021, 0.04440759619077047, 0.031232418273301685, 0.06294910288324543, 0.042368034521738686, 0.06234529738624891, 0.023863111038272287, 0.04167659989759034]
############## TEST LOSS ############## 
0.09540022415946228
############## TRAIN MEAN_IOU ############## 
[0.4543877397034619, 0.47192132526689823, 0.47219017121168944, 0.47325293303609967, 0.4732178323440724, 0.47378096548286647, 0.4779230391120051, 0.4836724856952289, 0.4961534158603565, 0.519533252930856, 0.5428410757769335, 0.5651555023751818, 0.5859820085602838, 0.6058339659158174, 0.6234960174775338, 0.6396611590643186, 0.6544362773766389, 0.6680346942162728, 0.6805004826537123, 0.692006981050646, 0.7025538296312899, 0.7121785889874708, 0.7208900011337556, 0.7290401727229625, 0.73648466451748, 0.7434853250915939, 0.7500997051462397, 0.7562180005752288, 0.7619232508513305, 0.7673530299384315, 0.7724384117770839, 0.7772228503012443, 0.7817738367630555, 0.7860630117021166, 0.7900487984622921, 0.7938032590591155, 0.7974260342013728, 0.8005286277951421, 0.8037705904728657, 0.806831397451796, 0.8098173812702969, 0.8126692014771539, 0.8153784479106869, 0.8178014578046026, 0.8203226612494873, 0.8227105189014126, 0.8249220987697979, 0.8270423047177426, 0.8291869152773608, 0.8311343466913378, 0.8330522227931667, 0.8348350852459401, 0.8367395615792489]
############## VALIDATION MEAN_IOU ############## 
[0.4543877397034619, 0.47192132526689823, 0.47219017121168944, 0.47325293303609967, 0.4732178323440724, 0.47378096548286647, 0.4779230391120051, 0.4836724856952289, 0.4961534158603565, 0.519533252930856, 0.5428410757769335, 0.5651555023751818, 0.5859820085602838, 0.6058339659158174, 0.6234960174775338, 0.6396611590643186, 0.6544362773766389, 0.6680346942162728, 0.6805004826537123, 0.692006981050646, 0.7025538296312899, 0.7121785889874708, 0.7208900011337556, 0.7290401727229625, 0.73648466451748, 0.7434853250915939, 0.7500997051462397, 0.7562180005752288, 0.7619232508513305, 0.7673530299384315, 0.7724384117770839, 0.7772228503012443, 0.7817738367630555, 0.7860630117021166, 0.7900487984622921, 0.7938032590591155, 0.7974260342013728, 0.8005286277951421, 0.8037705904728657, 0.806831397451796, 0.8098173812702969, 0.8126692014771539, 0.8153784479106869, 0.8178014578046026, 0.8203226612494873, 0.8227105189014126, 0.8249220987697979, 0.8270423047177426, 0.8291869152773608, 0.8311343466913378, 0.8330522227931667, 0.8348350852459401, 0.8367395615792489]
############## TEST MEAN_IOU ############## 
0.8370323608619998
############## VOC ############## 
0.9185161590576172
