############## TRAIN LOSS ############## 
[0.19648807180357408, 0.179926788484728, 0.17919972874559797, 0.16469715025510873, 0.13820681224266687, 0.11377528934059916, 0.1007656678557396, 0.07581687178294938, 0.06023147343112542, 0.054565426969044914, 0.04204718288671863, 0.03661803708218776, 0.03272655257233628, 0.028089141389271162, 0.026261023623315064, 0.023736002578123194, 0.022215423786693864, 0.021929344212686695, 0.019388128508318652, 0.01895496637669501, 0.01821212681966859, 0.017256955213442043, 0.01702483511018055, 0.016702396375638945, 0.01642599611266239, 0.016095796541252115, 0.01546890460592401, 0.01556765201694525, 0.014945784088660468, 0.014484499866428139, 0.01505457998362479, 0.0157589756774607, 0.014678621857620037, 0.013903043350322289, 0.013830934584073655, 0.01373337768857275, 0.013435151587399814, 0.013506946053255248, 0.013081253674049099, 0.20599513457299354, 0.1665567650317072, 0.14028922877870165, 0.12479271873965994, 0.11977463994208756, 0.1170249539049896, 0.11469881162718609, 0.11296289776628082, 0.11036420056411812, 0.10816802775806135, 0.10695831249426077, 0.10592204090711232, 0.1040363713830441, 0.10304901050823229]
############## VALIDATION LOSS ############## 
[0.188424459567257, 0.19447940032856137, 0.17040390740422642, 0.1740341677385218, 0.11859379562677122, 0.09966240896313798, 0.08920556555191676, 0.06504785430197622, 0.04921603516912928, 0.04655673658000488, 0.034832262781028654, 0.036927019885065505, 0.03170489738969242, 0.03177702028815653, 0.035854328752440566, 0.033050802152823, 0.04768084161275742, 0.0456104857080123, 0.06620561583515476, 0.04796422963194987, 0.053132688626646996, 0.06056147426658986, 0.07193735241889954, 0.04690385682910096, 0.07213747917729266, 0.058540807854311136, 0.08135889594753583, 0.0755319651581493, 0.05347720044208508, 0.04428472092338637, 0.09257118352780155, 0.0514041626935496, 0.031464001401236244, 0.05479827640103359, 0.06238342660899256, 0.03854593594430709, 0.040644040586901645, 0.042355360061514614, 0.0594875652927394, 0.18514922232020134, 0.15299894237050823, 0.12668179530723422, 0.12050603987539515, 0.11742556095123291, 0.11506994579936944, 0.11338277701653686, 0.11019158830829695, 0.1088022564848264, 0.1070166528224945, 0.10554313659667969, 0.10513549239612092, 0.10371029011759103, 0.10362615597014334]
############## TEST LOSS ############## 
0.10191611012425085
############## TRAIN MEAN_IOU ############## 
[0.4543827863426896, 0.4719083250105918, 0.4722062942681012, 0.4724561515692118, 0.4724184269303674, 0.473163621114181, 0.4807982761580665, 0.49695645259307314, 0.5223394106100271, 0.5476542270935334, 0.570244723075145, 0.5930325603699899, 0.6135067107441189, 0.6318158609373076, 0.6488733919891151, 0.6636618762402922, 0.6774444547859398, 0.6898578437598976, 0.7010095506101042, 0.7110493451625377, 0.720629531520981, 0.7292100969735567, 0.7371524830122251, 0.7444392646755185, 0.7513287158699723, 0.7573548039874515, 0.7631385981499612, 0.7685627921207531, 0.7736466457177927, 0.7786112433081275, 0.7833009689777821, 0.7872023297859742, 0.7911974991764035, 0.7951442067687576, 0.7988564635182286, 0.8023700166392971, 0.8057553757418383, 0.8089287162901045, 0.8118772044912115, 0.812793163565902, 0.8052251306740014, 0.7974610817325007, 0.7900816443804148, 0.7831451012207581, 0.7766513942598222, 0.7705660806045876, 0.7648626297443837, 0.7595593805785652, 0.7546514380085576, 0.7500737588684838, 0.7457639859603332, 0.7417301068434844, 0.73796461831342]
############## VALIDATION MEAN_IOU ############## 
[0.4543827863426896, 0.4719083250105918, 0.4722062942681012, 0.4724561515692118, 0.4724184269303674, 0.473163621114181, 0.4807982761580665, 0.49695645259307314, 0.5223394106100271, 0.5476542270935334, 0.570244723075145, 0.5930325603699899, 0.6135067107441189, 0.6318158609373076, 0.6488733919891151, 0.6636618762402922, 0.6774444547859398, 0.6898578437598976, 0.7010095506101042, 0.7110493451625377, 0.720629531520981, 0.7292100969735567, 0.7371524830122251, 0.7444392646755185, 0.7513287158699723, 0.7573548039874515, 0.7631385981499612, 0.7685627921207531, 0.7736466457177927, 0.7786112433081275, 0.7833009689777821, 0.7872023297859742, 0.7911974991764035, 0.7951442067687576, 0.7988564635182286, 0.8023700166392971, 0.8057553757418383, 0.8089287162901045, 0.8118772044912115, 0.812793163565902, 0.8052251306740014, 0.7974610817325007, 0.7900816443804148, 0.7831451012207581, 0.7766513942598222, 0.7705660806045876, 0.7648626297443837, 0.7595593805785652, 0.7546514380085576, 0.7500737588684838, 0.7457639859603332, 0.7417301068434844, 0.73796461831342]
############## TEST MEAN_IOU ############## 
0.7338758967139504
############## VOC ############## 
0.8669379353523254
