############## TRAIN LOSS ############## 
[0.19593972276459942, 0.17597993657932626, 0.1738225055170489, 0.14035793648915248, 0.11287729616637703, 0.09150085732475058, 0.07649195150614858, 0.058235003470300556, 0.05535579247920363, 0.044321540675990215, 0.03572063038947883, 0.03219548512149502, 0.029032872519917315, 0.026265076017594553, 0.024834436154714576, 0.02254401038291755, 0.02120267482356982, 0.020224366521647386, 0.09483299290274715, 0.15171474627814852, 0.06638698236228109, 0.03662975709717553, 0.03022157608925759, 0.024931077484611992, 0.023428071810452786, 0.02159803159333564, 0.020491479669471045, 0.07228219938707782]
############## VALIDATION LOSS ############## 
[0.17512918833424063, 0.16968407613389633, 0.15435114181509205, 0.11724100744023043, 0.1946360153310439, 0.11739732105942334, 0.07672600185169894, 0.05899958254075518, 0.12045996504671433, 0.0624008744808973, 0.05927628242209846, 0.059294452489006756, 0.0836435404478335, 0.3640314089316948, 0.12603897732846878, 0.12447525487810958, 0.36375439809817894, 0.2617853207915437, 0.29321636405645635, 0.0826959867103427, 0.09867474553631801, 0.05926163669894723, 0.09102707809092951, 0.07515328684273888, 0.21998592159327338, 0.1332682227971507, 0.08456168805851656, 0.14567938505434522]
############## TEST LOSS ############## 
0.23126955417671588
############## TRAIN MEAN_IOU ############## 
[0.4543730525283126, 0.4731538118542852, 0.4735267723465825, 0.47330547211406465, 0.47448493580560425, 0.48779073652920424, 0.5084612391016505, 0.5338885408264022, 0.5597572106498856, 0.5821320908563631, 0.6046197301632649, 0.625452271989874, 0.6437510960810894, 0.6597131345723126, 0.6725971167151993, 0.685400379133654, 0.6973120892370069, 0.7065947130993679, 0.7123534840506476, 0.7043185271658339, 0.6971416774096789, 0.7002794302261628, 0.7068683166761656, 0.7137492997152312, 0.7206770138697581, 0.7266742957604898, 0.7327172267544377, 0.7371634717460152]
############## VALIDATION MEAN_IOU ############## 
[0.4543730525283126, 0.4731538118542852, 0.4735267723465825, 0.47330547211406465, 0.47448493580560425, 0.48779073652920424, 0.5084612391016505, 0.5338885408264022, 0.5597572106498856, 0.5821320908563631, 0.6046197301632649, 0.625452271989874, 0.6437510960810894, 0.6597131345723126, 0.6725971167151993, 0.685400379133654, 0.6973120892370069, 0.7065947130993679, 0.7123534840506476, 0.7043185271658339, 0.6971416774096789, 0.7002794302261628, 0.7068683166761656, 0.7137492997152312, 0.7206770138697581, 0.7266742957604898, 0.7327172267544377, 0.7371634717460152]
############## TEST MEAN_IOU ############## 
0.7344122160564769
############## VOC ############## 
0.8672060966491699
