############## TRAIN LOSS ############## 
[0.1982895948059924, 0.1778817403692383, 0.17523418890463338, 0.16743571814653035, 0.15559988717238107, 0.1451515443287454, 0.13255867979548, 0.10919376039827192, 0.09402822877641197, 0.08035053322846825, 0.06076142524142523, 0.048084995801652874, 0.03894894397272183, 0.033003768053006484, 0.032023092647930525, 0.028361618787318736, 0.026899699809717702, 0.02805607348076395, 0.022349470320182876, 0.02110976264350586, 0.020502859659425846, 0.01932254707155464, 0.018727850966021285, 0.018254611020286877, 0.017335105880356586, 0.016693178522358607, 0.01665340609814938, 0.01632841212490389, 0.01588641492196837, 0.015538074755789461, 0.015642573796883896, 0.016898900547341722, 0.016555104102637316, 0.015158279010237337, 0.015484896597561535, 0.01523720315313554, 0.014807407777790015, 0.014467108650720335, 0.013812148792518152, 0.014042943120338358]
############## VALIDATION LOSS ############## 
[0.18463495490597745, 0.1797640583678788, 0.16651196953128367, 0.1569679306418288, 0.14137627155173058, 0.147172550944721, 0.1161746674892949, 0.10777961959441502, 0.10227464753038742, 0.07278741750062681, 0.058784268650354125, 0.04306449405118531, 0.0442675659250395, 0.04861959771198385, 0.0404082423112556, 0.030368205379037297, 0.02981438118891389, 0.04516709373131687, 0.04297272499431582, 0.028772432503162648, 0.047552582862622594, 0.036602251085580566, 0.04508961733503669, 0.06969828370447252, 0.053422120381511895, 0.055277245009646696, 0.034160472050893544, 0.05770248357279628, 0.0575175822949877, 0.08390230349465913, 0.036087074956181, 0.06258133718488264, 0.04743904576582067, 0.05483714834439988, 0.09794237932153776, 0.04078308595161812, 0.0290522963612103, 0.03613934318955038, 0.05026367197141928, 0.03772210939696022]
############## TEST LOSS ############## 
0.0686693569438325
############## TRAIN MEAN_IOU ############## 
[0.45444277143693185, 0.4720438273103387, 0.47227693946511895, 0.47243323412027444, 0.47252892078580083, 0.4725103652155077, 0.47249161096306536, 0.47455417680310774, 0.48650605882610287, 0.5022653792355511, 0.5204863875835866, 0.5424190217310244, 0.5638781657090058, 0.58439864446451, 0.6030834188332429, 0.6195529720804713, 0.6352814371521408, 0.6486979051753208, 0.6610930819769163, 0.67303437263042, 0.684137680509069, 0.6942259132325113, 0.7035914084932826, 0.7121995794880498, 0.720098326872061, 0.7276244496440029, 0.7345776976765813, 0.7411759554802835, 0.7472203926997142, 0.7529195633020487, 0.7581920258633725, 0.7632893791069856, 0.7677125426026078, 0.772078851321796, 0.7762303234220626, 0.7800106169941189, 0.7838766354698319, 0.7876209407239347, 0.7911144022469048, 0.7943418987162478]
############## VALIDATION MEAN_IOU ############## 
[0.45444277143693185, 0.4720438273103387, 0.47227693946511895, 0.47243323412027444, 0.47252892078580083, 0.4725103652155077, 0.47249161096306536, 0.47455417680310774, 0.48650605882610287, 0.5022653792355511, 0.5204863875835866, 0.5424190217310244, 0.5638781657090058, 0.58439864446451, 0.6030834188332429, 0.6195529720804713, 0.6352814371521408, 0.6486979051753208, 0.6610930819769163, 0.67303437263042, 0.684137680509069, 0.6942259132325113, 0.7035914084932826, 0.7121995794880498, 0.720098326872061, 0.7276244496440029, 0.7345776976765813, 0.7411759554802835, 0.7472203926997142, 0.7529195633020487, 0.7581920258633725, 0.7632893791069856, 0.7677125426026078, 0.772078851321796, 0.7762303234220626, 0.7800106169941189, 0.7838766354698319, 0.7876209407239347, 0.7911144022469048, 0.7943418987162478]
############## TEST MEAN_IOU ############## 
0.7961735124539847
############## VOC ############## 
0.8980867862701416
