############## TRAIN LOSS ############## 
[0.19754792803579624, 0.17691230411465103, 0.17550297584888097, 0.1324934280133462, 0.09961972076882113, 0.1118943912086186, 0.08327206019479949, 0.059376814108979596, 0.049946541587511696, 0.044316751999898, 0.037028407443079864, 0.03424099435073298, 0.030500376026506897, 0.02865541820322071, 0.027808696551768628, 0.024706061879122578, 0.022275955374310683, 0.02135850990879106, 0.019986802376471123, 0.01917050446610193, 0.018005989030473405, 0.018221218516496388, 0.017652935314889963, 0.01700569826874647, 0.01616469888973075, 0.0160732473926367, 0.015849959868769924, 0.015712954607364292, 0.01552174096876705, 0.015272244609691002, 0.015655954720804822, 0.015330584300262434, 0.014322023209486459, 0.013995906077996568]
############## VALIDATION LOSS ############## 
[0.18710088057845248, 0.17379335299426435, 0.1418470252378314, 0.23197253428253473, 0.1264224433723618, 0.20496018961364149, 0.1342233663388327, 0.09032644915814493, 0.06266401269856621, 0.06814179321130116, 0.06279650805335418, 0.10497914853633619, 0.09592668361523572, 0.04889085498072353, 0.05990076715163156, 0.058642180161733254, 0.07796558496706626, 0.0921932828484797, 0.08903477289805226, 0.060693556296766975, 0.07682732536512263, 0.07883884443664084, 0.08861320546152544, 0.10959872355063756, 0.08210068101099893, 0.1248475907772195, 0.08328927191449147, 0.1272220792723637, 0.4068363466683556, 0.05870279399495499, 0.061642480320205875, 0.11891761875035715, 0.08697065331187903, 0.17349783287328832]
############## TEST LOSS ############## 
0.21294496594504878
############## TRAIN MEAN_IOU ############## 
[0.45440700166934245, 0.4720112042384105, 0.4724474782879288, 0.47302539713747865, 0.4813277987209526, 0.5017675231168935, 0.5070861116185919, 0.5307122152130883, 0.5568915766638678, 0.5794640521745424, 0.6009726535092603, 0.620889895134144, 0.6385619463147344, 0.6542946621104404, 0.668551179739806, 0.6812578708201915, 0.6932447284191579, 0.7040342312675338, 0.7137522799474699, 0.7227875466819282, 0.7314459729839016, 0.7393482590580845, 0.7464697199898798, 0.7530573869610692, 0.7591294538867366, 0.7648483095942317, 0.770094404349456, 0.775101895267899, 0.7795616366841771, 0.7827766306765445, 0.7869424932711834, 0.7909146998379681, 0.7944648314166713, 0.797985777661607]
############## VALIDATION MEAN_IOU ############## 
[0.45440700166934245, 0.4720112042384105, 0.4724474782879288, 0.47302539713747865, 0.4813277987209526, 0.5017675231168935, 0.5070861116185919, 0.5307122152130883, 0.5568915766638678, 0.5794640521745424, 0.6009726535092603, 0.620889895134144, 0.6385619463147344, 0.6542946621104404, 0.668551179739806, 0.6812578708201915, 0.6932447284191579, 0.7040342312675338, 0.7137522799474699, 0.7227875466819282, 0.7314459729839016, 0.7393482590580845, 0.7464697199898798, 0.7530573869610692, 0.7591294538867366, 0.7648483095942317, 0.770094404349456, 0.775101895267899, 0.7795616366841771, 0.7827766306765445, 0.7869424932711834, 0.7909146998379681, 0.7944648314166713, 0.797985777661607]
############## TEST MEAN_IOU ############## 
0.7963158232997162
############## VOC ############## 
0.8981579542160034
