############## TRAIN LOSS ############## 
[0.19787258634696137, 0.1768364942557103, 0.15332108863570668, 0.13543908949102368, 0.10007296623410405, 0.083400029387023, 0.06688824752429584, 0.05134712079086819, 0.04628951454887519, 0.04006496400714995, 0.033636384702346346, 0.03377117755243907, 0.028863366911405914, 0.026588096660939423, 0.024644429803834304, 0.02317571123172571, 0.02152728368234527, 0.020655577582818968, 0.019139308046113263, 0.01848082840946075, 0.017876857564457366, 0.020447505478587775, 0.019212368431056406, 0.01769477586253538, 0.016055738947748602, 0.015681643802504818, 0.015757273874237195, 0.01572311885218631, 0.015248813582500359, 0.014671173550792643, 0.01452995193199263, 0.014241149590291956, 0.013899232286053735, 0.014185264782124275, 0.014426838497522179, 0.014463823531997634, 0.013732765910324749, 0.01325962172300966, 0.012884245656833455, 0.012984283402696386, 0.013317043716843063, 0.012935671359636225]
############## VALIDATION LOSS ############## 
[0.18631629938004063, 0.1647273579648897, 0.23792899005553303, 0.11051912985596002, 0.14823584243947385, 0.11864410311568017, 0.06895850686465993, 0.08144587870029842, 0.05987206035677124, 0.06209064085109561, 0.05350210941305347, 0.08565038070082664, 0.09924777772496729, 0.047480977085583354, 0.09413828350165311, 0.05940403986503096, 0.17966796253241746, 0.07913444432265618, 0.050903691891946046, 0.06202865530755006, 0.0678056841533558, 0.027902310768909314, 0.04533657132118356, 0.06564866028287832, 0.05778817014366973, 0.05284057126617899, 0.07557755285033993, 0.03618954136675479, 0.04434248914613443, 0.05072105376451623, 0.056564559758293866, 0.061586672476693693, 0.04170248591724564, 0.07623432547438379, 0.03117593713835174, 0.05179591535353193, 0.04504527378023839, 0.060176980334754084, 0.05555466248416433, 0.03710185086318091, 0.03171634933381688, 0.047119630318061975]
############## TEST LOSS ############## 
0.09507812037687711
############## TRAIN MEAN_IOU ############## 
[0.45440932329710537, 0.4719604492724479, 0.47283774480089413, 0.4763408673776163, 0.48423377028456677, 0.5056469735798536, 0.5290167218930012, 0.5559479556642137, 0.5825197304691281, 0.6046594848503938, 0.6249405043619173, 0.6439467432262661, 0.6603052487244477, 0.6750395008035608, 0.6889436148308419, 0.7007141263635309, 0.7121708908596555, 0.7214429727545729, 0.7308288281028336, 0.7395814313544883, 0.7475625571903882, 0.7546620959634179, 0.7611986506092656, 0.7673971234141169, 0.7731842495299674, 0.7786938252749743, 0.7838647107820254, 0.7885914573798308, 0.7931633715157036, 0.7974465424950058, 0.8014329344302684, 0.8051771355104876, 0.8086730553223206, 0.8120846313399237, 0.8151176684611553, 0.8181992076538704, 0.8208645023741163, 0.8236258813926766, 0.8261607112111272, 0.8286166518658131, 0.8310112861899642, 0.833322101885134]
############## VALIDATION MEAN_IOU ############## 
[0.45440932329710537, 0.4719604492724479, 0.47283774480089413, 0.4763408673776163, 0.48423377028456677, 0.5056469735798536, 0.5290167218930012, 0.5559479556642137, 0.5825197304691281, 0.6046594848503938, 0.6249405043619173, 0.6439467432262661, 0.6603052487244477, 0.6750395008035608, 0.6889436148308419, 0.7007141263635309, 0.7121708908596555, 0.7214429727545729, 0.7308288281028336, 0.7395814313544883, 0.7475625571903882, 0.7546620959634179, 0.7611986506092656, 0.7673971234141169, 0.7731842495299674, 0.7786938252749743, 0.7838647107820254, 0.7885914573798308, 0.7931633715157036, 0.7974465424950058, 0.8014329344302684, 0.8051771355104876, 0.8086730553223206, 0.8120846313399237, 0.8151176684611553, 0.8181992076538704, 0.8208645023741163, 0.8236258813926766, 0.8261607112111272, 0.8286166518658131, 0.8310112861899642, 0.833322101885134]
############## TEST MEAN_IOU ############## 
0.833511714381401
############## VOC ############## 
0.9167558550834656
