############## TRAIN LOSS ############## 
[0.19733141255271328, 0.18215693184384354, 0.15648445440036757, 0.14145708943272498, 0.10653784038784268, 0.08227833555088387, 0.06324880056687303, 0.04585056372725212, 0.03953209527776585, 0.038054174349248945, 0.03035360930470733, 0.02721172421835027, 0.024551228511038126, 0.023181665705533715, 0.02342447309612154, 0.020368058846944623, 0.01901187452378574, 0.01856467552348837, 0.018008561418937134, 0.017726876840062508, 0.016963914162605197, 0.016840857831207482, 0.01601111711850306, 0.016105211868479446, 0.015542855536615526, 0.016504520357393467, 0.18653363445857624, 0.1771145173021265, 0.17188446129764523, 0.16893789239294893, 0.16597650609574877, 0.16444763366703516, 0.1633588438098495, 0.1616705383534904, 0.16051967442035675, 0.15861217771564518, 0.1585411793208337, 0.15589103626238332, 0.1551906224843618, 0.15457598985852422, 0.1538810601105561, 0.1532901214049743, 0.15276030739685437, 0.15199477238966538, 0.15167250779566463, 0.15124677833136138]
############## VALIDATION LOSS ############## 
[0.18796037897175433, 0.17985503901453578, 0.13401058856763093, 0.11550184251631007, 0.09117320662035662, 0.10758867786795485, 0.06171631455129268, 0.08507361080424458, 0.0910227165064391, 0.08262815311843273, 0.10218453655640285, 0.27028927616044585, 0.15677473621041166, 0.04969583773145489, 0.07861795904589634, 0.07288748595644445, 0.2525683822585087, 0.10301915001051098, 0.08794697410627908, 0.05606609254198916, 0.08423803374171257, 0.10276764061521082, 0.15699685671750238, 0.08965219075188917, 0.08386890042354078, 0.019474319967569088, 0.18861355997768103, 0.17612065754684747, 0.17464480417616227, 0.17010038126917446, 0.16916170687067741, 0.16907667470913307, 0.16634336522981233, 0.16430479375755086, 0.1618521464805977, 0.1582494538788702, 0.15668302453031727, 0.15649348117557227, 0.15593488076153925, 0.15486158693537994, 0.15398959318796793, 0.15350674794000738, 0.15255113588828667, 0.15249906246568642, 0.15177642860833337, 0.1512582088802375]
############## TEST LOSS ############## 
0.1444430795582858
############## TRAIN MEAN_IOU ############## 
[0.45440250849938607, 0.47193271243894425, 0.47210928985664435, 0.47344095588804364, 0.4760901919893316, 0.48909299411215224, 0.5141923905492903, 0.5473051355765747, 0.5787130599623328, 0.6049608781531051, 0.6270027106946653, 0.6472206749357619, 0.6640495695509352, 0.6795847163544045, 0.6933538054560756, 0.7060203396522247, 0.7175493976017376, 0.7269973523981936, 0.7361485093563527, 0.7443553118018417, 0.7521357203389073, 0.7591292825905053, 0.7653436413756362, 0.7710365572491208, 0.776705865387444, 0.781921381885941, 0.78099964438258, 0.7702897545453664, 0.7603643960780926, 0.7510769216863958, 0.7423705979510471, 0.7341936692461237, 0.7264959634961309, 0.7192368834942311, 0.7123826887156512, 0.7058982435647432, 0.6997545527982282, 0.6939255203212704, 0.6883883154070055, 0.6831209251472542, 0.6781035248223726, 0.6733183656726871, 0.6687511377506428, 0.6643875579576235, 0.6602135918161891, 0.6562175761471998]
############## VALIDATION MEAN_IOU ############## 
[0.45440250849938607, 0.47193271243894425, 0.47210928985664435, 0.47344095588804364, 0.4760901919893316, 0.48909299411215224, 0.5141923905492903, 0.5473051355765747, 0.5787130599623328, 0.6049608781531051, 0.6270027106946653, 0.6472206749357619, 0.6640495695509352, 0.6795847163544045, 0.6933538054560756, 0.7060203396522247, 0.7175493976017376, 0.7269973523981936, 0.7361485093563527, 0.7443553118018417, 0.7521357203389073, 0.7591292825905053, 0.7653436413756362, 0.7710365572491208, 0.776705865387444, 0.781921381885941, 0.78099964438258, 0.7702897545453664, 0.7603643960780926, 0.7510769216863958, 0.7423705979510471, 0.7341936692461237, 0.7264959634961309, 0.7192368834942311, 0.7123826887156512, 0.7058982435647432, 0.6997545527982282, 0.6939255203212704, 0.6883883154070055, 0.6831209251472542, 0.6781035248223726, 0.6733183656726871, 0.6687511377506428, 0.6643875579576235, 0.6602135918161891, 0.6562175761471998]
############## TEST MEAN_IOU ############## 
0.652035272001016
############## VOC ############## 
0.8260176181793213
