############## TRAIN LOSS ############## 
[0.1952447616033726, 0.17160980591365882, 0.14430336721308595, 0.11080192875217747, 0.10800431292873246, 0.08329279193872804, 0.05993184108320657, 0.04786396818655031, 0.03848990326462028, 0.03253421984478697, 0.030010194660307053, 0.027440433969368804, 0.02521267162451336, 0.02312743645329196, 0.022459542613711442, 0.02101027430244931, 0.019331217164526116, 0.018814240087259997, 0.01766936551477458, 0.018000197739483, 0.017482988527967588, 0.01726056929879092, 0.016025747701122955, 0.01585810041675965, 0.015161407230472242, 0.015205092266671829, 0.015338184521743306, 0.015674726190129377, 0.015141516554731506, 0.014560885333061756, 0.014206756745372806, 0.014373561694613984, 0.014182347242158276, 0.013970617146172502, 0.015831506399957982, 0.014681107817670784, 0.014346981807066514, 0.013479203388497635, 0.01337430478484781, 0.012924268615205545, 0.012697190918900945, 0.01273610215499863, 0.012647357341405508, 0.012446903489395842, 0.012462240173942872, 0.012683841299164939, 0.012285640706551505, 0.011982370235093005, 0.012042992479830712, 0.01197145960654493, 0.011825563377692356, 0.011635045957256545, 0.011564341440863974, 0.012084571334222952, 0.011730965495378047, 0.012135891159912487]
############## VALIDATION LOSS ############## 
[0.18405059827309028, 0.15126739296258665, 0.1695966077785866, 0.15260852581145717, 0.1381696859995524, 0.08003245673927606, 0.12867477580028422, 0.06650500605795898, 0.05897190056595148, 0.06981842475486737, 0.06994378829703611, 0.07685198028590165, 0.0495022276745123, 0.13890624221633463, 0.07198897610400237, 0.06395294181272096, 0.1635317370003345, 0.06984874313952875, 0.08237047296236544, 0.10397000304039787, 0.08156405192087679, 0.08385162669069626, 0.05247850277844597, 0.05386919856948011, 0.0869988379086934, 0.10004337511810601, 0.08996207194001067, 0.06341806894131735, 0.08370102240758784, 0.052874480465463565, 0.043981020284049654, 0.056839028409883086, 0.037891305216095024, 0.07663770779675129, 0.026930264105983807, 0.0261869171597794, 0.03941675987752045, 0.046880588118059965, 0.07107258171719663, 0.052136742382072936, 0.03768828043750688, 0.04383055566280496, 0.04063591960014081, 0.044936002177350665, 0.045296704907919844, 0.029599530403228366, 0.05606430688617276, 0.0852510582874803, 0.08290343782773205, 0.03203632189508747, 0.04660157965240525, 0.08634179027057161, 0.07075213195354331, 0.04562810896074071, 0.04050242970241051, 0.03385514696585197]
############## TEST LOSS ############## 
0.08523326777298042
############## TRAIN MEAN_IOU ############## 
[0.4543813268343608, 0.4719236017884435, 0.4727062129222595, 0.47687818526147724, 0.4901603489845723, 0.5058804906166352, 0.5322740899549948, 0.5609381832518019, 0.5894185809401778, 0.6153008481403729, 0.636663698935294, 0.6555336638613865, 0.672473543399089, 0.6875477331178682, 0.7005241561580349, 0.7126409142940968, 0.7236536805694168, 0.7328907782967026, 0.7417451368795859, 0.7497538381868655, 0.7566190351237048, 0.7631608773996165, 0.7692131040332554, 0.7751735631410066, 0.780787561390851, 0.7858532640311096, 0.7902976381886113, 0.7944908969037168, 0.7985285477595286, 0.8024850987099312, 0.8063023020555308, 0.8099735099990089, 0.8133351749128049, 0.8165516493556736, 0.8192400916202648, 0.8220700342375953, 0.8248647236609244, 0.8274922301103403, 0.8299326526152121, 0.8321569121635712, 0.8343614447224248, 0.8365651766459147, 0.838611499683277, 0.8405734225436374, 0.8424943669422252, 0.8443270481384553, 0.8461827002130113, 0.8478308733519133, 0.8493621429881534, 0.8508152639543688, 0.8524178518905295, 0.8539127369184751, 0.8552099412625974, 0.8565554489960542, 0.8578624349456649, 0.859224872546153]
############## VALIDATION MEAN_IOU ############## 
[0.4543813268343608, 0.4719236017884435, 0.4727062129222595, 0.47687818526147724, 0.4901603489845723, 0.5058804906166352, 0.5322740899549948, 0.5609381832518019, 0.5894185809401778, 0.6153008481403729, 0.636663698935294, 0.6555336638613865, 0.672473543399089, 0.6875477331178682, 0.7005241561580349, 0.7126409142940968, 0.7236536805694168, 0.7328907782967026, 0.7417451368795859, 0.7497538381868655, 0.7566190351237048, 0.7631608773996165, 0.7692131040332554, 0.7751735631410066, 0.780787561390851, 0.7858532640311096, 0.7902976381886113, 0.7944908969037168, 0.7985285477595286, 0.8024850987099312, 0.8063023020555308, 0.8099735099990089, 0.8133351749128049, 0.8165516493556736, 0.8192400916202648, 0.8220700342375953, 0.8248647236609244, 0.8274922301103403, 0.8299326526152121, 0.8321569121635712, 0.8343614447224248, 0.8365651766459147, 0.838611499683277, 0.8405734225436374, 0.8424943669422252, 0.8443270481384553, 0.8461827002130113, 0.8478308733519133, 0.8493621429881534, 0.8508152639543688, 0.8524178518905295, 0.8539127369184751, 0.8552099412625974, 0.8565554489960542, 0.8578624349456649, 0.859224872546153]
############## TEST MEAN_IOU ############## 
0.8588936307213523
############## VOC ############## 
0.929446816444397
