############## TRAIN LOSS ############## 
[0.1977082684233382, 0.17582823430095706, 0.13639341046412787, 0.11683297875496718, 0.08987792326254887, 0.0944646099196361, 0.057280517711832714, 0.04131661823673828, 0.03635987231658923, 0.031113014095001394, 0.026959341791299014, 0.025054791153551224, 0.02237528740419998, 0.02098055964184774, 0.020849900521539354, 0.019331846570780686, 0.019172910835828866, 0.021787298104918754, 0.018512438235989026, 0.016693806359628298, 0.015960961706130893, 0.016396373141187807, 0.015184615335955814, 0.015288286573916406, 0.014711401618278778, 0.014655948079585491, 0.01489335577095951, 0.01500463976549941, 0.014661322398161565, 0.013628578602193712, 0.013458622913169968, 0.013365312378752875, 0.013567728577769018, 0.013418931824465593, 0.013217664609017136, 0.012955015164439206, 0.012712505117461487]
############## VALIDATION LOSS ############## 
[0.1872234849953184, 0.15563322136215135, 0.1740741785250458, 0.11640251749286465, 0.12691079679073072, 0.07851689995503892, 0.21227856944589055, 0.1050006526650167, 0.7017412723279467, 0.665716666801303, 0.5331628275852577, 0.4602554031446868, 0.36522403417849075, 1.5368914884679459, 1.2953246224160289, 0.8031677007675171, 0.030984763676921528, 0.06732856190087748, 0.08374143362629648, 0.05422595822635819, 0.05029955791199908, 0.0932058658377797, 0.060319926808862126, 0.11234797624980702, 0.0947346336701337, 0.06458829964200656, 0.04501284271770833, 0.10191172785034366, 0.04879455239165063, 0.11067172344408784, 0.09766149184867448, 0.03715901182708787, 0.08027697573689853, 0.3381736068164601, 0.07245281733134214, 0.08079501752759896, 0.06248675776170749]
############## TEST LOSS ############## 
0.1195790775421292
############## TRAIN MEAN_IOU ############## 
[0.4544076704764151, 0.47195103737685057, 0.47300322018228136, 0.47686087601893656, 0.48843629832740304, 0.5160618172035562, 0.545524389894159, 0.5748706970128927, 0.6033432193704553, 0.6242032346424756, 0.6425257131860063, 0.6590132009875667, 0.6738481403471114, 0.6875241307524947, 0.6960907283129992, 0.7039197822948834, 0.7121204374072788, 0.7217357384191977, 0.7303457893766798, 0.7385044790603019, 0.7463475122108115, 0.7535216045809222, 0.759940022820825, 0.7661355621105915, 0.7716265653704738, 0.7768439269280648, 0.7817305949357178, 0.7864049383111902, 0.7904224250767682, 0.7946325175397031, 0.798348689401472, 0.8019132517479561, 0.8055046361845892, 0.8086308326807108, 0.81101302896534, 0.8139368805799398, 0.8167137691566536]
############## VALIDATION MEAN_IOU ############## 
[0.4544076704764151, 0.47195103737685057, 0.47300322018228136, 0.47686087601893656, 0.48843629832740304, 0.5160618172035562, 0.545524389894159, 0.5748706970128927, 0.6033432193704553, 0.6242032346424756, 0.6425257131860063, 0.6590132009875667, 0.6738481403471114, 0.6875241307524947, 0.6960907283129992, 0.7039197822948834, 0.7121204374072788, 0.7217357384191977, 0.7303457893766798, 0.7385044790603019, 0.7463475122108115, 0.7535216045809222, 0.759940022820825, 0.7661355621105915, 0.7716265653704738, 0.7768439269280648, 0.7817305949357178, 0.7864049383111902, 0.7904224250767682, 0.7946325175397031, 0.798348689401472, 0.8019132517479561, 0.8055046361845892, 0.8086308326807108, 0.81101302896534, 0.8139368805799398, 0.8167137691566536]
############## TEST MEAN_IOU ############## 
0.8167471821862038
############## VOC ############## 
0.9083735942840576
