############## TRAIN LOSS ############## 
[0.19645159751982302, 0.17809985739153786, 0.1607284175383078, 0.15113317449619104, 0.11306249471129598, 0.12398076305786769, 0.08798955219822961, 0.06434604002011789, 0.051072178291039425, 0.04558512377175125, 0.03368002431349711, 0.031086219390770338, 0.02855859421663456, 0.025050439930579683, 0.024161969303145066, 0.022347351368348877, 0.02026302602377024, 0.019328020915791794, 0.018808202734133146, 0.01806677643813797, 0.017435727666157322, 0.017231001510276452, 0.017931019878937856, 0.017467557939256098, 0.016616782181904658, 0.015738550338659202, 0.015607469799080948, 0.0150331251977666, 0.014911915158836154, 0.015540183161024575, 0.014667598253770455, 0.013909900141460402, 0.013880852332993134, 0.013474710478640354, 0.01339235287663099, 0.013141715378911645, 0.01356495145775445, 0.013319886046218442, 0.013422486775026127, 0.013323882183580249, 0.013002912958597278, 0.012691676046128746, 0.012676903994770738, 0.012856532920252633, 0.012376328208693513, 0.012651766843355453, 0.012402566342807567, 0.012572919203153064, 0.012685774246583114, 0.012275503872818238, 0.01233612276143856, 0.01210563050096368, 0.011890486134467897, 0.011586756546150994, 0.011638346556070689, 0.01149221267215572, 0.011362836343815198, 0.011243860807840352, 0.011243988138933977, 0.011220213579567703, 0.011243046395614877, 0.011212744120810483, 0.010998654514886774, 0.010858735791197768, 0.010909865761326777, 0.010903643888866043, 0.010929180904887282, 0.010722958952658347]
############## VALIDATION LOSS ############## 
[0.18896638499755486, 0.16997206590923608, 0.18884453615721533, 0.13613364699424482, 0.11710014048160292, 0.11670828157780218, 0.07579572747151057, 0.0880286823592934, 0.04659735820457047, 0.05766023045369223, 0.04991582850469094, 0.08612125125877998, 0.05985069099594565, 0.07641566924604715, 0.05376570576838419, 0.04208036172477638, 0.1050052243997069, 0.06748301148706791, 0.08223855225186721, 0.06346084688808404, 0.07236646407959509, 0.07141039944162555, 0.03809138131784458, 0.042345998041770035, 0.05928262454621932, 0.06969970683841144, 0.05083622250194643, 0.06289683954388488, 0.04767134982873412, 0.032561677781974566, 0.04116504420252407, 0.04792980440691406, 0.0383675098784414, 0.04226702656231675, 0.04220846496230247, 0.09290944142084495, 0.04094943784031214, 0.052035705277732776, 0.048185351286448685, 0.03804604957501093, 0.046419566351116874, 0.0590185727558884, 0.0723600834608078, 0.07171372806324679, 0.05182304178528926, 0.08408244684630749, 0.05445390501443077, 0.020377844371193766, 0.04616741715546917, 0.05060501429526245, 0.048915598578020636, 0.06464860858578309, 0.0511237888359556, 0.054711145221018324, 0.07978423772489324, 0.050646875272778905, 0.04213600919819346, 0.04832709335959425, 0.05910238923103202, 0.06729900113799993, 0.045446207673818455, 0.05132689396394234, 0.06492267205726866, 0.05534980037048751, 0.03402950771737332, 0.08952395990490913, 0.05583516486427363, 0.07063779563588254]
############## TEST LOSS ############## 
0.12300771221970067
############## TRAIN MEAN_IOU ############## 
[0.45439223716924854, 0.4719521371093956, 0.4722235130297171, 0.4730409375719122, 0.47491837997694275, 0.48094634913109446, 0.4863064399173668, 0.5036090220416989, 0.5309018149032249, 0.5586122983210796, 0.5840727971480774, 0.6076780530783508, 0.6280814629417282, 0.6460563513609741, 0.6621372909159273, 0.6764418310947247, 0.6898366164516758, 0.7014776446797826, 0.7122110858693853, 0.7217121473303786, 0.73071001671456, 0.7389066971100129, 0.7463128921147939, 0.7531205195564408, 0.7596031126675306, 0.7655705610911051, 0.7711764939196475, 0.7764407439274831, 0.7813651287877882, 0.7859935696060593, 0.7903749749467179, 0.7945889835959082, 0.798500280659478, 0.8022069394051492, 0.805808361049171, 0.8092281163275779, 0.8122818115595225, 0.8153139132637162, 0.8180762126639083, 0.8207722805641793, 0.8233846753567189, 0.825893609910398, 0.8282050984399812, 0.8302873083063074, 0.8323479246448826, 0.8343823718595075, 0.8362320672284376, 0.8380749698157783, 0.8400490971298905, 0.8418240794190416, 0.8434806057998726, 0.8451327042536693, 0.846655417133022, 0.8481772590327907, 0.8496390715375677, 0.8509827138067366, 0.8523834621584093, 0.8538031508256724, 0.8551431722469158, 0.8563870073438765, 0.8575760367754344, 0.8587879264676893, 0.8599535001290811, 0.861078888446361, 0.8622076967815021, 0.8633320326203698, 0.8643094644890176, 0.865333205944783]
############## VALIDATION MEAN_IOU ############## 
[0.45439223716924854, 0.4719521371093956, 0.4722235130297171, 0.4730409375719122, 0.47491837997694275, 0.48094634913109446, 0.4863064399173668, 0.5036090220416989, 0.5309018149032249, 0.5586122983210796, 0.5840727971480774, 0.6076780530783508, 0.6280814629417282, 0.6460563513609741, 0.6621372909159273, 0.6764418310947247, 0.6898366164516758, 0.7014776446797826, 0.7122110858693853, 0.7217121473303786, 0.73071001671456, 0.7389066971100129, 0.7463128921147939, 0.7531205195564408, 0.7596031126675306, 0.7655705610911051, 0.7711764939196475, 0.7764407439274831, 0.7813651287877882, 0.7859935696060593, 0.7903749749467179, 0.7945889835959082, 0.798500280659478, 0.8022069394051492, 0.805808361049171, 0.8092281163275779, 0.8122818115595225, 0.8153139132637162, 0.8180762126639083, 0.8207722805641793, 0.8233846753567189, 0.825893609910398, 0.8282050984399812, 0.8302873083063074, 0.8323479246448826, 0.8343823718595075, 0.8362320672284376, 0.8380749698157783, 0.8400490971298905, 0.8418240794190416, 0.8434806057998726, 0.8451327042536693, 0.846655417133022, 0.8481772590327907, 0.8496390715375677, 0.8509827138067366, 0.8523834621584093, 0.8538031508256724, 0.8551431722469158, 0.8563870073438765, 0.8575760367754344, 0.8587879264676893, 0.8599535001290811, 0.861078888446361, 0.8622076967815021, 0.8633320326203698, 0.8643094644890176, 0.865333205944783]
############## TEST MEAN_IOU ############## 
0.864969959042289
############## VOC ############## 
0.9324849843978882
