############## TRAIN LOSS ############## 
[0.19736293965094798, 0.17669627902744053, 0.18137451160598445, 0.16618125469566467, 0.14551075346566536, 0.12943929413685928, 0.10850559222000139, 0.09813873214764637, 0.09768790543616356, 0.08630078910170375, 0.06221813198413935, 0.046828663463259604, 0.03908591303001116, 0.03439531320924157, 0.03137160871211473, 0.0284512677976677, 0.02524808077728963, 0.025516349788721616, 0.02245836891233921, 0.020999766114327283, 0.019603350854201895, 0.019122892134898418, 0.019261891030714854, 0.018222024462915754, 0.017619443495195727, 0.016846125920277996, 0.017727331845677114, 0.017605108527785487, 0.016413792959406034, 0.01576079033013131, 0.015513345590784206, 0.01530117585181116, 0.014700130702139021, 0.014879256856065613, 0.015000719736489627, 0.01458694639003223]
############## VALIDATION LOSS ############## 
[0.18734263438804477, 0.1713946105218401, 0.17538195351759592, 0.12989141777449964, 0.11901301744521833, 0.11645478988979377, 0.10038391091659957, 0.10154992824091631, 0.14854158475702883, 0.09422350967047262, 0.07244172283247405, 0.05823670999676574, 0.057473100429656455, 0.035808064226134154, 0.04501543508148661, 0.03500838782273087, 0.040445379620673606, 0.038326967982392685, 0.0470318884826174, 0.03646763574843313, 0.039467575539853056, 0.04112005175328722, 0.04601415268638555, 0.05686855301553128, 0.054158088002426955, 0.04728992276039778, 0.3292013500251022, 0.0799281006204147, 0.04508487354306614, 0.08220584266910366, 0.04115719300713025, 0.0458347742610118, 0.050754673413786235, 0.06986321538102393, 0.06047844024849873, 0.0403366088501963]
############## TEST LOSS ############## 
0.06324746795186792
############## TRAIN MEAN_IOU ############## 
[0.4544002113041577, 0.47194058454788484, 0.4728259417387816, 0.4728486159363309, 0.47271437177786957, 0.47335724062747786, 0.47423185690029246, 0.47906070947647095, 0.4890649624772974, 0.5017225312757062, 0.5158212254713247, 0.5375459827818312, 0.5591516892115275, 0.5793564324980384, 0.5977341817305969, 0.6145138821086368, 0.6300537978206668, 0.6443629205763877, 0.6571402501415562, 0.6692853333713772, 0.6804936759106748, 0.6908535098170375, 0.7002449631690979, 0.7089574089995375, 0.7171029131691735, 0.7246528391365532, 0.7316978305309743, 0.737326337410523, 0.7433084056184098, 0.7491662749299058, 0.7546244934872464, 0.7598111463022662, 0.764748055655677, 0.7693683617823833, 0.773689179807096, 0.7778353583705317]
############## VALIDATION MEAN_IOU ############## 
[0.4544002113041577, 0.47194058454788484, 0.4728259417387816, 0.4728486159363309, 0.47271437177786957, 0.47335724062747786, 0.47423185690029246, 0.47906070947647095, 0.4890649624772974, 0.5017225312757062, 0.5158212254713247, 0.5375459827818312, 0.5591516892115275, 0.5793564324980384, 0.5977341817305969, 0.6145138821086368, 0.6300537978206668, 0.6443629205763877, 0.6571402501415562, 0.6692853333713772, 0.6804936759106748, 0.6908535098170375, 0.7002449631690979, 0.7089574089995375, 0.7171029131691735, 0.7246528391365532, 0.7316978305309743, 0.737326337410523, 0.7433084056184098, 0.7491662749299058, 0.7546244934872464, 0.7598111463022662, 0.764748055655677, 0.7693683617823833, 0.773689179807096, 0.7778353583705317]
############## TEST MEAN_IOU ############## 
0.7806299960974491
############## VOC ############## 
0.8903149962425232
