############## TRAIN LOSS ############## 
[0.19631059145605242, 0.1730578051762538, 0.13737403487300012, 0.11293016206305306, 0.09608089675505956, 0.0885941857757332, 0.05722216325434479, 0.048847637734971604, 0.040078916645667574, 0.03240186101882844, 0.028637719046962155, 0.029847898864531302, 0.026216638064733497, 0.02272499508753016, 0.02147621005303688, 0.020869595225195627, 0.018720325258736674, 0.01855641546415853, 0.018115148174803, 0.017393040940635377, 0.016645180111801303, 0.016484962751132412, 0.01562572340271226, 0.015930083924317145, 0.015066614181541645, 0.015396634301355292, 0.014953499550822083, 0.015092890801931824, 0.014515173864794208, 0.014729820468739883, 0.014473383558226062, 0.014294481232158235, 0.014220295213834123, 0.013623326387558435, 0.013408599463333417, 0.013807932770735509, 0.2063870362870328, 0.21513278554151724, 0.21461081867282455, 0.17008436759849926, 0.1647276719948193, 0.1695467408175941, 0.16039924887386528, 0.1505801124615712, 0.15861633527386296, 0.14872471525056943, 0.14332637862042263, 0.13430364544058707, 0.12711211871187966, 0.12413358440001805, 0.12257723738481333, 0.11982358683336962, 0.11714170611387975, 0.11538345460687671]
############## VALIDATION LOSS ############## 
[0.18898549471415726, 0.16420242687066397, 0.20747007341945872, 0.17751389829551473, 0.10312535876736921, 0.1790240068061679, 0.13651695789075366, 0.10831243690906786, 0.2650681307502821, 0.19450020205740834, 0.0978411514238984, 0.3705279277820213, 0.4420604238323137, 0.27942292070856284, 0.18989533419702567, 0.1482011313531913, 0.8451307848388073, 0.17599508137095207, 0.14419793761244007, 0.06662094768355875, 0.08179730775893904, 0.17343297776053934, 0.07642635074900646, 0.11782687478790096, 0.057277156660954155, 0.19575431826067904, 0.05425294744325619, 0.06434672428112403, 0.06666229373099757, 0.7375139348647174, 0.07463169112509373, 0.1359622008075901, 0.06629739175824557, 0.03456076727632214, 0.055710833665787, 1.5662135750639672, 0.18859989356760884, 0.8211113985847024, 0.17275193947203019, 0.1658761381518607, 0.17409096541357974, 0.1666620467223373, 0.1563141635235618, 0.1427220518098158, 0.15428596705782646, 0.1433115145739387, 0.13445784531387628, 0.13059115526722928, 0.12406252996594298, 0.11956331820464601, 0.12079670966840257, 0.11831348506258983, 0.11617994542215385, 0.11426330313963048]
############## TEST LOSS ############## 
0.11339172126367839
############## TRAIN MEAN_IOU ############## 
[0.45438978451866285, 0.4719516941019007, 0.4726031503161868, 0.47714922449610253, 0.49027510215570264, 0.5106518767975472, 0.5337724717887672, 0.5649473259040901, 0.5915959289482048, 0.6148240281654908, 0.63570606977016, 0.6544006107089756, 0.6689236024478534, 0.6817123546256675, 0.6943795627301877, 0.7058908719200272, 0.7164317074122729, 0.7237609673190761, 0.7320888439814249, 0.7399088192630459, 0.7475488835626894, 0.7546150630658811, 0.7605859674848952, 0.7667310748014364, 0.7720999588837495, 0.7774739721873859, 0.7819020683700973, 0.786672272123732, 0.7909741342604697, 0.7951308639199884, 0.796882231493254, 0.800519403573629, 0.8037140272759102, 0.806922062023266, 0.8102853255228953, 0.8132945320627711, 0.8083450031710101, 0.7998410194843739, 0.7914938529332479, 0.7839598752356864, 0.776769703035956, 0.7699034283827016, 0.7633465399613252, 0.757073678411879, 0.7510656198939761, 0.7453068301484391, 0.73977952712291, 0.7344735189601108, 0.7293919861853659, 0.7245388664640822, 0.7199156590410181, 0.7155190024289999, 0.7114082392271575, 0.7075488336451419]
############## VALIDATION MEAN_IOU ############## 
[0.45438978451866285, 0.4719516941019007, 0.4726031503161868, 0.47714922449610253, 0.49027510215570264, 0.5106518767975472, 0.5337724717887672, 0.5649473259040901, 0.5915959289482048, 0.6148240281654908, 0.63570606977016, 0.6544006107089756, 0.6689236024478534, 0.6817123546256675, 0.6943795627301877, 0.7058908719200272, 0.7164317074122729, 0.7237609673190761, 0.7320888439814249, 0.7399088192630459, 0.7475488835626894, 0.7546150630658811, 0.7605859674848952, 0.7667310748014364, 0.7720999588837495, 0.7774739721873859, 0.7819020683700973, 0.786672272123732, 0.7909741342604697, 0.7951308639199884, 0.796882231493254, 0.800519403573629, 0.8037140272759102, 0.806922062023266, 0.8102853255228953, 0.8132945320627711, 0.8083450031710101, 0.7998410194843739, 0.7914938529332479, 0.7839598752356864, 0.776769703035956, 0.7699034283827016, 0.7633465399613252, 0.757073678411879, 0.7510656198939761, 0.7453068301484391, 0.73977952712291, 0.7344735189601108, 0.7293919861853659, 0.7245388664640822, 0.7199156590410181, 0.7155190024289999, 0.7114082392271575, 0.7075488336451419]
############## TEST MEAN_IOU ############## 
0.7036262264155378
############## VOC ############## 
0.8518130779266357
