############## TRAIN LOSS ############## 
[0.19721868056971747, 0.1847442977868759, 0.1819755704821767, 0.16849612894358937, 0.15045771512899314, 0.1290391570812947, 0.11076799961360725, 0.08153969989166604, 0.06588090419232308, 0.051491510492187365, 0.05135015274087588, 0.0386469862046274, 0.031865336420434015, 0.02931664701182026, 0.027564914578253084, 0.02461911949354249, 0.022618889959680068, 0.02210873363724163, 0.020534454098155908, 0.01915655676946715, 0.018812393442400405, 0.017929536223344436, 0.017894600652292505, 0.017173269335683937, 0.016604375790569698, 0.01643313232574377, 0.01632152921478222, 0.015887254127511033, 0.015495065406703198, 0.015226791612803936, 0.015010439035658902, 0.015204358686533597]
############## VALIDATION LOSS ############## 
[0.18835875128998475, 0.20348458927051694, 0.1815223550679637, 0.16778960414961272, 0.149180366712458, 0.11451148124886494, 0.1025584423366715, 0.09987897279800154, 0.07418627065478586, 0.17940672618501327, 0.07131126179706816, 0.060676230154201094, 0.07854123296690922, 0.08611949540528596, 0.5478222264963037, 0.49157965417001764, 0.586663684424232, 1.3181888566297644, 0.29006873392591287, 0.12373629022462695, 0.5943404739978266, 0.20389841905995912, 0.09774905253274768, 0.44132357017666685, 0.40559784103842345, 0.5654059812134388, 0.45391548264260384, 1.0072784260207532, 0.3025886381373686, 0.722693659511267, 0.3728187487405889, 0.25029826397989313]
############## TEST LOSS ############## 
0.4453779218774853
############## TRAIN MEAN_IOU ############## 
[0.4543941794215022, 0.47194475902093425, 0.4722478924033878, 0.4724559370461885, 0.4724241538090749, 0.4725135162069991, 0.4770476898631534, 0.48681660466365984, 0.5117077542854859, 0.5369051818375115, 0.5602204729844859, 0.5799368576960521, 0.60084047618213, 0.6195530434986493, 0.6366270216735633, 0.6501232364156224, 0.6626055111756196, 0.6734165076736931, 0.6815132885365873, 0.6914345638172047, 0.701146805071616, 0.7084644028732369, 0.7164206311509416, 0.7241064540974729, 0.7301869789759318, 0.7357950951602008, 0.7408644809379233, 0.7454909016420176, 0.7491504549980164, 0.753794112721005, 0.7573427987528277, 0.7613036713084659]
############## VALIDATION MEAN_IOU ############## 
[0.4543941794215022, 0.47194475902093425, 0.4722478924033878, 0.4724559370461885, 0.4724241538090749, 0.4725135162069991, 0.4770476898631534, 0.48681660466365984, 0.5117077542854859, 0.5369051818375115, 0.5602204729844859, 0.5799368576960521, 0.60084047618213, 0.6195530434986493, 0.6366270216735633, 0.6501232364156224, 0.6626055111756196, 0.6734165076736931, 0.6815132885365873, 0.6914345638172047, 0.701146805071616, 0.7084644028732369, 0.7164206311509416, 0.7241064540974729, 0.7301869789759318, 0.7357950951602008, 0.7408644809379233, 0.7454909016420176, 0.7491504549980164, 0.753794112721005, 0.7573427987528277, 0.7613036713084659]
############## TEST MEAN_IOU ############## 
0.7604098714963354
############## VOC ############## 
0.8802049160003662
