############## TRAIN LOSS ############## 
[0.19771310136661874, 0.17334754127371418, 0.18027910153876553, 0.1460486370566729, 0.1222582034565307, 0.1300589158325582, 0.1087329137298438, 0.10132890845741238, 0.07784135491998347, 0.08502261629244229, 0.059193900073165294, 0.04785936765439876, 0.03860414986339238, 0.03437754033586463, 0.030914906395582465, 0.03017023975986081, 0.025779801647405367, 0.024575970832023536, 0.022443721070885658, 0.020445932625784532, 0.019790883654275455, 0.01921579708252941, 0.018447301484778657, 0.018013168873080798, 0.016884987653644237, 0.016426421274003143, 0.01670600125683589, 0.016511648415109596, 0.015901909276910195, 0.015367620976994166]
############## VALIDATION LOSS ############## 
[0.18452975329230814, 0.16910883462896534, 0.20260035290437586, 0.29569289088249207, 0.25820441602491867, 0.14355811739669128, 0.2121582077998741, 0.22969352030286602, 0.26590630236793966, 0.1044479247693922, 0.22146837617836745, 0.5475461471314523, 0.9934878840165979, 0.9222468161115459, 0.39133583798128013, 0.6479952066552406, 0.9234086672465006, 1.4333313142552095, 1.6040649086821313, 1.132293226672154, 1.0718656357596903, 1.0869072932823032, 0.6422291082494399, 1.3866925333060471, 1.0978535694234512, 0.8023180307126513, 1.0948475201924641, 1.364256505872689, 1.2773670846340703, 2.030045785155951]
############## TEST LOSS ############## 
2.376346352124455
############## TRAIN MEAN_IOU ############## 
[0.4544335912476789, 0.47198886538411045, 0.4745449241217192, 0.4740551887331782, 0.47425766061018176, 0.4761628717989535, 0.47731221581364536, 0.48448560796342455, 0.49614160447507294, 0.5121116144163115, 0.5270718158902349, 0.546332061290741, 0.5645579062066637, 0.580685944707544, 0.5954460882925773, 0.6100009701273463, 0.6225287844468882, 0.6333606538471875, 0.6422369469393481, 0.6504905610471159, 0.6590662394557987, 0.6666309672432977, 0.6734422724526208, 0.6806699187905939, 0.6858699348595765, 0.6913661355370874, 0.6970751494974703, 0.7020378187969998, 0.7060685485332936, 0.7100178991352115]
############## VALIDATION MEAN_IOU ############## 
[0.4544335912476789, 0.47198886538411045, 0.4745449241217192, 0.4740551887331782, 0.47425766061018176, 0.4761628717989535, 0.47731221581364536, 0.48448560796342455, 0.49614160447507294, 0.5121116144163115, 0.5270718158902349, 0.546332061290741, 0.5645579062066637, 0.580685944707544, 0.5954460882925773, 0.6100009701273463, 0.6225287844468882, 0.6333606538471875, 0.6422369469393481, 0.6504905610471159, 0.6590662394557987, 0.6666309672432977, 0.6734422724526208, 0.6806699187905939, 0.6858699348595765, 0.6913661355370874, 0.6970751494974703, 0.7020378187969998, 0.7060685485332936, 0.7100178991352115]
############## TEST MEAN_IOU ############## 
0.7005710477780814
############## VOC ############## 
0.850285530090332
