############## TRAIN LOSS ############## 
[0.19650815400454374, 0.17542464359923526, 0.15458969033516204, 0.13376171021042643, 0.10382114572299493, 0.07728126836386887, 0.052618695574032294, 0.042082778304009825, 0.03432065062224865, 0.029301408359462076, 0.026235032927345584, 0.025422793838220673, 0.02277718554880168, 0.020081734452564438, 0.02041656460176717, 0.09910623279509244, 0.06477136805922061, 0.03621338833089884, 0.02681283795417429, 0.02301120216043683, 0.020890137818348302, 0.01971115137509129, 0.01844185514392348, 0.06933381948787887, 0.042388933266068365, 0.023895263218799152, 0.02059099502727255, 0.018484207155468228, 0.01804960088653339, 0.01713994778860528, 0.016216701895065674, 0.015777105457141057, 0.01536356849042145, 0.015054338947274126, 0.015053225421086626, 0.014661939806296482, 0.01459768904490514, 0.014275557378323766, 0.014031563625410871, 0.013900350770904674, 0.013634706746686149, 0.013389884057949792, 0.013336613598103458, 0.013250760708910387, 0.013042513021007852, 0.013215746587931036, 0.012934756398133867, 0.012948568901970043, 0.012757532323735792]
############## VALIDATION LOSS ############## 
[0.1865859367683822, 0.16286707128964217, 0.15739253543171228, 0.18753021721746407, 0.09008332312691446, 0.071433647590525, 0.05643877657312973, 0.052363710295335916, 0.08115781580700594, 0.05853204524108008, 0.04378183576844487, 0.10439401514389936, 0.12977757787003236, 0.2133698486814312, 0.09142210378366358, 0.11018147188074448, 0.048242726235413085, 0.03789469333109902, 0.04215317873247698, 0.04336303384865031, 0.04100219576674349, 0.05264857323730693, 0.04350386494222809, 0.7376189652611228, 0.060506777363080605, 0.03458178594854532, 0.028730697528112168, 0.030194413720392714, 0.0278164704932886, 0.03760071325243688, 0.03194310636643101, 0.03571055833177239, 0.048828396361832525, 0.035424463122206575, 0.04146078075556194, 0.04753754280653654, 0.04099587139253523, 0.04396636133977011, 0.056976075485056524, 0.039563620170834014, 0.05313936547905791, 0.037128992597846425, 0.053431477908994635, 0.06004872961955912, 0.04202042242475584, 0.052811358562287164, 0.04150453962239565, 0.04927532988436082, 0.03675812190654231]
############## TEST LOSS ############## 
0.08269555635298743
############## TRAIN MEAN_IOU ############## 
[0.4543895305276991, 0.47191096989958137, 0.4722583299284583, 0.4729763613090859, 0.48107395784274953, 0.5026982560888067, 0.5371696014662046, 0.5709311414409328, 0.6019741876705272, 0.6284763265300441, 0.6512624433448723, 0.6707448626423741, 0.6873634677749496, 0.701817342826912, 0.7141352870442845, 0.721564489441949, 0.71576794310733, 0.7200226069570662, 0.7272880533794025, 0.7351189846391076, 0.7426778174735404, 0.749904527857497, 0.7566323736766437, 0.7610028842547992, 0.7566151012171496, 0.7607401722186321, 0.7658315923836854, 0.7709148306030411, 0.7757319169001536, 0.78028516672753, 0.7846292407663019, 0.7888033325607712, 0.7927405372396246, 0.7963714427776165, 0.7999318301140725, 0.8032865819630323, 0.8064285430822287, 0.809488422161824, 0.8123689336819692, 0.8150635028744603, 0.817722754972475, 0.8202409518731607, 0.8227368421382732, 0.82501281972404, 0.8272307520514136, 0.8294038106729319, 0.8314442430530582, 0.8334446887712221, 0.8353642875009829]
############## VALIDATION MEAN_IOU ############## 
[0.4543895305276991, 0.47191096989958137, 0.4722583299284583, 0.4729763613090859, 0.48107395784274953, 0.5026982560888067, 0.5371696014662046, 0.5709311414409328, 0.6019741876705272, 0.6284763265300441, 0.6512624433448723, 0.6707448626423741, 0.6873634677749496, 0.701817342826912, 0.7141352870442845, 0.721564489441949, 0.71576794310733, 0.7200226069570662, 0.7272880533794025, 0.7351189846391076, 0.7426778174735404, 0.749904527857497, 0.7566323736766437, 0.7610028842547992, 0.7566151012171496, 0.7607401722186321, 0.7658315923836854, 0.7709148306030411, 0.7757319169001536, 0.78028516672753, 0.7846292407663019, 0.7888033325607712, 0.7927405372396246, 0.7963714427776165, 0.7999318301140725, 0.8032865819630323, 0.8064285430822287, 0.809488422161824, 0.8123689336819692, 0.8150635028744603, 0.817722754972475, 0.8202409518731607, 0.8227368421382732, 0.82501281972404, 0.8272307520514136, 0.8294038106729319, 0.8314442430530582, 0.8334446887712221, 0.8353642875009829]
############## TEST MEAN_IOU ############## 
0.8360852324601376
############## VOC ############## 
0.9180426597595215
