############## TRAIN LOSS ############## 
[0.19639685521791647, 0.18399242922529443, 0.19672857211516784, 0.17717587316895392, 0.16803332049030442, 0.15942985108038327, 0.16611571609973907, 0.14404102025536802, 0.122579997925608, 0.09758344601403486, 0.10635150666977908, 0.07660223896036276, 0.06126193329691887, 0.05423083884624748, 0.04336568364151963, 0.03799448422416373, 0.033758932691033895, 0.030662216447495127, 0.029834658159194765, 0.02661154491340255, 0.02341737024284698, 0.02282057467613134, 0.02199280344218284, 0.02016004238713969, 0.019233473375238275, 0.018297494775070262, 0.017630130547593843, 0.018005426612321858, 0.01674679338697109, 0.01636611086291236, 0.016245045145419804, 0.015769327185242564, 0.015376007964683545, 0.01514547190687678, 0.01482371545421916, 0.01505560463982391, 0.014781364147459064, 0.01435785843814547, 0.014303872823245354, 0.014373083942913794, 0.014289445201824378, 0.013973465667584457, 0.013951409952127718, 0.013392406977243252, 0.01341700720860883, 0.01355940171492261, 0.013272226016196582, 0.013483034631421973, 0.014926014854027345, 0.01503599883971719, 0.013576773347685466, 0.01285648351820471, 0.012751809724077984, 0.012436479707626073, 0.012335318123904971, 0.012281348316317744, 0.01212791364371508, 0.01210605892612859, 0.012540335548823481, 0.012878729458394888, 0.012294690149861414, 0.012072280829621328, 0.011759362905076495, 0.011710214386652183, 0.0115487814150952, 0.011626434764145193, 0.011606544667334706, 0.011703403742128127, 0.0115016660661445]
############## VALIDATION LOSS ############## 
[0.1760663071683809, 0.2335370755663105, 0.18494738463093252, 0.17460663382913552, 0.15803722803499184, 0.15038368310414107, 0.15675106031053207, 0.12021816960152458, 0.13910377244738972, 0.12583295285117393, 0.11469430081984576, 0.10108245368681702, 0.07899496777384889, 0.07466208584168378, 0.07291151320233065, 0.04818716462628514, 0.0504147614188054, 0.05003010868734004, 0.04487436275710078, 0.043885112648793294, 0.05149167352447323, 0.05467280803942213, 0.06415233534632944, 0.06249871462875722, 0.04916792808502328, 0.050835125038728994, 0.05516299130577667, 0.0366048056120966, 0.049167328641987314, 0.04615559721109914, 0.03689661081515107, 0.053087884596749846, 0.043634258539361113, 0.06402448075366955, 0.036802891970557326, 0.052050220067886746, 0.044004176652022435, 0.04734976187932725, 0.048521015500905464, 0.12146232043411218, 0.04488792767127355, 0.046703153454205566, 0.04343639398176296, 0.09428396704150181, 0.0489146866853915, 0.03186721358375222, 0.05104544627315858, 0.06018579261852246, 0.02262298037827599, 0.032813854223372886, 0.027778113461738706, 0.038108537302297706, 0.023920534744712653, 0.02908785789109328, 0.02750997239833369, 0.030333202441825587, 0.03527924765412714, 0.030102363203232195, 0.03219879575658078, 0.028464162868319775, 0.028244660254202636, 0.030632740160559908, 0.032461472841746664, 0.03377541633067178, 0.05493327832835562, 0.04018664619355809, 0.05917802471302304, 0.05953635699024387, 0.08055276091338373]
############## TEST LOSS ############## 
0.11335771391638602
############## TRAIN MEAN_IOU ############## 
[0.4543860205658921, 0.47247753137940757, 0.47307634031450424, 0.47277271264308207, 0.47260656603821766, 0.47253446374927555, 0.47256065972216493, 0.47255659022846735, 0.47268363350146525, 0.4771401178729427, 0.48503563720900733, 0.4915672258750812, 0.5061006997082684, 0.5243500965135591, 0.5427256430591549, 0.560648619054674, 0.5773665577441722, 0.5930999275800344, 0.6073292611955522, 0.6203163003062343, 0.6329841753384015, 0.6446493606309633, 0.6551963729901357, 0.6652997538850114, 0.6747661914911356, 0.6836453348666698, 0.6920140079549841, 0.6997917600580164, 0.7071292625891196, 0.7140381271774704, 0.7204915489162411, 0.7266955209207965, 0.7325519865697568, 0.738063581891962, 0.7432170580099294, 0.748204479883383, 0.7528431727005555, 0.7573475316838101, 0.7615370804125124, 0.7655817930762833, 0.769080675937034, 0.7727838647258174, 0.7762784931036804, 0.779624197934125, 0.7826934574960588, 0.7857536920556077, 0.7887958309671901, 0.7916112509933678, 0.794258037128964, 0.7967705710514171, 0.79929818870785, 0.8017974603283513, 0.804192108076972, 0.8065848678081959, 0.8088779825348038, 0.8110953950667167, 0.8132259426890193, 0.815253454285699, 0.8172651003072927, 0.8191508790394207, 0.8210001233461741, 0.8228137482393969, 0.8245730040309666, 0.8262740083642908, 0.8279374923791971, 0.8294668020428838, 0.8310184962040669, 0.8324643539952802, 0.8338665172860429]
############## VALIDATION MEAN_IOU ############## 
[0.4543860205658921, 0.47247753137940757, 0.47307634031450424, 0.47277271264308207, 0.47260656603821766, 0.47253446374927555, 0.47256065972216493, 0.47255659022846735, 0.47268363350146525, 0.4771401178729427, 0.48503563720900733, 0.4915672258750812, 0.5061006997082684, 0.5243500965135591, 0.5427256430591549, 0.560648619054674, 0.5773665577441722, 0.5930999275800344, 0.6073292611955522, 0.6203163003062343, 0.6329841753384015, 0.6446493606309633, 0.6551963729901357, 0.6652997538850114, 0.6747661914911356, 0.6836453348666698, 0.6920140079549841, 0.6997917600580164, 0.7071292625891196, 0.7140381271774704, 0.7204915489162411, 0.7266955209207965, 0.7325519865697568, 0.738063581891962, 0.7432170580099294, 0.748204479883383, 0.7528431727005555, 0.7573475316838101, 0.7615370804125124, 0.7655817930762833, 0.769080675937034, 0.7727838647258174, 0.7762784931036804, 0.779624197934125, 0.7826934574960588, 0.7857536920556077, 0.7887958309671901, 0.7916112509933678, 0.794258037128964, 0.7967705710514171, 0.79929818870785, 0.8017974603283513, 0.804192108076972, 0.8065848678081959, 0.8088779825348038, 0.8110953950667167, 0.8132259426890193, 0.815253454285699, 0.8172651003072927, 0.8191508790394207, 0.8210001233461741, 0.8228137482393969, 0.8245730040309666, 0.8262740083642908, 0.8279374923791971, 0.8294668020428838, 0.8310184962040669, 0.8324643539952802, 0.8338665172860429]
############## TEST MEAN_IOU ############## 
0.8338209824128584
############## VOC ############## 
0.9169105291366577
