############## TRAIN LOSS ############## 
[0.19601322764211948, 0.1768011072197476, 0.20029902042032363, 0.14639108648171295, 0.13743134104722254, 0.12454744039086608, 0.10509302493956713, 0.09881446349459726, 0.07437519393525682, 0.06401662585568858, 0.053442598731668144, 0.0442541734659457, 0.0365057184721704, 0.031920598551362485, 0.029700222316088976, 0.028006745569475064, 0.026337846291360555, 0.024458628617696935, 0.02252327810201022, 0.022056895920687967, 0.02091929853499473, 0.02071984611485187, 0.018637463693750335, 0.018966429673873627, 0.017178714636142726, 0.016623358191871964, 0.01654096037518602, 0.016234142823262257, 0.01586108377018759, 0.01582374127564935, 0.015348675610447253, 0.014805186036470774, 0.014804145833057863, 0.014687727297748532, 0.01444940996431821, 0.014674534660403256, 0.01880019930870952, 0.015489661302585323, 0.015092984445997187, 0.014496376351998732, 0.013962078948614296, 0.013813813997281564, 0.013212468013637237, 0.013277448889975613, 0.013020859351633367, 0.012964435819502886, 0.012883184670663631, 0.012949604868284753, 0.01288506610167993, 0.012648138108554188, 0.012495992914983281, 0.012379424520642371, 0.01227931563348115, 0.011924852751329675, 0.012341845436609006, 0.012297794734639628, 0.01211421786564159, 0.011920679301896074, 0.0117712013742274, 0.01167961881235913, 0.011523123738263641]
############## VALIDATION LOSS ############## 
[0.18687411120124892, 0.17476125821179034, 0.16111870372996612, 0.12169870778041728, 0.12175647403095283, 0.11959426031977523, 0.09981014272745918, 0.09460349570886761, 0.11251877934909334, 0.07411125389968648, 0.05502110142626014, 0.054591822930995154, 0.03955650556029058, 0.0510581183959456, 0.0386978288491567, 0.029702898334054387, 0.03396579707223995, 0.03214168537627248, 0.028503030282901784, 0.036105438190348005, 0.02798760349990106, 0.033135498161701596, 0.025498978537963887, 0.024870479917701555, 0.03145593276941309, 0.029743140052054442, 0.029897775172310716, 0.0405971965588191, 0.029352211703856785, 0.02757901132252871, 0.030162409203601817, 0.03500118661744922, 0.03723877712207682, 0.02902742588490832, 0.024786811066316625, 0.04537087708127265, 0.02335695936983707, 0.022009077664537757, 0.020345246328004434, 0.01936106781895254, 0.017987670979517346, 0.018164861636857193, 0.0210979927477299, 0.019998929134624845, 0.01847450389508523, 0.02437463815451837, 0.02237836275176675, 0.018233650418765405, 0.023854750080728064, 0.024165605998360644, 0.02155522196827566, 0.023424715132397765, 0.030385251759606248, 0.025081300596688307, 0.01918709634200615, 0.022984669854243595, 0.01975503998498122, 0.018709346779859533, 0.020514831713893834, 0.021622111600841962, 0.02062346041202545]
############## TEST LOSS ############## 
0.0502074245777395
############## TRAIN MEAN_IOU ############## 
[0.45438569515675037, 0.47199521891705626, 0.4723218086066547, 0.47266310319170224, 0.4733204865777815, 0.4752507150710166, 0.4786268311577874, 0.4862597998198088, 0.5009816992390264, 0.5238185562529005, 0.5448874933225615, 0.566231928430162, 0.5867216608545802, 0.6058762841396503, 0.623466205489528, 0.6389920335632187, 0.6532172716415681, 0.6661891915776708, 0.67800835660986, 0.6889601806262592, 0.6989422725127624, 0.7082482597849391, 0.7169370087417396, 0.7250750021891551, 0.7325845677573402, 0.7397121040670721, 0.7463397249445185, 0.752524293220795, 0.7582364533398602, 0.7636956594011806, 0.7688259154826671, 0.7736798653731475, 0.7781744411399772, 0.7824162808624474, 0.7864687496477419, 0.7903376806963671, 0.793698000478315, 0.7968884808523161, 0.8001546596621608, 0.8033203155070812, 0.8063989791784201, 0.8093339945818927, 0.8121722034505896, 0.8148376565795761, 0.8174523700464953, 0.8199569201684213, 0.8222988038449675, 0.8245734647587613, 0.826790225398433, 0.8289062864071614, 0.8309130314234141, 0.8328983407836776, 0.8347867775607754, 0.8365752031137278, 0.8383481309220597, 0.8400696822114893, 0.8417545369079521, 0.8433730011587744, 0.844954547581372, 0.846507351677697, 0.8479988741445111]
############## VALIDATION MEAN_IOU ############## 
[0.45438569515675037, 0.47199521891705626, 0.4723218086066547, 0.47266310319170224, 0.4733204865777815, 0.4752507150710166, 0.4786268311577874, 0.4862597998198088, 0.5009816992390264, 0.5238185562529005, 0.5448874933225615, 0.566231928430162, 0.5867216608545802, 0.6058762841396503, 0.623466205489528, 0.6389920335632187, 0.6532172716415681, 0.6661891915776708, 0.67800835660986, 0.6889601806262592, 0.6989422725127624, 0.7082482597849391, 0.7169370087417396, 0.7250750021891551, 0.7325845677573402, 0.7397121040670721, 0.7463397249445185, 0.752524293220795, 0.7582364533398602, 0.7636956594011806, 0.7688259154826671, 0.7736798653731475, 0.7781744411399772, 0.7824162808624474, 0.7864687496477419, 0.7903376806963671, 0.793698000478315, 0.7968884808523161, 0.8001546596621608, 0.8033203155070812, 0.8063989791784201, 0.8093339945818927, 0.8121722034505896, 0.8148376565795761, 0.8174523700464953, 0.8199569201684213, 0.8222988038449675, 0.8245734647587613, 0.826790225398433, 0.8289062864071614, 0.8309130314234141, 0.8328983407836776, 0.8347867775607754, 0.8365752031137278, 0.8383481309220597, 0.8400696822114893, 0.8417545369079521, 0.8433730011587744, 0.844954547581372, 0.846507351677697, 0.8479988741445111]
############## TEST MEAN_IOU ############## 
0.8487266942708179
############## VOC ############## 
0.924363374710083
