############## TRAIN LOSS ############## 
[0.19585589796036212, 0.17088487287899395, 0.17279301228018495, 0.17039460272670867, 0.11910095247062477, 0.10680425395299722, 0.09149425389530423, 0.07287054277352385, 0.055741776250772646, 0.047981540462723724, 0.04172833453494686, 0.03459868155554071, 0.03183833323419094, 0.027504112286207912, 0.02663292895230624, 0.024517351694337955, 0.022255267561958718, 0.020710152934666153, 0.019740291728495476, 0.01892602551090825, 0.019181547258552666, 0.01836038031825074, 0.016811531070653384, 0.016697417609057984, 0.016640353217922354, 0.016231140247671992, 0.016926801864158462, 0.01593495424635507, 0.016199927777051926, 0.015578176717164818, 0.014979129766223129, 0.014779928299757812, 0.014240746554155071, 0.014198077020344433, 0.014117576911844112, 0.014094411219294006, 0.014095687483613556, 0.013586656693872568, 0.013323619600955967, 0.013544039926617532, 0.013196922435953811, 0.012939933251153241, 0.012974303417109154, 0.012889689228891789, 0.01261052354196976, 0.012773726278127314, 0.012455479753715498, 0.012405259039689292]
############## VALIDATION LOSS ############## 
[0.18636086349393807, 0.16951103508472443, 0.144197261800953, 0.17487873399958892, 0.1570261462646372, 0.15925022872055278, 0.09509965792006138, 0.08680598656920825, 0.09829250547815771, 0.06306735900979415, 0.07014361637480118, 0.17059535986068203, 0.21798909616236592, 0.09388792529410007, 0.07362633161977225, 0.05836374250551065, 0.23408601301557877, 0.07155735973341792, 0.18197598381369723, 0.0761677023826861, 0.0844831291367026, 0.10503048990287032, 0.07673116619972621, 0.0739067867398262, 0.5418786710383845, 0.06446737350494254, 0.08697111254521445, 0.0464178379625082, 0.05545998371991457, 0.057414907962083817, 0.43772298740405663, 0.058932145655739544, 0.06643123128542713, 0.1008682227602192, 0.09359678932849098, 0.07601353518810927, 0.08408061772877094, 0.0680992631789516, 0.05574875303051051, 0.061801724355010426, 0.06798718139237049, 0.04915607128949726, 0.06174233292832094, 0.09029252213590286, 0.10445141032630322, 0.051130129426133396, 0.07607580107801101, 0.07404506717826806]
############## TEST LOSS ############## 
0.10730089857572257
############## TRAIN MEAN_IOU ############## 
[0.45439213836515274, 0.4719368804682482, 0.47333094370257744, 0.475124722933984, 0.47691300081777144, 0.48400042481250594, 0.49108146386103585, 0.5074162800032813, 0.5315470894177755, 0.5569019983480642, 0.5792403446661459, 0.6000765588906434, 0.6191698339608338, 0.6358470712696109, 0.6515813190657813, 0.6653523214228518, 0.6786088997179324, 0.6894743673436277, 0.7003965753692765, 0.7096252645458188, 0.7185850164911769, 0.7267990294877473, 0.7342910605507929, 0.7414895784747493, 0.7480634762360169, 0.7521649615184681, 0.7579255581976058, 0.7631883497710701, 0.7684469883506363, 0.7733509331136137, 0.7779639900267661, 0.7808570271139746, 0.7849092730530748, 0.7887840485787606, 0.7922109709129678, 0.7956031088356499, 0.7988305081118334, 0.8019156482842591, 0.8048860027983382, 0.8076894959887942, 0.8103719756409928, 0.8128756692817619, 0.8154298566483162, 0.8177722536765777, 0.8199057648847768, 0.821946552207878, 0.8241274979737427, 0.8260983583089467]
############## VALIDATION MEAN_IOU ############## 
[0.45439213836515274, 0.4719368804682482, 0.47333094370257744, 0.475124722933984, 0.47691300081777144, 0.48400042481250594, 0.49108146386103585, 0.5074162800032813, 0.5315470894177755, 0.5569019983480642, 0.5792403446661459, 0.6000765588906434, 0.6191698339608338, 0.6358470712696109, 0.6515813190657813, 0.6653523214228518, 0.6786088997179324, 0.6894743673436277, 0.7003965753692765, 0.7096252645458188, 0.7185850164911769, 0.7267990294877473, 0.7342910605507929, 0.7414895784747493, 0.7480634762360169, 0.7521649615184681, 0.7579255581976058, 0.7631883497710701, 0.7684469883506363, 0.7733509331136137, 0.7779639900267661, 0.7808570271139746, 0.7849092730530748, 0.7887840485787606, 0.7922109709129678, 0.7956031088356499, 0.7988305081118334, 0.8019156482842591, 0.8048860027983382, 0.8076894959887942, 0.8103719756409928, 0.8128756692817619, 0.8154298566483162, 0.8177722536765777, 0.8199057648847768, 0.821946552207878, 0.8241274979737427, 0.8260983583089467]
############## TEST MEAN_IOU ############## 
0.8257531959601123
############## VOC ############## 
0.9128766059875488
