############## TRAIN LOSS ############## 
[0.19567414057684374, 0.18230301933782594, 0.17790308285940876, 0.14573493250855454, 0.1038938757401329, 0.0846985462079714, 0.07220357535658656, 0.06287712691066501, 0.05248467479874422, 0.04896707980482428, 0.040759517635042604, 0.03455906555996285, 0.03064273269259715, 0.027750731571703345, 0.02653648873774318, 0.025095994324163273, 0.022451519529830228, 0.02248833239548378, 0.020351382845022657, 0.01969450010775446, 0.01951491730371574, 0.01839648250087693, 0.017350285498609952, 0.018083108203099656, 0.017774669562575517, 0.0166230693979709, 0.01641365295057898, 0.01614846849629471, 0.01646021460728334, 0.015609648053509157, 0.015351363407397593, 0.014899958453669742, 0.014612245432159922, 0.014713154342193325, 0.014735263017182415, 0.014339911013103283, 0.014108730337439894, 0.014529340539698128, 0.014741637349665703, 0.013822991736568846, 0.01380057491966196]
############## VALIDATION LOSS ############## 
[0.18654864149935105, 0.17376997657850676, 0.1707962210856232, 0.14046128605510674, 0.1164594562906845, 0.10890090246410931, 0.09713540401528864, 0.1258288512335104, 0.05881551346358131, 0.08280505181527605, 0.0823234613327419, 0.16833141504549512, 0.14924115366211124, 0.0885745900518754, 0.08121533319354057, 0.10385154874301424, 0.1284976199853654, 0.08932340561467059, 0.09483277863439392, 0.0558502835897254, 0.05017165620537365, 0.10469097264257132, 0.09061518844728376, 0.2969334026177724, 0.23112746079762778, 0.14795729956206152, 0.11051846295595169, 0.06646532762576551, 0.09375330615861743, 0.07800395355797281, 0.15745073001758725, 0.10613487763147728, 0.14829990881330826, 0.18512430874740377, 0.053343421615221924, 0.05261863026694924, 0.19012742796364954, 0.058045754756997615, 0.1113357091066884, 0.05566042639753398, 0.0629502526100944]
############## TEST LOSS ############## 
0.0843523862461249
############## TRAIN MEAN_IOU ############## 
[0.45438112627278576, 0.4720497083019566, 0.47237223386764526, 0.4724666895093145, 0.47556308475700587, 0.4949693830163629, 0.5211138714541186, 0.5473671142045442, 0.5707616532171095, 0.5922661740500648, 0.6108237784188073, 0.6295049657692781, 0.6460441979202064, 0.6609918029458673, 0.6750223819199983, 0.6875552808916247, 0.6988769517288552, 0.7090491303452501, 0.718484517153319, 0.7271906389846458, 0.7355132156664187, 0.7431210182808541, 0.749921957651774, 0.7563868696625168, 0.7612705794540612, 0.7658853890659573, 0.7709033478487719, 0.7756830915674433, 0.7803033933983193, 0.7845959625802599, 0.7887463365589176, 0.7922960084837836, 0.7959499971286671, 0.7991907022020839, 0.8020781761891133, 0.8052882831375878, 0.8084210694373191, 0.8108790629618877, 0.8135438207033518, 0.8160386133838344, 0.8186278289502805]
############## VALIDATION MEAN_IOU ############## 
[0.45438112627278576, 0.4720497083019566, 0.47237223386764526, 0.4724666895093145, 0.47556308475700587, 0.4949693830163629, 0.5211138714541186, 0.5473671142045442, 0.5707616532171095, 0.5922661740500648, 0.6108237784188073, 0.6295049657692781, 0.6460441979202064, 0.6609918029458673, 0.6750223819199983, 0.6875552808916247, 0.6988769517288552, 0.7090491303452501, 0.718484517153319, 0.7271906389846458, 0.7355132156664187, 0.7431210182808541, 0.749921957651774, 0.7563868696625168, 0.7612705794540612, 0.7658853890659573, 0.7709033478487719, 0.7756830915674433, 0.7803033933983193, 0.7845959625802599, 0.7887463365589176, 0.7922960084837836, 0.7959499971286671, 0.7991907022020839, 0.8020781761891133, 0.8052882831375878, 0.8084210694373191, 0.8108790629618877, 0.8135438207033518, 0.8160386133838344, 0.8186278289502805]
############## TEST MEAN_IOU ############## 
0.8193211077439665
############## VOC ############## 
0.9096605777740479
