############## TRAIN LOSS ############## 
[0.1968580305844814, 0.175986611896807, 0.15553448429784258, 0.15093760246092136, 0.12542588250325606, 0.10393412290392695, 0.09557683524247762, 0.06687074225093867, 0.052896405930991645, 0.045451574933689995, 0.035715049938172906, 0.033262161252734894, 0.02871866737332967, 0.02648441876108582, 0.02504423225449549, 0.02402750365771689, 0.02138825853330058, 0.020574142770455765, 0.01936881487501097, 0.01900942974329532, 0.018773309005474723, 0.01805072160320239, 0.01678317364909359, 0.0170096176013619, 0.01663174935792749, 0.01612220134854585, 0.01582893410378748, 0.015736707150600514, 0.01543380675820617, 0.01517135373878855, 0.014980765579788535]
############## VALIDATION LOSS ############## 
[0.18692754092169742, 0.16685231848090304, 0.14118675595405056, 0.1453290850508447, 0.11490587276570938, 0.10128810709598017, 0.10600031459448385, 0.09668888283126495, 0.05512210675606541, 0.040772518325670096, 0.03628793676548144, 0.06770353391766548, 0.03969296926230777, 0.04028672692092026, 0.04011798956814934, 0.04011062755450314, 0.06824671002287491, 0.04454741849764889, 0.05669904467375839, 0.046081717874781755, 0.054049739614129066, 0.07011529270048235, 0.05349502372829353, 0.04902566578604427, 0.1276835610761362, 0.05086306847778021, 0.07226402210254296, 0.08340199971023728, 0.054444197638362064, 0.066850565812167, 0.08732386736893187]
############## TEST LOSS ############## 
0.1172771635343029
############## TRAIN MEAN_IOU ############## 
[0.45438920753496187, 0.47192193581177305, 0.4721909584225835, 0.47328958130097604, 0.4740120685315347, 0.47940144694603243, 0.4941362658062497, 0.5181990942439517, 0.5454583592243023, 0.5707323578026917, 0.593848658574594, 0.6160550917591061, 0.635366639038464, 0.6527757913142711, 0.668326464859215, 0.6816706716477334, 0.6941249789418401, 0.7054041028022766, 0.7158188793036315, 0.7251692945892746, 0.7337739902573663, 0.7415913767642803, 0.7488500175175367, 0.7556017347284265, 0.7618293386321884, 0.7671959539791485, 0.7726658663234195, 0.7777623389218304, 0.7823899286287325, 0.7868664876834767, 0.791063582574999]
############## VALIDATION MEAN_IOU ############## 
[0.45438920753496187, 0.47192193581177305, 0.4721909584225835, 0.47328958130097604, 0.4740120685315347, 0.47940144694603243, 0.4941362658062497, 0.5181990942439517, 0.5454583592243023, 0.5707323578026917, 0.593848658574594, 0.6160550917591061, 0.635366639038464, 0.6527757913142711, 0.668326464859215, 0.6816706716477334, 0.6941249789418401, 0.7054041028022766, 0.7158188793036315, 0.7251692945892746, 0.7337739902573663, 0.7415913767642803, 0.7488500175175367, 0.7556017347284265, 0.7618293386321884, 0.7671959539791485, 0.7726658663234195, 0.7777623389218304, 0.7823899286287325, 0.7868664876834767, 0.791063582574999]
############## TEST MEAN_IOU ############## 
0.792170308093832
############## VOC ############## 
0.8960851430892944
