############## TRAIN LOSS ############## 
[0.19751972671564635, 0.18336829878725447, 0.17664865599022256, 0.13720634955543656, 0.11004753887384862, 0.08389900856324144, 0.0636893809177317, 0.05371804290392378, 0.04364962422767201, 0.04024838052085928, 0.034776731738233355, 0.03142659639654396, 0.027003807326157887, 0.02468649111688137, 0.026941773876010836, 0.02938572485167701, 0.022413728121030436, 0.02053296121323968, 0.019395471097448387, 0.01874497417897523, 0.018497346254350903, 0.0184479806119123, 0.017228616795896948, 0.01694517391356262, 0.016498212366960606, 0.016359521738916367, 0.01564060694428983, 0.01549194916780736, 0.01572572105136272, 0.015596165816794644, 0.015269801918383653, 0.015187712998741918, 0.014797132974071009, 0.01450575140581743, 0.014746699003955803]
############## VALIDATION LOSS ############## 
[0.18759090818610846, 0.17609627369572134, 0.15461726545118817, 0.11685005122540044, 0.19264480237867318, 0.1099169305434414, 0.13913479023704342, 0.06767620431149707, 0.04844546595624849, 0.07163951202642684, 0.2844817655927995, 0.05999032239995751, 0.06524497964510731, 0.4191920652109034, 0.029675834903530048, 0.03331972245930457, 0.034224000229847194, 0.04474152226512339, 0.03538782354079041, 0.03615192948457073, 0.041769388369193264, 0.04877041422707193, 0.037786481609823654, 0.07404679768517905, 0.04397422922592537, 0.06962648413929284, 0.04999855040189098, 0.08297113599438294, 0.07707985600127894, 0.06906632816090304, 0.029787099974996904, 0.06235029650669472, 0.046154169767510654, 0.05144044472014203, 0.05274033466098355]
############## TEST LOSS ############## 
0.09034271731671661
############## TRAIN MEAN_IOU ############## 
[0.4544053456267795, 0.47211903870642724, 0.4727252711046923, 0.4727650134413092, 0.47535343481613707, 0.4915742170703304, 0.5192685986424351, 0.5498095262158025, 0.5770829099792618, 0.6015609878677506, 0.6230577660036517, 0.6406441153706731, 0.6579734291042294, 0.6734630084252572, 0.6857307279432142, 0.6968926685350435, 0.7080406396238653, 0.7187556951969594, 0.7284618369093886, 0.7374262095571639, 0.7456043996252455, 0.752908576179195, 0.7595600910014935, 0.7660132947268786, 0.771694622061274, 0.7772387770919112, 0.7823244891725145, 0.7871122870359335, 0.7914315494331153, 0.7953520433322804, 0.7992096639968254, 0.8030299678579107, 0.8065857076430106, 0.8099153884896287, 0.8130975467664702]
############## VALIDATION MEAN_IOU ############## 
[0.4544053456267795, 0.47211903870642724, 0.4727252711046923, 0.4727650134413092, 0.47535343481613707, 0.4915742170703304, 0.5192685986424351, 0.5498095262158025, 0.5770829099792618, 0.6015609878677506, 0.6230577660036517, 0.6406441153706731, 0.6579734291042294, 0.6734630084252572, 0.6857307279432142, 0.6968926685350435, 0.7080406396238653, 0.7187556951969594, 0.7284618369093886, 0.7374262095571639, 0.7456043996252455, 0.752908576179195, 0.7595600910014935, 0.7660132947268786, 0.771694622061274, 0.7772387770919112, 0.7823244891725145, 0.7871122870359335, 0.7914315494331153, 0.7953520433322804, 0.7992096639968254, 0.8030299678579107, 0.8065857076430106, 0.8099153884896287, 0.8130975467664702]
############## TEST MEAN_IOU ############## 
0.8143616884645789
############## VOC ############## 
0.9071808457374573
