############## TRAIN LOSS ############## 
[0.19635519613553812, 0.17400249624037528, 0.13970673453431945, 0.11368489017089208, 0.1079709822530145, 0.08499429448767826, 0.06074099158784291, 0.049114308076667355, 0.03991905794487343, 0.03208853198668441, 0.029286171452284935, 0.025786434124047693, 0.025254585134150746, 0.02271869476582553, 0.021849070465913764, 0.020724257017980825, 0.019343220335137738, 0.017935561376984592, 0.017434145072223368, 0.01736714991296197, 0.017076858797588863, 0.016244801457736407, 0.01565485625519409, 0.01592818492402633, 0.016240433529690578, 0.015232472974169362, 0.014937907113349653, 0.01500956622699091, 0.1556045672109535, 0.23560771681703963, 0.18198472677587388, 0.17507224107110822]
############## VALIDATION LOSS ############## 
[0.18868497277007384, 0.17184079628364712, 0.2132625062676037, 0.16629083688352622, 0.14687565232024474, 0.09130625003108792, 0.0693336842837287, 0.11426539412316154, 0.07255739901287883, 0.06803390843903317, 0.07938821241259575, 0.05900952855453772, 0.07764159873420116, 0.07270941525405529, 0.10584972871869218, 0.07411902814226992, 0.1498772954823924, 0.09361542775934818, 0.11771698880429361, 0.14280223831826566, 0.1352215375678212, 0.11518843267478195, 0.11517716228377585, 0.0887201053693014, 0.11367754915765688, 0.11776805274626788, 0.06747926479461146, 0.06195525233359898, 0.5404561454174566, 0.18785725884577809, 0.18219795384827783, 0.17649804873793734]
############## TEST LOSS ############## 
0.16655489317696504
############## TRAIN MEAN_IOU ############## 
[0.4543864042372317, 0.47192299043810043, 0.4733008597348187, 0.4785653022495476, 0.49094302536131024, 0.4988526589161641, 0.5252815979021089, 0.5564486303844968, 0.5831261889354603, 0.6093567115766508, 0.6313991707724493, 0.6501768290459573, 0.6681408441818513, 0.6830237706502279, 0.6965100765228271, 0.707918892572592, 0.7192818398948189, 0.728883282558338, 0.7378418456326734, 0.7457855794880841, 0.7528363401825363, 0.7592650308265342, 0.7655164969934, 0.7712471791215845, 0.776540677289705, 0.7813513574299512, 0.7859957964570673, 0.7905809471199104, 0.7926782423311526, 0.7832617727485863, 0.773239333887358, 0.7640760245623889]
############## VALIDATION MEAN_IOU ############## 
[0.4543864042372317, 0.47192299043810043, 0.4733008597348187, 0.4785653022495476, 0.49094302536131024, 0.4988526589161641, 0.5252815979021089, 0.5564486303844968, 0.5831261889354603, 0.6093567115766508, 0.6313991707724493, 0.6501768290459573, 0.6681408441818513, 0.6830237706502279, 0.6965100765228271, 0.707918892572592, 0.7192818398948189, 0.728883282558338, 0.7378418456326734, 0.7457855794880841, 0.7528363401825363, 0.7592650308265342, 0.7655164969934, 0.7712471791215845, 0.776540677289705, 0.7813513574299512, 0.7859957964570673, 0.7905809471199104, 0.7926782423311526, 0.7832617727485863, 0.773239333887358, 0.7640760245623889]
############## TEST MEAN_IOU ############## 
0.7546862908083983
############## VOC ############## 
0.8773431777954102
