############## TRAIN LOSS ############## 
[0.17800397858829112, 0.11388898605631816, 0.08390883894989619, 0.054104227232872636, 0.06520143044307022, 0.038352490069243954, 0.03892500324778863, 0.027897252374001452, 0.026440265934561957, 0.025334440492647322, 0.026006322605787096, 0.034392169513110374, 0.024119931103258923, 0.026360697968787438, 0.030003519999366755, 0.02196658937562559, 0.03952361234916827, 0.022104174757653194, 0.019026282362992298, 0.03782229998929275, 0.023384217915402072, 0.03436024832488919]
############## VALIDATION LOSS ############## 
[0.17805920804248138, 0.2644680159933427, 0.21549228622632868, 0.07614133090657346, 0.06559371641453575, 0.08642890676856041, 0.04685245509095052, 0.03756514355978545, 0.04025362738791634, 0.06098449328804717, 0.027365806238616213, 0.02361647839493611, 0.022960484520915675, 0.03224823015796788, 0.04248630507465671, 0.02208620819317944, 0.019762264071580243, 0.022642136797966325, 0.038953385041917074, 0.0349979652913616, 0.022646822254447377, 0.021966916892458412]
############## TEST LOSS ############## 
0.028358353437347845
############## TRAIN MEAN_IOU ############## 
[0.469176798253446, 0.48929739683061035, 0.5203013222765278, 0.5643504616376516, 0.6022475152402311, 0.6366371709752727, 0.6633567773812526, 0.6905764752143139, 0.7120860001525363, 0.7299202297990387, 0.7442092746496201, 0.7549458303161569, 0.7653580569737667, 0.7746342364195231, 0.7814750550566493, 0.7883746994508279, 0.7936281126898688, 0.7996782712839745, 0.8055033595175356, 0.808912227282653, 0.812709675850095, 0.8155353943238387]
############## VALIDATION MEAN_IOU ############## 
[0.48335040842785554, 0.5001134293920854, 0.5416049361228943, 0.5919498520738938, 0.6191962186027976, 0.6523559093475342, 0.6779357194900513, 0.7019394110230839, 0.7214978933334351, 0.737425471053404, 0.7505748026511249, 0.7603045035811031, 0.7704215821097878, 0.7785628718488357, 0.7850481131497551, 0.792221774073208, 0.7965811420889461, 0.802627822932075, 0.8082522259039038, 0.8106780437862172, 0.8147474737728343, 0.8169721750652089]
############## TEST MEAN_IOU ############## 
0.818545295975425
