############## TRAIN LOSS ############## 
[0.17826885865950906, 0.08579896050631194, 0.05391160728460228, 0.03883805854019482, 0.05729429905831411, 0.04623224396208251, 0.04118692740873509, 0.028113769782656752, 0.03820079240973133, 0.03637031780404819, 0.03877971659892717, 0.024595354155108735, 0.023041121756053856, 0.02627904257560904, 0.021235331924430823, 0.0363627419039305, 0.05232217232696712, 0.036226569637152796, 0.023987438771999568, 0.03878727852291352]
############## VALIDATION LOSS ############## 
[0.3220258968717912, 0.0885211400249425, 0.18189887658638113, 0.11085600384018, 0.06756879082497429, 0.04877867588006398, 0.07041834404363352, 0.030287703170495874, 0.10033401562010541, 0.047002103398827946, 0.030927589656237292, 0.02851390794796102, 0.025471252991872674, 0.03365484762060292, 0.018502558800665772, 0.021945578758330905, 0.02444035609197967, 0.01998806936556802, 0.023051374345360434, 0.026318675454925087]
############## TEST LOSS ############## 
0.03162730347478029
############## TRAIN MEAN_IOU ############## 
[0.4671446815938563, 0.5045391490330567, 0.5759607146720629, 0.6360604698593552, 0.6684283972591967, 0.6922990011202322, 0.7128225415945053, 0.7337047397284895, 0.7486711792849206, 0.7593740273166347, 0.7688079315262872, 0.7791783004193693, 0.7882042652046358, 0.7960942017065512, 0.8034964163561125, 0.8083140068763012, 0.8094239988037057, 0.8119128467263402, 0.816176572764242, 0.8188688150934271]
############## VALIDATION MEAN_IOU ############## 
[0.47861076277845044, 0.5483161526567796, 0.6114117012304419, 0.6603408701279584, 0.682234080398784, 0.7054387786809135, 0.7237302871311412, 0.7428957258953768, 0.7551800503450281, 0.7656390842269448, 0.7739656146834878, 0.7837561368942261, 0.792658434194677, 0.7999571526751799, 0.8070718681111055, 0.8108324057915631, 0.811162159723394, 0.8141032282043906, 0.818767621236689, 0.8208527389694663]
############## TEST MEAN_IOU ############## 
0.8219536037156077
