############## TRAIN LOSS ############## 
[0.17620905745472457, 0.08612863521871937, 0.05048722087883869, 0.04166818909800133, 0.03381596963751961, 0.02931855256493027, 0.028042815065615484, 0.023678172033632528, 0.05623597955029156, 0.027841678977868444, 0.023694006549949582, 0.03955357151760443, 0.022725993226206786, 0.03320469518468992, 0.040624796110834624, 0.027088471033887285, 0.03572957495831557, 0.024113913305808563, 0.030257141771348747, 0.02054573570352954, 0.018961137755320885, 0.019138569355237525, 0.01846655041633828, 0.018150923672962834, 0.030248016924471467, 0.024757491239044513, 0.03000028067696336, 0.025596721922173292, 0.01920976589207311, 0.017229767906404025, 0.027174221974722034, 0.025838466354872327, 0.024314553206283097, 0.017574060421965614]
############## VALIDATION LOSS ############## 
[0.3135607759742176, 0.11879002784981448, 0.1433290571850889, 0.04030912479057031, 0.05782238821334699, 0.10198546222904149, 0.036058303954846715, 0.054351863122599965, 0.08109534093562294, 0.05299884124713786, 0.028416748432552114, 0.027503847089760444, 0.023789210190229556, 0.030524662860176143, 0.03110983973259435, 0.023794985321514747, 0.0238504202433807, 0.021858394200749257, 0.022099781945786056, 0.01936319303315352, 0.02061731110819999, 0.022772928699851036, 0.023181837764294708, 0.016863201333976844, 0.018579970689161736, 0.024364160099888548, 0.022002805791356984, 0.017848786459687876, 0.015441072830820786, 0.01789983334567617, 0.022354516940300957, 0.016940854352844113, 0.022269470151513815, 0.02283872600973529]
############## TEST LOSS ############## 
0.028375029462304982
############## TRAIN MEAN_IOU ############## 
[0.46722569397172414, 0.508534153772367, 0.5855481983036608, 0.6411666922472619, 0.6861510852704177, 0.7164323430609059, 0.7359127502989125, 0.7559313484140344, 0.764528597126136, 0.7728330211059468, 0.7833227728669708, 0.7896341230418231, 0.7973954609116992, 0.8028613328933716, 0.8069981058707109, 0.8113025938336914, 0.8154041916131973, 0.8197310591066206, 0.8233390909594458, 0.8276593717368873, 0.8319528163284868, 0.8358880857358107, 0.8394289922875326, 0.8427157168452805, 0.8448490701817177, 0.847205587738269, 0.8491909773768606, 0.8509468706072988, 0.8531331802542145, 0.855519096593599, 0.8570267449359636, 0.8584462468688553, 0.8599258024950285, 0.861858998198767]
############## VALIDATION MEAN_IOU ############## 
[0.48355111655066996, 0.5485122764811796, 0.619577895192539, 0.665447077330421, 0.70222008228302, 0.7272473503561581, 0.7464281180325676, 0.7641885631224689, 0.7676393494886511, 0.7780468393774593, 0.788198965437272, 0.793408989906311, 0.801262427778805, 0.8061425335267011, 0.8088268707780277, 0.8144534335416906, 0.8174456568325267, 0.8221685009844163, 0.8254856887985679, 0.8298554245163413, 0.8339676646625295, 0.8376640186590307, 0.841088147724376, 0.8443254898576176, 0.8462627109359292, 0.8485782742500305, 0.8501525310909047, 0.8520302807583529, 0.854335721801309, 0.8566726481213289, 0.8579857910380644, 0.8593159072539386, 0.8609186410903931, 0.8628027404055876]
############## TEST MEAN_IOU ############## 
0.8632347742716472
