############## TRAIN LOSS ############## 
[0.1779861692339182, 0.11193233287918407, 0.058157383149640786, 0.04621258995344711, 0.0332238613627851, 0.04132690658868366, 0.042782323466412524, 0.02554494219303534, 0.06365658867021871, 0.03827514636607186, 0.031776261503329954, 0.022624108525043405, 0.04717018556579746, 0.036002422903186164, 0.022894314811187418, 0.02137831153310332, 0.02743899552906687, 0.0324845221397039, 0.02910097484237741, 0.020598090738309798, 0.026353873268424255, 0.029478729192821962, 0.03503873341754582, 0.029436036541655258, 0.023224202151460625, 0.01985839574056602, 0.02344768141346002, 0.02096622223600846, 0.019079697972818, 0.02253745526163461, 0.01753838555383924, 0.01827241645534397, 0.024706266326452227]
############## VALIDATION LOSS ############## 
[0.38656792219947367, 0.1499255996416597, 0.09767913511570762, 0.04130397676764166, 0.06319789785672636, 0.04340280992362429, 0.028041074271587765, 0.026133837753578144, 0.04031083678059718, 0.08119691426263136, 0.030453331768512726, 0.03996834553339902, 0.020300739992629078, 0.039953633814173585, 0.022715607329326516, 0.02002967902294853, 0.028532172114971804, 0.02092074216617381, 0.022206092582029456, 0.01774361896712114, 0.01791453473817776, 0.029864276594975415, 0.06284881383180618, 0.017174698549377566, 0.019121425527641, 0.024088716079645297, 0.024233084445928827, 0.015936171526418012, 0.016431567505659425, 0.018830760847777128, 0.024478381033986807, 0.018783158567898414, 0.02199753121856381]
############## TEST LOSS ############## 
0.029742887593580014
############## TRAIN MEAN_IOU ############## 
[0.46690369437675217, 0.4910224680159543, 0.5425636361579638, 0.6046273092160354, 0.6541678031554093, 0.685634634382016, 0.7082780257270143, 0.7306097049165416, 0.7390915864222759, 0.7468566419305028, 0.7571988387687786, 0.768388564924936, 0.7748142674162581, 0.7805985284818185, 0.7882462111679284, 0.7958748074802192, 0.8019513137437202, 0.8067678350049097, 0.8108392535029231, 0.8160338929376086, 0.820112360490335, 0.8235186974744539, 0.8258767703900466, 0.8280559323123984, 0.8313071413620098, 0.8347471291954452, 0.8378274964319693, 0.8401083877763232, 0.8426773938778285, 0.8450925112576098, 0.8476465722999057, 0.8499316883248251, 0.8517173117882496]
############## VALIDATION MEAN_IOU ############## 
[0.4799916744232178, 0.5077695180388058, 0.5801560528138104, 0.6308044125052059, 0.6734406316981596, 0.7000221995746388, 0.719831670031828, 0.7402571720235488, 0.7425336592337665, 0.7526540545856252, 0.7627854838090784, 0.7736921415609472, 0.7787063191918766, 0.7842650869313408, 0.7921969820471371, 0.7996040302164414, 0.8051349625867956, 0.8092655784943524, 0.8135174407678492, 0.8184076021699345, 0.822262588669272, 0.8253548285540413, 0.8273729646907133, 0.829751680879032, 0.8330584413865033, 0.8363191871082082, 0.838860438150518, 0.8413792743402368, 0.8439896141781527, 0.8463752760606653, 0.8488619643099168, 0.8510418884894427, 0.8528070449829102]
############## TEST MEAN_IOU ############## 
0.853563828901811
