############## TRAIN LOSS ############## 
[0.1873598720979046, 0.11233834892108634, 0.05967712807594924, 0.040803201641333664, 0.05286156764329487, 0.044667136433811205, 0.051384980570071855, 0.02578861320491981, 0.02581287084801777, 0.03595127481212084, 0.027350193820893764, 0.023509185915384943, 0.02829656218228912, 0.039727704108667536, 0.022862397933479498, 0.023937174927669804, 0.02097551815362798, 0.0215764643397887, 0.037002949714283084, 0.03425766226231448, 0.025798978762248077, 0.035006638729592435, 0.022298079213706423]
############## VALIDATION LOSS ############## 
[0.15060018528910243, 0.1342926156871459, 0.0869156976833063, 0.051375562544254696, 0.07471459446584477, 0.0333301529616994, 0.03690131972817814, 0.02589033913853414, 0.06516212991931859, 0.08975486873703845, 0.030826856875244307, 0.07255492326529588, 0.02449312893783345, 0.031058835413526085, 0.049294758314157236, 0.024530618670670426, 0.021076015087173265, 0.017491846975377378, 0.022147601908620668, 0.02123502718613428, 0.02007927422356956, 0.020180630853728336, 0.02088463503648253]
############## TEST LOSS ############## 
0.024918888362519667
############## TRAIN MEAN_IOU ############## 
[0.46660118570198883, 0.4836976155638695, 0.5310940490783872, 0.6024566973383362, 0.6456853884297449, 0.6759490725156423, 0.6968546175473446, 0.7204066889511572, 0.7401981704138421, 0.7521142862938546, 0.7640460234236073, 0.7748644227111662, 0.784075477236026, 0.7885340125979604, 0.7956714058244551, 0.8015718822543686, 0.8079579230901357, 0.8138725242099246, 0.817129905562143, 0.8197665464233708, 0.8233334176443718, 0.8262446740189114, 0.8295968098414911]
############## VALIDATION MEAN_IOU ############## 
[0.4755820158649893, 0.49930773412480073, 0.5720497685320237, 0.63104449300205, 0.6629170039120842, 0.6908082856851465, 0.7089292792712941, 0.7310218635727378, 0.7480761794482961, 0.7586436446975259, 0.7695537034203025, 0.7797714296509238, 0.7875207171720617, 0.7919396126971525, 0.7989145166733685, 0.8048495404860553, 0.8110320848577163, 0.8166048772194806, 0.8191683572881362, 0.8217185174717623, 0.8253910997334648, 0.8277622987242306, 0.8313189815072453]
############## TEST MEAN_IOU ############## 
0.8324420112552064
