############## TRAIN LOSS ############## 
[0.2059576834577161, 0.13505648187286146, 0.1200822250464478, 0.07422191420620358, 0.048028329865553894, 0.04688480519060347, 0.04326961224118399, 0.04096827638411039, 0.028776246506871807, 0.02518916521473108, 0.041743704098956405, 0.02560430419681644, 0.04082429930693596, 0.027152806702950918, 0.03886410557488735, 0.02602590884182703, 0.021459688243733066, 0.02069986763888517, 0.02918105591340242, 0.024887316369426413, 0.024169041683922546, 0.025143388967105263, 0.02000350125977216, 0.019816270947607385, 0.019288524173552524, 0.028528150860094338, 0.027943130960134236, 0.019878789747914148, 0.019474712367219902]
############## VALIDATION LOSS ############## 
[0.2576605870443232, 0.32835227689322305, 0.16548136797021418, 0.1048900623093633, 0.10855762463282137, 0.05914116672733251, 0.050363185212892646, 0.034152590067071074, 0.07502118673394709, 0.049854934763382465, 0.04789061362252516, 0.05628964929457973, 0.03056098712498651, 0.029449330040198916, 0.03004937175223056, 0.024984809926108402, 0.026153413031031105, 0.02024654411327313, 0.024574842523126042, 0.020216635894030333, 0.10052656163187589, 0.030478643143878263, 0.07657586169593475, 0.015849292086546913, 0.017489408718093354, 0.037683801232453656, 0.026609375415479437, 0.02481024183661622, 0.019493224948425505]
############## TEST LOSS ############## 
0.026487343227773002
############## TRAIN MEAN_IOU ############## 
[0.4662643276356362, 0.4745368564853797, 0.4831355308761468, 0.5081583164833687, 0.5582419827177718, 0.5980984057123596, 0.6300226304982159, 0.6574289766517846, 0.6823834345952885, 0.7025419340745823, 0.7171669896389987, 0.7308463522711316, 0.7410708641683733, 0.7508695218208674, 0.7587458910168828, 0.7668794192172386, 0.7754291275868544, 0.7831725389570803, 0.7892398560369337, 0.7952650290083241, 0.8007652828016797, 0.8049389067533854, 0.8094499058820106, 0.8135379581032572, 0.8177880725345096, 0.8210858070367092, 0.8242655867660368, 0.827214763776676, 0.8300289145192584]
############## VALIDATION MEAN_IOU ############## 
[0.4742879183853374, 0.4790422443081351, 0.4896000167902778, 0.5319983748828664, 0.5807726593578563, 0.6167032122612, 0.6463845652692458, 0.6707245076403898, 0.6929958182222703, 0.7117580035153557, 0.724036949522355, 0.7371863512431874, 0.7462505102157593, 0.7561425917288837, 0.7629492493236766, 0.7713999432675979, 0.7793853247866911, 0.7867007395800423, 0.7925509950693916, 0.7980818467981675, 0.8028910615864921, 0.807169984368717, 0.8115609849200529, 0.8157091666670406, 0.8197639865033767, 0.8228935739573311, 0.8255919779048246, 0.8286667150609633, 0.83159379047506]
############## TEST MEAN_IOU ############## 
0.8326668511737477
