############## TRAIN LOSS ############## 
[0.20261481132458997, 0.16296910927505107, 0.1084269559061205, 0.06483541874567399, 0.04568037721706, 0.04903484577615116, 0.03293711836827365, 0.0355523004561562, 0.03598336293362081, 0.024792964727542288, 0.02560768719460513, 0.04351823878902439, 0.02775737496621504, 0.02455957014919133, 0.033017823818718664, 0.02357042917503497]
############## VALIDATION LOSS ############## 
[0.18498962284887538, 0.1961279397501665, 0.1904507849146338, 0.16696954781518264, 0.09314576602157425, 0.2098674962625784, 0.05894194652929025, 0.052321945810142684, 0.0836378547417767, 0.08881047105087954, 0.02467428832588827, 0.041262653163250756, 0.08974247381967657, 0.034978747806128335, 0.07116464952773907, 0.031181021976996872]
############## TEST LOSS ############## 
0.03530229166375868
############## TRAIN MEAN_IOU ############## 
[0.46816227665624105, 0.4765433534174352, 0.48002239195881663, 0.5175697795442633, 0.5686037786103584, 0.6076015809903274, 0.639728928337226, 0.6683586312306894, 0.6901130446711102, 0.7085127254595628, 0.7250479149657327, 0.7355283003401112, 0.7469463606138487, 0.7570549837640814, 0.7659067580023328, 0.7737073249913551]
############## VALIDATION MEAN_IOU ############## 
[0.47780702745213227, 0.47590581459157605, 0.4931822647066677, 0.5444705065558938, 0.5922961059738608, 0.6254216046894298, 0.656057547120487, 0.6805971825824064, 0.6996891989427454, 0.7173671126365662, 0.7322634739034316, 0.7412259754012612, 0.752138449865229, 0.7619959852274727, 0.7698842777925379, 0.7779339692171883]
############## TEST MEAN_IOU ############## 
0.78005015669447
