############## TRAIN LOSS ############## 
[0.17808356674740444, 0.09119254088885076, 0.05903920492258023, 0.0470973937331724, 0.03540281400814451, 0.030562676369791496, 0.04740284619903242, 0.045556580779973314, 0.0456463683371407, 0.03135030395728913, 0.023798155982198345, 0.023665904797412252, 0.022934637196059968, 0.03513748950727687, 0.04861512286840258, 0.04291703278274351, 0.023440579273360403, 0.023992060463422456, 0.03649769365359601, 0.04261164771820847, 0.03638483667305696, 0.02590787783265114, 0.02047329952600538]
############## VALIDATION LOSS ############## 
[0.29871611823053923, 0.07085356686045141, 0.0705757653888534, 0.038093931589494735, 0.05141661294242915, 0.04597780596026603, 0.03185193651520154, 0.06206450501785559, 0.08380215812255354, 0.03974895836675868, 0.026057045002851414, 0.03964272371548064, 0.031069169314030337, 0.03252594945404459, 0.02375198298079126, 0.05880343190887395, 0.034468153272481525, 0.020779562319683677, 0.02822311600560651, 0.02530558856532854, 0.02422229288255467, 0.024582589373869056, 0.022496321101618165]
############## TEST LOSS ############## 
0.02571842862349568
############## TRAIN MEAN_IOU ############## 
[0.4671206413894086, 0.5018586862731624, 0.5708729238123507, 0.6310333754565265, 0.6758226764363211, 0.7080466316358464, 0.7260168698188421, 0.7406836393717173, 0.750979903179246, 0.7607358686021857, 0.7727456858029237, 0.7835388727284767, 0.7923111134284252, 0.797977756809544, 0.8013682244597254, 0.8039047581118506, 0.8083176479951756, 0.813423719760534, 0.816481949107067, 0.8182358359162872, 0.8202174144822199, 0.8237128386626372, 0.8276969395779274]
############## VALIDATION MEAN_IOU ############## 
[0.4799481121932759, 0.5392866239828222, 0.607997757547042, 0.6548915750840131, 0.6927005578489864, 0.7210119401707369, 0.7359949771095725, 0.7475225855322445, 0.7555817435769474, 0.7666717732653898, 0.7783789178904366, 0.7880165296442369, 0.7963055863099939, 0.8012050355181974, 0.8032637238502502, 0.8058689131456263, 0.8111072077470667, 0.8158533047227299, 0.8181475015247569, 0.8197333006297841, 0.822033521007089, 0.8257655466304106, 0.8294943536029142]
############## TEST MEAN_IOU ############## 
0.8304049311262188
