############## TRAIN LOSS ############## 
[0.20233826198287913, 0.1376797548319037, 0.0859277547916045, 0.0479035926856906, 0.0539175064391079, 0.03344944281176337, 0.02910684042207494, 0.09888269010352323, 0.06044704552009903, 0.04821854907817937, 0.052259923600767914, 0.03499518494071389, 0.04290071373327157, 0.026297284353121713, 0.0335535901674145, 0.029792295139584993, 0.032111775708963744, 0.049361100860846205, 0.029262467482555156, 0.04416593829346065, 0.035304477740381215, 0.02623769793206373, 0.04440641138274726]
############## VALIDATION LOSS ############## 
[0.1866743165780516, 0.35096075079020334, 0.10405575505950872, 0.18475525738561854, 0.1460693912471042, 0.08375448591130621, 0.08498346937053344, 0.12787037211305954, 0.0976060981697896, 0.21235286838868084, 0.05827561097548289, 0.06435851873282124, 0.030839991536648834, 0.024404574788230306, 0.04175272348391659, 0.02432816267451819, 0.023771835107575443, 0.021868671728845906, 0.0360670045894735, 0.027108752990470213, 0.04270628001540899, 0.022793603074901244, 0.023449616287561023]
############## TEST LOSS ############## 
0.03065258874134584
############## TRAIN MEAN_IOU ############## 
[0.4668890181425455, 0.47559927383790146, 0.5005714981942564, 0.5610548688753231, 0.6085700062481133, 0.6441786454336064, 0.6740928936649013, 0.6829132453815357, 0.6839399325686533, 0.6936668801952053, 0.7016480561043765, 0.7122325277006304, 0.7208434806482212, 0.7311892871921127, 0.7397862709051853, 0.747100321827708, 0.7544138206017984, 0.758542752346477, 0.7636278267647769, 0.7676068081243618, 0.7705082736305289, 0.77535927215138, 0.7779918719787855]
############## VALIDATION MEAN_IOU ############## 
[0.4743841237881604, 0.4837627200519337, 0.529584527015686, 0.5915074138080373, 0.6269508179496316, 0.6605157957357519, 0.6878182572477004, 0.6837934921769535, 0.6896425801164964, 0.7002892564324772, 0.7073940810035256, 0.7181881070137024, 0.7257669357692494, 0.7365447387975805, 0.7440124925445107, 0.7517832272193011, 0.7585015963105595, 0.7611181139945984, 0.7670113830005422, 0.7701812456635868, 0.7727862105650061, 0.7778121688786674, 0.7796106759239646]
############## TEST MEAN_IOU ############## 
0.7811188087318883
