############## TRAIN LOSS ############## 
[0.17838204823232987, 0.09989283777572014, 0.09944622127993687, 0.0590327488686386, 0.055281263052460713, 0.05333454082594127, 0.036247563183408334, 0.03716939133969513, 0.02775955029033326, 0.02777875418069999, 0.025667423879526353, 0.03485669339126026, 0.04058330918888788, 0.024376558605581522, 0.02285199940229791, 0.022772381315007806, 0.020590254067871218, 0.03575653885491192, 0.04000591303574274, 0.026286224847206392, 0.021043907413636712, 0.026733340613695013, 0.020352921807333023, 0.019562258498390783, 0.02708245685475098, 0.019128958398878976, 0.022098106476855842, 0.031475245518408516, 0.018125347053707653, 0.03815002618609248, 0.029107700278227393, 0.01859644238484671, 0.020146561393237394, 0.018813095165643137, 0.02347655570436571, 0.025055980677968142, 0.017595093130964686, 0.017657840237449353, 0.02667080077682496, 0.023994861560798175, 0.038554979557473515, 0.02342836877230454, 0.02828429197590496]
############## VALIDATION LOSS ############## 
[0.3135062640204149, 0.10284563986694112, 0.09573993437430438, 0.05999335328883985, 0.0836593480232884, 0.05509799171020003, 0.03729044415933244, 0.025242110988234773, 0.0478212323916309, 0.03588927739902454, 0.02843136904651628, 0.03899771385990521, 0.024932387613636607, 0.037679445655906904, 0.022829717408646557, 0.021381147041478577, 0.023165147614610547, 0.023252037189462605, 0.023714429698884487, 0.024048120386021977, 0.020282482399659997, 0.021836113212082314, 0.019885071224587804, 0.01820784467546379, 0.02236148780759643, 0.02476236257044708, 0.02378680735059521, 0.018060661331914803, 0.017785274149740442, 0.023224950905012733, 0.019928971579407945, 0.018349951434442225, 0.028955680729054353, 0.016330668538370553, 0.01685494346105877, 0.02063385249279878, 0.016233586624045584, 0.015941815971232513, 0.017993384150459486, 0.02145300493301714, 0.019160873886636075, 0.016556791249005234, 0.031105372452122325]
############## TEST LOSS ############## 
0.03860663601169081
############## TRAIN MEAN_IOU ############## 
[0.4671024327745309, 0.4931192599438332, 0.524099187271015, 0.5721118369617978, 0.6162140369415283, 0.64922764454339, 0.6749817588039346, 0.6983695432946488, 0.7193666954298277, 0.7357649835380348, 0.7504205546669058, 0.7607592887975074, 0.7675187185003951, 0.7762685063722972, 0.7845542157018507, 0.7921025402642585, 0.7991213375652159, 0.803781625386831, 0.8062370419502258, 0.8103517491269756, 0.8149576082422927, 0.8189017841139355, 0.8227029656236237, 0.8264820539468044, 0.8291836010443198, 0.8325022785244761, 0.8356627169493083, 0.8371779133339186, 0.8396983203050252, 0.8410925828927273, 0.8418339881542567, 0.8440761316466976, 0.846449422272476, 0.8484198358413335, 0.8503296274591137, 0.8519263384309975, 0.8537273644595533, 0.8555923631867847, 0.8568486361890226, 0.8581470722282255, 0.8584138908096262, 0.8594054559598098, 0.8603008147832509]
############## VALIDATION MEAN_IOU ############## 
[0.4793790666496052, 0.5195040317142711, 0.5475344728021061, 0.599024821730221, 0.6366065214661991, 0.6629002234515022, 0.689122711910921, 0.7091544901623446, 0.7283032957245322, 0.7435895625282737, 0.7567703899215249, 0.7655908570570105, 0.7719670534133911, 0.7805187526871177, 0.7885128154474146, 0.7957854937104618, 0.8024260191356435, 0.8060106845463023, 0.8085509363342734, 0.8127012708607841, 0.8171592495020699, 0.8207152170293471, 0.8246004265897414, 0.8282830855425667, 0.8307270337553585, 0.8341582627857432, 0.8368818163871765, 0.8383327897857217, 0.841102354666766, 0.8417181162273183, 0.8429062261300928, 0.8452892829390133, 0.847438840305104, 0.8495170614298653, 0.8513452831436606, 0.8527855277061462, 0.8546824630569009, 0.8565156109192792, 0.8576790269683389, 0.8589192769106697, 0.8589479467448067, 0.8601590254727531, 0.8609014749526978]
############## TEST MEAN_IOU ############## 
0.8607298179106279
